param SUPP1 :=
1    5537
2    -79
3    -89
4    -84
5    -76
6    -76
7    -72
8    -93
9    -80
10    -98
11    -71
12    -86
13    -76
14    -91
15    -95
16    -113
17    -84
18    -100
19    -101
20    -109
21    -113
22    -88
23    -85
24    -71
25    -76
26    -95
27    -60
28    -94
29    -89
30    -65
31    -79
32    -96
33    -99
34    -79
35    -89
36    -97
37    -76
38    -71
39    -65
40    -99
41    -71
42    -93
43    -81
44    -104
45    -92
46    -92
47    -85
48    -93
49    -89
50    -84
51    -106
52    -71
53    -85
54    -105
55    -90
56    -110
57    -78
58    -95
59    -108
60    -87
61    -107
62    -77
63    -92
64    -83
;
param SUPP2 :=
1    -84
2    5571
3    -73
4    -96
5    -98
6    -98
7    -71
8    -90
9    -93
10    -87
11    -96
12    -91
13    -103
14    -97
15    -98
16    -92
17    -99
18    -78
19    -84
20    -112
21    -84
22    -85
23    -83
24    -104
25    -82
26    -66
27    -101
28    -91
29    -103
30    -79
31    -99
32    -104
33    -84
34    -90
35    -97
36    -95
37    -84
38    -66
39    -84
40    -89
41    -84
42    -87
43    -80
44    -80
45    -101
46    -100
47    -75
48    -78
49    -84
50    -81
51    -98
52    -85
53    -84
54    -92
55    -78
56    -94
57    -80
58    -91
59    -74
60    -86
61    -74
62    -103
63    -76
64    -96
;
param SUPP3 :=
1    -85
2    -83
3    5403
4    -82
5    -83
6    -87
7    -87
8    -77
9    -88
10    -82
11    -89
12    -96
13    -82
14    -78
15    -88
16    -94
17    -96
18    -97
19    -93
20    -73
21    -88
22    -67
23    -110
24    -85
25    -91
26    -91
27    -71
28    -98
29    -61
30    -89
31    -88
32    -79
33    -95
34    -88
35    -95
36    -66
37    -101
38    -87
39    -73
40    -106
41    -108
42    -65
43    -86
44    -75
45    -92
46    -79
47    -75
48    -79
49    -78
50    -86
51    -84
52    -77
53    -84
54    -100
55    -84
56    -91
57    -95
58    -91
59    -74
60    -78
61    -89
62    -86
63    -90
64    -88
;
param SUPP4 :=
1    -86
2    -98
3    -85
4    5504
5    -112
6    -80
7    -93
8    -108
9    -63
10    -84
11    -77
12    -94
13    -79
14    -98
15    -89
16    -80
17    -84
18    -87
19    -78
20    -97
21    -100
22    -104
23    -84
24    -83
25    -77
26    -90
27    -79
28    -90
29    -85
30    -76
31    -94
32    -107
33    -88
34    -85
35    -87
36    -87
37    -91
38    -96
39    -79
40    -81
41    -78
42    -95
43    -93
44    -80
45    -88
46    -94
47    -99
48    -76
49    -86
50    -71
51    -89
52    -88
53    -84
54    -78
55    -73
56    -90
57    -89
58    -87
59    -74
60    -92
61    -93
62    -92
63    -84
64    -96
;
param SUPP5 :=
1    -91
2    -98
3    -72
4    -70
5    5540
6    -99
7    -96
8    -90
9    -101
10    -72
11    -92
12    -94
13    -88
14    -83
15    -81
16    -79
17    -96
18    -94
19    -78
20    -86
21    -82
22    -80
23    -91
24    -82
25    -94
26    -84
27    -86
28    -89
29    -111
30    -92
31    -78
32    -84
33    -93
34    -77
35    -89
36    -83
37    -106
38    -78
39    -92
40    -77
41    -81
42    -70
43    -105
44    -101
45    -103
46    -91
47    -84
48    -78
49    -83
50    -88
51    -84
52    -84
53    -90
54    -92
55    -100
56    -86
57    -87
58    -89
59    -86
60    -83
61    -89
62    -97
63    -105
64    -76
;
param SUPP6 :=
1    -101
2    -89
3    -93
4    -74
5    -89
6    5545
7    -80
8    -107
9    -82
10    -90
11    -79
12    -94
13    -91
14    -96
15    -97
16    -93
17    -90
18    -76
19    -98
20    -72
21    -86
22    -92
23    -71
24    -107
25    -99
26    -92
27    -83
28    -97
29    -82
30    -104
31    -77
32    -92
33    -100
34    -94
35    -83
36    -84
37    -94
38    -81
39    -94
40    -76
41    -84
42    -72
43    -90
44    -113
45    -90
46    -80
47    -97
48    -83
49    -85
50    -76
51    -80
52    -93
53    -76
54    -61
55    -78
56    -99
57    -84
58    -76
59    -96
60    -76
61    -82
62    -97
63    -94
64    -104
;
param SUPP7 :=
1    -95
2    -82
3    -99
4    -95
5    -90
6    -90
7    5624
8    -94
9    -73
10    -97
11    -76
12    -83
13    -87
14    -100
15    -87
16    -88
17    -87
18    -110
19    -90
20    -97
21    -81
22    -99
23    -95
24    -83
25    -91
26    -90
27    -79
28    -91
29    -71
30    -89
31    -91
32    -85
33    -88
34    -77
35    -92
36    -95
37    -98
38    -78
39    -92
40    -90
41    -108
42    -87
43    -99
44    -74
45    -92
46    -93
47    -97
48    -87
49    -113
50    -92
51    -81
52    -106
53    -84
54    -92
55    -91
56    -87
57    -77
58    -61
59    -86
60    -82
61    -98
62    -74
63    -87
64    -101
;
param SUPP8 :=
1    -77
2    -89
3    -101
4    -91
5    -95
6    -83
7    -85
8    5479
9    -97
10    -87
11    -92
12    -88
13    -89
14    -76
15    -66
16    -88
17    -103
18    -79
19    -86
20    -90
21    -68
22    -98
23    -76
24    -81
25    -86
26    -87
27    -101
28    -79
29    -99
30    -75
31    -91
32    -110
33    -86
34    -93
35    -84
36    -101
37    -83
38    -79
39    -79
40    -77
41    -87
42    -82
43    -92
44    -79
45    -89
46    -90
47    -87
48    -85
49    -88
50    -110
51    -82
52    -78
53    -91
54    -75
55    -105
56    -78
57    -89
58    -89
59    -98
60    -90
61    -95
62    -84
63    -71
64    -70
;
param SUPP9 :=
1    -92
2    -80
3    -79
4    -97
5    -85
6    -119
7    -109
8    -90
9    5567
10    -77
11    -88
12    -80
13    -80
14    -83
15    -84
16    -89
17    -75
18    -112
19    -93
20    -89
21    -86
22    -56
23    -100
24    -87
25    -88
26    -97
27    -83
28    -82
29    -87
30    -92
31    -86
32    -93
33    -102
34    -92
35    -100
36    -92
37    -84
38    -80
39    -89
40    -75
41    -111
42    -81
43    -57
44    -89
45    -98
46    -103
47    -72
48    -83
49    -79
50    -97
51    -95
52    -87
53    -84
54    -92
55    -81
56    -81
57    -99
58    -67
59    -92
60    -86
61    -81
62    -99
63    -104
64    -97
;
param SUPP10 :=
1    -71
2    -89
3    -75
4    -72
5    -72
6    -84
7    -93
8    -75
9    -87
10    5482
11    -108
12    -84
13    -90
14    -69
15    -86
16    -88
17    -76
18    -101
19    -82
20    -87
21    -79
22    -101
23    -106
24    -103
25    -83
26    -85
27    -85
28    -76
29    -101
30    -95
31    -82
32    -94
33    -88
34    -79
35    -75
36    -92
37    -107
38    -102
39    -90
40    -67
41    -87
42    -78
43    -74
44    -85
45    -84
46    -103
47    -82
48    -90
49    -108
50    -82
51    -85
52    -77
53    -88
54    -82
55    -80
56    -85
57    -102
58    -80
59    -76
60    -94
61    -98
62    -111
63    -98
64    -74
;
param SUPP11 :=
1    -87
2    -93
3    -110
4    -100
5    -101
6    -87
7    -95
8    -88
9    -88
10    -86
11    5581
12    -89
13    -112
14    -78
15    -89
16    -82
17    -91
18    -97
19    -90
20    -85
21    -80
22    -74
23    -80
24    -95
25    -83
26    -91
27    -85
28    -88
29    -94
30    -90
31    -99
32    -90
33    -72
34    -86
35    -79
36    -87
37    -75
38    -64
39    -108
40    -96
41    -85
42    -109
43    -96
44    -85
45    -87
46    -82
47    -90
48    -81
49    -84
50    -99
51    -90
52    -82
53    -86
54    -69
55    -99
56    -82
57    -80
58    -94
59    -93
60    -91
61    -95
62    -70
63    -85
64    -103
;
param SUPP12 :=
1    -96
2    -59
3    -84
4    -80
5    -87
6    -77
7    -81
8    -67
9    -81
10    -76
11    -86
12    5479
13    -102
14    -99
15    -73
16    -107
17    -105
18    -81
19    -87
20    -80
21    -66
22    -81
23    -93
24    -92
25    -86
26    -84
27    -89
28    -92
29    -85
30    -84
31    -100
32    -82
33    -97
34    -90
35    -80
36    -76
37    -68
38    -80
39    -115
40    -74
41    -88
42    -77
43    -95
44    -82
45    -91
46    -93
47    -92
48    -112
49    -100
50    -104
51    -95
52    -86
53    -67
54    -92
55    -103
56    -82
57    -77
58    -82
59    -86
60    -81
61    -107
62    -101
63    -72
64    -92
;
param SUPP13 :=
1    -79
2    -78
3    -80
4    -98
5    -77
6    -91
7    -96
8    -83
9    -75
10    -95
11    -98
12    -90
13    5629
14    -87
15    -91
16    -82
17    -88
18    -90
19    -71
20    -93
21    -83
22    -88
23    -90
24    -86
25    -88
26    -87
27    -100
28    -102
29    -103
30    -87
31    -107
32    -97
33    -82
34    -104
35    -90
36    -82
37    -81
38    -69
39    -89
40    -102
41    -78
42    -112
43    -100
44    -98
45    -74
46    -95
47    -74
48    -103
49    -85
50    -92
51    -88
52    -104
53    -110
54    -77
55    -85
56    -84
57    -95
58    -74
59    -67
60    -94
61    -87
62    -96
63    -100
64    -98
;
param SUPP14 :=
1    -93
2    -108
3    -93
4    -105
5    -78
6    -108
7    -100
8    -79
9    -95
10    -88
11    -69
12    -93
13    -93
14    5581
15    -89
16    -81
17    -88
18    -79
19    -76
20    -100
21    -81
22    -92
23    -85
24    -95
25    -83
26    -100
27    -92
28    -83
29    -89
30    -75
31    -93
32    -104
33    -86
34    -94
35    -96
36    -97
37    -106
38    -75
39    -91
40    -59
41    -89
42    -65
43    -88
44    -122
45    -100
46    -64
47    -75
48    -77
49    -99
50    -116
51    -83
52    -86
53    -87
54    -80
55    -94
56    -101
57    -79
58    -87
59    -87
60    -89
61    -83
62    -91
63    -73
64    -75
;
param SUPP15 :=
1    -68
2    -100
3    -97
4    -102
5    -79
6    -79
7    -80
8    -80
9    -82
10    -85
11    -79
12    -82
13    -84
14    -86
15    5487
16    -84
17    -79
18    -77
19    -98
20    -82
21    -77
22    -92
23    -89
24    -74
25    -76
26    -95
27    -110
28    -86
29    -91
30    -81
31    -93
32    -101
33    -84
34    -85
35    -84
36    -78
37    -91
38    -94
39    -86
40    -74
41    -86
42    -90
43    -90
44    -85
45    -74
46    -107
47    -99
48    -83
49    -85
50    -90
51    -87
52    -100
53    -105
54    -83
55    -71
56    -85
57    -84
58    -83
59    -102
60    -74
61    -94
62    -105
63    -94
64    -87
;
param SUPP16 :=
1    -93
2    -115
3    -116
4    -76
5    -82
6    -98
7    -93
8    -80
9    -89
10    -102
11    -85
12    -94
13    -82
14    -100
15    -86
16    5578
17    -85
18    -70
19    -93
20    -79
21    -109
22    -94
23    -92
24    -84
25    -95
26    -94
27    -79
28    -92
29    -63
30    -95
31    -89
32    -85
33    -80
34    -81
35    -98
36    -76
37    -84
38    -99
39    -96
40    -101
41    -106
42    -90
43    -84
44    -93
45    -94
46    -87
47    -98
48    -110
49    -86
50    -91
51    -81
52    -85
53    -89
54    -86
55    -67
56    -82
57    -75
58    -88
59    -89
60    -63
61    -84
62    -93
63    -75
64    -78
;
param SUPP17 :=
1    -90
2    -86
3    -99
4    -92
5    -84
6    -92
7    -85
8    -89
9    -91
10    -75
11    -85
12    -85
13    -96
14    -106
15    -105
16    -81
17    5453
18    -76
19    -103
20    -98
21    -104
22    -83
23    -90
24    -100
25    -87
26    -93
27    -69
28    -87
29    -76
30    -89
31    -78
32    -87
33    -102
34    -84
35    -72
36    -79
37    -77
38    -74
39    -92
40    -83
41    -92
42    -80
43    -83
44    -79
45    -72
46    -101
47    -80
48    -91
49    -78
50    -80
51    -88
52    -77
53    -90
54    -95
55    -90
56    -90
57    -84
58    -85
59    -75
60    -94
61    -82
62    -80
63    -79
64    -84
;
param SUPP18 :=
1    -93
2    -84
3    -83
4    -92
5    -94
6    -86
7    -94
8    -104
9    -96
10    -94
11    -103
12    -85
13    -73
14    -92
15    -85
16    -86
17    -92
18    5589
19    -87
20    -78
21    -90
22    -93
23    -89
24    -79
25    -94
26    -64
27    -83
28    -87
29    -106
30    -92
31    -84
32    -96
33    -88
34    -94
35    -76
36    -108
37    -87
38    -76
39    -81
40    -92
41    -81
42    -104
43    -101
44    -101
45    -93
46    -79
47    -103
48    -88
49    -98
50    -75
51    -86
52    -87
53    -80
54    -92
55    -108
56    -82
57    -84
58    -81
59    -68
60    -84
61    -75
62    -109
63    -85
64    -85
;
param SUPP19 :=
1    -98
2    -98
3    -60
4    -89
5    -87
6    -82
7    -89
8    -70
9    -82
10    -99
11    -99
12    -80
13    -97
14    -80
15    -80
16    -81
17    -66
18    -83
19    5435
20    -78
21    -73
22    -88
23    -92
24    -90
25    -92
26    -99
27    -115
28    -88
29    -87
30    -88
31    -78
32    -76
33    -68
34    -70
35    -98
36    -75
37    -85
38    -92
39    -100
40    -96
41    -90
42    -85
43    -103
44    -82
45    -90
46    -91
47    -94
48    -69
49    -85
50    -89
51    -72
52    -96
53    -80
54    -76
55    -78
56    -91
57    -108
58    -79
59    -86
60    -92
61    -81
62    -100
63    -94
64    -76
;
param SUPP20 :=
1    -102
2    -57
3    -94
4    -100
5    -85
6    -75
7    -86
8    -81
9    -86
10    -87
11    -105
12    -97
13    -94
14    -94
15    -89
16    -68
17    -76
18    -84
19    -84
20    5419
21    -85
22    -100
23    -88
24    -77
25    -96
26    -103
27    -70
28    -85
29    -84
30    -87
31    -87
32    -84
33    -76
34    -82
35    -85
36    -78
37    -83
38    -93
39    -92
40    -81
41    -99
42    -74
43    -96
44    -85
45    -67
46    -78
47    -70
48    -108
49    -94
50    -87
51    -84
52    -58
53    -73
54    -112
55    -90
56    -89
57    -93
58    -79
59    -91
60    -80
61    -86
62    -107
63    -82
64    -77
;
param SUPP21 :=
1    -85
2    -82
3    -79
4    -107
5    -81
6    -76
7    -105
8    -87
9    -100
10    -70
11    -90
12    -93
13    -71
14    -78
15    -110
16    -102
17    -83
18    -91
19    -93
20    -95
21    5401
22    -80
23    -71
24    -84
25    -76
26    -70
27    -109
28    -79
29    -78
30    -84
31    -88
32    -83
33    -78
34    -100
35    -100
36    -83
37    -100
38    -88
39    -74
40    -83
41    -90
42    -78
43    -80
44    -95
45    -87
46    -86
47    -82
48    -85
49    -58
50    -90
51    -115
52    -83
53    -82
54    -96
55    -80
56    -72
57    -90
58    -83
59    -86
60    -79
61    -83
62    -66
63    -74
64    -95
;
param SUPP22 :=
1    -95
2    -96
3    -90
4    -96
5    -84
6    -84
7    -76
8    -73
9    -90
10    -86
11    -93
12    -72
13    -102
14    -71
15    -92
16    -81
17    -82
18    -98
19    -102
20    -106
21    -107
22    5520
23    -108
24    -93
25    -67
26    -84
27    -98
28    -91
29    -77
30    -87
31    -81
32    -93
33    -81
34    -102
35    -97
36    -97
37    -93
38    -72
39    -93
40    -91
41    -88
42    -90
43    -89
44    -89
45    -86
46    -99
47    -85
48    -76
49    -88
50    -87
51    -86
52    -90
53    -86
54    -78
55    -84
56    -87
57    -87
58    -77
59    -88
60    -81
61    -85
62    -65
63    -84
64    -84
;
param SUPP23 :=
1    -90
2    -100
3    -86
4    -104
5    -76
6    -81
7    -91
8    -79
9    -81
10    -80
11    -97
12    -84
13    -78
14    -91
15    -85
16    -81
17    -68
18    -73
19    -80
20    -86
21    -78
22    -97
23    5436
24    -69
25    -94
26    -87
27    -80
28    -86
29    -82
30    -76
31    -101
32    -82
33    -92
34    -98
35    -89
36    -85
37    -101
38    -78
39    -79
40    -97
41    -97
42    -87
43    -88
44    -103
45    -71
46    -78
47    -90
48    -78
49    -82
50    -89
51    -94
52    -98
53    -100
54    -88
55    -92
56    -79
57    -92
58    -72
59    -82
60    -82
61    -95
62    -88
63    -85
64    -84
;
param SUPP24 :=
1    -78
2    -80
3    -92
4    -84
5    -97
6    -75
7    -80
8    -99
9    -80
10    -90
11    -85
12    -82
13    -71
14    -90
15    -104
16    -80
17    -101
18    -88
19    -101
20    -86
21    -67
22    -77
23    -99
24    5577
25    -80
26    -100
27    -84
28    -95
29    -81
30    -104
31    -103
32    -100
33    -89
34    -83
35    -83
36    -78
37    -96
38    -71
39    -84
40    -87
41    -71
42    -109
43    -80
44    -81
45    -83
46    -102
47    -83
48    -98
49    -105
50    -91
51    -86
52    -103
53    -92
54    -70
55    -84
56    -97
57    -94
58    -103
59    -95
60    -100
61    -101
62    -90
63    -86
64    -69
;
param SUPP25 :=
1    -75
2    -93
3    -82
4    -79
5    -76
6    -100
7    -97
8    -77
9    -76
10    -87
11    -81
12    -77
13    -100
14    -111
15    -96
16    -91
17    -92
18    -92
19    -78
20    -97
21    -93
22    -93
23    -72
24    -88
25    5429
26    -83
27    -99
28    -74
29    -80
30    -79
31    -77
32    -78
33    -94
34    -80
35    -102
36    -92
37    -72
38    -106
39    -109
40    -87
41    -77
42    -92
43    -79
44    -75
45    -85
46    -110
47    -83
48    -88
49    -84
50    -75
51    -99
52    -66
53    -82
54    -74
55    -97
56    -83
57    -66
58    -85
59    -78
60    -88
61    -84
62    -95
63    -83
64    -86
;
param SUPP26 :=
1    -99
2    -89
3    -77
4    -87
5    -97
6    -93
7    -89
8    -67
9    -90
10    -92
11    -74
12    -90
13    -98
14    -73
15    -64
16    -66
17    -106
18    -94
19    -96
20    -94
21    -83
22    -95
23    -84
24    -63
25    -74
26    5499
27    -89
28    -86
29    -91
30    -92
31    -83
32    -93
33    -71
34    -74
35    -73
36    -128
37    -98
38    -102
39    -90
40    -76
41    -99
42    -83
43    -92
44    -81
45    -104
46    -93
47    -75
48    -84
49    -99
50    -98
51    -77
52    -90
53    -107
54    -69
55    -106
56    -82
57    -68
58    -95
59    -75
60    -70
61    -101
62    -114
63    -76
64    -81
;
param SUPP27 :=
1    -84
2    -86
3    -96
4    -89
5    -81
6    -76
7    -93
8    -98
9    -75
10    -88
11    -82
12    -82
13    -91
14    -76
15    -83
16    -78
17    -99
18    -84
19    -83
20    -109
21    -109
22    -100
23    -87
24    -90
25    -57
26    -93
27    5536
28    -114
29    -90
30    -88
31    -87
32    -73
33    -82
34    -84
35    -92
36    -66
37    -104
38    -104
39    -85
40    -97
41    -92
42    -78
43    -84
44    -100
45    -84
46    -93
47    -93
48    -87
49    -88
50    -76
51    -99
52    -84
53    -78
54    -84
55    -84
56    -86
57    -104
58    -75
59    -74
60    -92
61    -89
62    -91
63    -104
64    -82
;
param SUPP28 :=
1    -80
2    -106
3    -85
4    -73
5    -77
6    -75
7    -73
8    -97
9    -104
10    -83
11    -96
12    -84
13    -79
14    -93
15    -90
16    -108
17    -99
18    -78
19    -78
20    -80
21    -82
22    -91
23    -89
24    -89
25    -83
26    -80
27    -76
28    5471
29    -79
30    -69
31    -94
32    -101
33    -73
34    -77
35    -98
36    -79
37    -88
38    -79
39    -72
40    -85
41    -99
42    -73
43    -82
44    -76
45    -94
46    -77
47    -84
48    -88
49    -104
50    -108
51    -94
52    -85
53    -87
54    -73
55    -98
56    -91
57    -86
58    -90
59    -95
60    -92
61    -80
62    -90
63    -93
64    -110
;
param SUPP29 :=
1    -86
2    -78
3    -89
4    -96
5    -99
6    -82
7    -75
8    -91
9    -91
10    -88
11    -81
12    -82
13    -84
14    -97
15    -85
16    -89
17    -93
18    -84
19    -84
20    -86
21    -84
22    -78
23    -96
24    -74
25    -98
26    -73
27    -82
28    -83
29    5436
30    -81
31    -88
32    -71
33    -100
34    -83
35    -90
36    -87
37    -77
38    -101
39    -93
40    -70
41    -111
42    -82
43    -95
44    -104
45    -83
46    -80
47    -95
48    -98
49    -77
50    -74
51    -87
52    -90
53    -84
54    -90
55    -80
56    -77
57    -87
58    -69
59    -100
60    -91
61    -84
62    -75
63    -89
64    -85
;
param SUPP30 :=
1    -83
2    -78
3    -77
4    -92
5    -90
6    -95
7    -84
8    -68
9    -68
10    -90
11    -83
12    -72
13    -84
14    -89
15    -89
16    -107
17    -103
18    -89
19    -92
20    -93
21    -98
22    -101
23    -83
24    -86
25    -78
26    -108
27    -90
28    -98
29    -98
30    5537
31    -85
32    -72
33    -100
34    -86
35    -96
36    -81
37    -83
38    -101
39    -80
40    -88
41    -89
42    -85
43    -88
44    -88
45    -69
46    -73
47    -88
48    -80
49    -80
50    -96
51    -93
52    -88
53    -110
54    -84
55    -69
56    -91
57    -98
58    -97
59    -93
60    -88
61    -109
62    -73
63    -86
64    -84
;
param SUPP31 :=
1    -85
2    -88
3    -92
4    -87
5    -96
6    -78
7    -92
8    -73
9    -76
10    -79
11    -96
12    -69
13    -89
14    -107
15    -84
16    -83
17    -81
18    -97
19    -98
20    -98
21    -78
22    -92
23    -104
24    -80
25    -94
26    -73
27    -86
28    -89
29    -108
30    -71
31    5447
32    -78
33    -83
34    -96
35    -76
36    -83
37    -81
38    -86
39    -84
40    -92
41    -83
42    -98
43    -74
44    -81
45    -81
46    -93
47    -74
48    -71
49    -82
50    -106
51    -72
52    -87
53    -77
54    -80
55    -76
56    -108
57    -87
58    -87
59    -109
60    -89
61    -94
62    -87
63    -85
64    -84
;
param SUPP32 :=
1    -96
2    -77
3    -74
4    -80
5    -83
6    -94
7    -95
8    -85
9    -95
10    -78
11    -96
12    -89
13    -108
14    -70
15    -90
16    -98
17    -92
18    -68
19    -104
20    -75
21    -91
22    -104
23    -101
24    -92
25    -97
26    -101
27    -86
28    -85
29    -79
30    -105
31    -113
32    5596
33    -81
34    -86
35    -93
36    -105
37    -110
38    -88
39    -82
40    -87
41    -92
42    -103
43    -69
44    -92
45    -101
46    -78
47    -87
48    -93
49    -104
50    -81
51    -76
52    -88
53    -79
54    -78
55    -80
56    -89
57    -85
58    -86
59    -71
60    -83
61    -93
62    -85
63    -84
64    -86
;
param SUPP33 :=
1    -85
2    -98
3    -94
4    -83
5    -88
6    -97
7    -100
8    -89
9    -92
10    -100
11    -73
12    -102
13    -86
14    -78
15    -67
16    -116
17    -89
18    -77
19    -80
20    -73
21    -77
22    -76
23    -86
24    -99
25    -89
26    -100
27    -81
28    -82
29    -85
30    -105
31    -97
32    -110
33    5551
34    -87
35    -92
36    -88
37    -77
38    -84
39    -83
40    -85
41    -92
42    -101
43    -103
44    -80
45    -65
46    -66
47    -84
48    -74
49    -83
50    -89
51    -87
52    -86
53    -81
54    -101
55    -78
56    -108
57    -89
58    -81
59    -106
60    -90
61    -92
62    -85
63    -79
64    -101
;
param SUPP34 :=
1    -120
2    -99
3    -72
4    -98
5    -85
6    -104
7    -81
8    -68
9    -73
10    -104
11    -78
12    -71
13    -94
14    -89
15    -105
16    -95
17    -78
18    -81
19    -85
20    -100
21    -85
22    -77
23    -102
24    -84
25    -88
26    -83
27    -79
28    -92
29    -87
30    -82
31    -86
32    -100
33    -87
34    5453
35    -78
36    -78
37    -93
38    -82
39    -102
40    -88
41    -70
42    -95
43    -71
44    -72
45    -89
46    -81
47    -93
48    -86
49    -76
50    -84
51    -72
52    -76
53    -85
54    -95
55    -101
56    -78
57    -83
58    -91
59    -97
60    -75
61    -79
62    -86
63    -84
64    -101
;
param SUPP35 :=
1    -103
2    -77
3    -90
4    -91
5    -87
6    -95
7    -81
8    -91
9    -79
10    -86
11    -84
12    -113
13    -97
14    -114
15    -87
16    -132
17    -96
18    -90
19    -91
20    -92
21    -104
22    -75
23    -104
24    -84
25    -65
26    -103
27    -84
28    -91
29    -102
30    -97
31    -70
32    -84
33    -97
34    -73
35    5537
36    -85
37    -75
38    -85
39    -78
40    -86
41    -67
42    -75
43    -76
44    -66
45    -69
46    -106
47    -87
48    -88
49    -81
50    -93
51    -93
52    -89
53    -75
54    -96
55    -101
56    -74
57    -90
58    -82
59    -88
60    -78
61    -87
62    -91
63    -90
64    -77
;
param SUPP36 :=
1    -72
2    -89
3    -84
4    -80
5    -92
6    -67
7    -104
8    -92
9    -81
10    -90
11    -80
12    -80
13    -73
14    -97
15    -92
16    -72
17    -76
18    -93
19    -79
20    -102
21    -82
22    -97
23    -85
24    -91
25    -96
26    -92
27    -97
28    -94
29    -84
30    -87
31    -78
32    -69
33    -76
34    -96
35    -73
36    5398
37    -85
38    -84
39    -74
40    -81
41    -81
42    -83
43    -82
44    -99
45    -86
46    -90
47    -86
48    -88
49    -96
50    -95
51    -95
52    -95
53    -77
54    -84
55    -114
56    -73
57    -82
58    -87
59    -68
60    -75
61    -84
62    -110
63    -88
64    -64
;
param SUPP37 :=
1    -87
2    -75
3    -95
4    -78
5    -70
6    -92
7    -85
8    -92
9    -91
10    -89
11    -82
12    -92
13    -93
14    -76
15    -63
16    -80
17    -88
18    -98
19    -85
20    -88
21    -92
22    -102
23    -91
24    -71
25    -90
26    -100
27    -94
28    -90
29    -77
30    -88
31    -80
32    -81
33    -108
34    -94
35    -74
36    -84
37    5468
38    -87
39    -97
40    -84
41    -78
42    -83
43    -100
44    -94
45    -97
46    -77
47    -89
48    -63
49    -103
50    -88
51    -71
52    -89
53    -73
54    -86
55    -80
56    -89
57    -96
58    -83
59    -92
60    -100
61    -100
62    -84
63    -87
64    -83
;
param SUPP38 :=
1    -75
2    -97
3    -70
4    -81
5    -87
6    -92
7    -94
8    -90
9    -93
10    -78
11    -70
12    -78
13    -91
14    -68
15    -81
16    -82
17    -69
18    -85
19    -89
20    -77
21    -85
22    -99
23    -92
24    -67
25    -90
26    -108
27    -75
28    -74
29    -84
30    -96
31    -88
32    -89
33    -99
34    -94
35    -97
36    -98
37    -90
38    5385
39    -95
40    -85
41    -76
42    -85
43    -95
44    -90
45    -97
46    -94
47    -67
48    -65
49    -86
50    -92
51    -82
52    -92
53    -84
54    -80
55    -104
56    -90
57    -85
58    -74
59    -85
60    -77
61    -93
62    -87
63    -79
64    -74
;
param SUPP39 :=
1    -84
2    -84
3    -85
4    -83
5    -76
6    -90
7    -78
8    -71
9    -98
10    -99
11    -88
12    -79
13    -90
14    -79
15    -98
16    -87
17    -73
18    -108
19    -92
20    -88
21    -92
22    -99
23    -91
24    -83
25    -84
26    -81
27    -82
28    -85
29    -103
30    -105
31    -94
32    -88
33    -96
34    -92
35    -81
36    -84
37    -88
38    -78
39    5529
40    -78
41    -86
42    -100
43    -69
44    -94
45    -103
46    -85
47    -90
48    -84
49    -83
50    -83
51    -95
52    -70
53    -86
54    -80
55    -87
56    -84
57    -102
58    -87
59    -92
60    -92
61    -92
62    -87
63    -95
64    -89
;
param SUPP40 :=
1    -65
2    -76
3    -70
4    -91
5    -81
6    -68
7    -69
8    -109
9    -94
10    -92
11    -93
12    -92
13    -106
14    -74
15    -87
16    -88
17    -91
18    -88
19    -106
20    -90
21    -105
22    -89
23    -87
24    -73
25    -79
26    -79
27    -82
28    -86
29    -81
30    -82
31    -80
32    -102
33    -88
34    -92
35    -77
36    -90
37    -86
38    -86
39    -75
40    5478
41    -91
42    -87
43    -71
44    -83
45    -80
46    -85
47    -100
48    -96
49    -76
50    -102
51    -98
52    -111
53    -117
54    -62
55    -100
56    -92
57    -82
58    -90
59    -90
60    -72
61    -79
62    -94
63    -85
64    -86
;
param SUPP41 :=
1    -92
2    -79
3    -103
4    -84
5    -83
6    -83
7    -81
8    -72
9    -71
10    -89
11    -78
12    -112
13    -82
14    -94
15    -83
16    -89
17    -68
18    -66
19    -90
20    -96
21    -93
22    -97
23    -83
24    -98
25    -98
26    -92
27    -92
28    -103
29    -64
30    -77
31    -89
32    -89
33    -87
34    -91
35    -88
36    -94
37    -100
38    -101
39    -86
40    -78
41    5629
42    -92
43    -102
44    -110
45    -97
46    -97
47    -90
48    -80
49    -100
50    -88
51    -87
52    -76
53    -79
54    -95
55    -100
56    -91
57    -103
58    -86
59    -118
60    -76
61    -87
62    -92
63    -95
64    -93
;
param SUPP42 :=
1    -108
2    -89
3    -114
4    -63
5    -87
6    -102
7    -106
8    -65
9    -83
10    -88
11    -93
12    -93
13    -96
14    -89
15    -107
16    -77
17    -103
18    -94
19    -100
20    -96
21    -83
22    -86
23    -73
24    -81
25    -82
26    -79
27    -89
28    -89
29    -82
30    -103
31    -84
32    -97
33    -103
34    -90
35    -89
36    -92
37    -94
38    -82
39    -84
40    -96
41    -84
42    5620
43    -85
44    -80
45    -92
46    -78
47    -82
48    -95
49    -94
50    -104
51    -106
52    -87
53    -79
54    -91
55    -84
56    -84
57    -87
58    -90
59    -89
60    -74
61    -80
62    -90
63    -76
64    -98
;
param SUPP43 :=
1    -81
2    -110
3    -93
4    -88
5    -77
6    -101
7    -89
8    -83
9    -81
10    -110
11    -99
12    -92
13    -74
14    -92
15    -95
16    -93
17    -98
18    -75
19    -77
20    -99
21    -101
22    -97
23    -79
24    -106
25    -80
26    -83
27    -106
28    -85
29    -85
30    -96
31    -69
32    -88
33    -84
34    -79
35    -89
36    -94
37    -84
38    -72
39    -108
40    -82
41    -68
42    -68
43    5492
44    -79
45    -82
46    -76
47    -84
48    -89
49    -64
50    -98
51    -79
52    -112
53    -89
54    -100
55    -91
56    -77
57    -83
58    -101
59    -80
60    -67
61    -78
62    -90
63    -79
64    -84
;
param SUPP44 :=
1    -80
2    -97
3    -89
4    -83
5    -110
6    -72
7    -80
8    -99
9    -77
10    -80
11    -98
12    -120
13    -90
14    -90
15    -100
16    -90
17    -88
18    -94
19    -85
20    -88
21    -85
22    -93
23    -84
24    -75
25    -85
26    -77
27    -103
28    -87
29    -90
30    -83
31    -97
32    -89
33    -100
34    -96
35    -72
36    -104
37    -92
38    -87
39    -85
40    -100
41    -75
42    -64
43    -92
44    5577
45    -84
46    -99
47    -76
48    -100
49    -83
50    -75
51    -98
52    -82
53    -102
54    -89
55    -92
56    -74
57    -93
58    -106
59    -78
60    -70
61    -82
62    -89
63    -84
64    -96
;
param SUPP45 :=
1    -91
2    -90
3    -93
4    -81
5    -88
6    -83
7    -104
8    -95
9    -92
10    -91
11    -104
12    -75
13    -100
14    -75
15    -88
16    -91
17    -76
18    -87
19    -68
20    -84
21    -78
22    -77
23    -98
24    -81
25    -92
26    -95
27    -79
28    -89
29    -103
30    -106
31    -74
32    -101
33    -84
34    -81
35    -91
36    -86
37    -115
38    -94
39    -91
40    -85
41    -95
42    -88
43    -82
44    -97
45    5531
46    -78
47    -97
48    -74
49    -93
50    -91
51    -77
52    -79
53    -85
54    -77
55    -83
56    -92
57    -86
58    -81
59    -81
60    -97
61    -82
62    -96
63    -84
64    -80
;
param SUPP46 :=
1    -65
2    -80
3    -97
4    -91
5    -84
6    -100
7    -79
8    -75
9    -79
10    -97
11    -87
12    -95
13    -103
14    -97
15    -89
16    -98
17    -74
18    -99
19    -73
20    -105
21    -87
22    -76
23    -68
24    -81
25    -90
26    -88
27    -79
28    -91
29    -73
30    -83
31    -79
32    -105
33    -87
34    -80
35    -87
36    -92
37    -79
38    -84
39    -95
40    -72
41    -89
42    -71
43    -81
44    -92
45    -88
46    5411
47    -80
48    -93
49    -88
50    -94
51    -81
52    -105
53    -81
54    -78
55    -94
56    -93
57    -76
58    -87
59    -97
60    -84
61    -84
62    -74
63    -80
64    -78
;
param SUPP47 :=
1    -76
2    -71
3    -61
4    -97
5    -99
6    -98
7    -92
8    -78
9    -98
10    -92
11    -78
12    -80
13    -69
14    -90
15    -86
16    -88
17    -93
18    -79
19    -107
20    -71
21    -88
22    -80
23    -91
24    -77
25    -93
26    -70
27    -95
28    -88
29    -99
30    -98
31    -92
32    -68
33    -78
34    -76
35    -78
36    -83
37    -98
38    -85
39    -94
40    -95
41    -97
42    -78
43    -100
44    -75
45    -96
46    -100
47    5495
48    -82
49    -84
50    -88
51    -86
52    -94
53    -104
54    -86
55    -92
56    -96
57    -81
58    -93
59    -98
60    -71
61    -100
62    -108
63    -75
64    -82
;
param SUPP48 :=
1    -86
2    -90
3    -84
4    -87
5    -94
6    -80
7    -82
8    -104
9    -86
10    -87
11    -76
12    -93
13    -98
14    -76
15    -86
16    -73
17    -100
18    -82
19    -85
20    -105
21    -88
22    -69
23    -84
24    -77
25    -85
26    -88
27    -89
28    -91
29    -73
30    -100
31    -92
32    -74
33    -105
34    -97
35    -89
36    -96
37    -76
38    -91
39    -75
40    -80
41    -78
42    -100
43    -72
44    -102
45    -90
46    -94
47    -81
48    5422
49    -94
50    -80
51    -92
52    -89
53    -71
54    -74
55    -88
56    -81
57    -70
58    -85
59    -94
60    -76
61    -63
62    -92
63    -95
64    -88
;
param SUPP49 :=
1    -104
2    -79
3    -93
4    -114
5    -102
6    -89
7    -92
8    -80
9    -71
10    -80
11    -94
12    -74
13    -85
14    -80
15    -81
16    -98
17    -100
18    -77
19    -68
20    -87
21    -95
22    -92
23    -85
24    -74
25    -101
26    -97
27    -80
28    -84
29    -84
30    -72
31    -80
32    -82
33    -72
34    -104
35    -94
36    -86
37    -76
38    -105
39    -94
40    -71
41    -92
42    -80
43    -111
44    -82
45    -91
46    -80
47    -103
48    -80
49    5471
50    -92
51    -72
52    -78
53    -83
54    -90
55    -94
56    -95
57    -84
58    -81
59    -79
60    -86
61    -92
62    -80
63    -95
64    -75
;
param SUPP50 :=
1    -86
2    -78
3    -99
4    -86
5    -100
6    -94
7    -78
8    -107
9    -93
10    -78
11    -86
12    -86
13    -92
14    -107
15    -89
16    -87
17    -78
18    -71
19    -88
20    -82
21    -87
22    -86
23    -88
24    -103
25    -95
26    -95
27    -81
28    -114
29    -99
30    -81
31    -80
32    -79
33    -72
34    -108
35    -81
36    -90
37    -84
38    -92
39    -93
40    -86
41    -112
42    -93
43    -93
44    -91
45    -83
46    -87
47    -100
48    -100
49    -91
50    5651
51    -77
52    -93
53    -99
54    -103
55    -75
56    -93
57    -65
58    -96
59    -86
60    -79
61    -88
62    -84
63    -104
64    -100
;
param SUPP51 :=
1    -91
2    -97
3    -81
4    -89
5    -89
6    -97
7    -96
8    -78
9    -88
10    -82
11    -92
12    -84
13    -87
14    -83
15    -81
16    -78
17    -84
18    -69
19    -86
20    -87
21    -84
22    -89
23    -91
24    -92
25    -88
26    -80
27    -83
28    -80
29    -99
30    -92
31    -100
32    -79
33    -87
34    -76
35    -95
36    -93
37    -89
38    -86
39    -95
40    -90
41    -78
42    -97
43    -76
44    -99
45    -82
46    -101
47    -91
48    -98
49    -82
50    -75
51    5459
52    -83
53    -78
54    -90
55    -93
56    -72
57    -87
58    -105
59    -73
60    -82
61    -78
62    -89
63    -79
64    -84
;
param SUPP52 :=
1    -90
2    -88
3    -78
4    -92
5    -86
6    -88
7    -92
8    -84
9    -73
10    -78
11    -94
12    -86
13    -85
14    -87
15    -87
16    -94
17    -84
18    -85
19    -109
20    -88
21    -86
22    -83
23    -90
24    -83
25    -97
26    -77
27    -92
28    -101
29    -85
30    -98
31    -85
32    -79
33    -76
34    -84
35    -94
36    -89
37    -88
38    -80
39    -98
40    -66
41    -88
42    -90
43    -94
44    -93
45    -103
46    -76
47    -80
48    -101
49    -79
50    -84
51    -84
52    5520
53    -107
54    -89
55    -78
56    -79
57    -102
58    -80
59    -105
60    -79
61    -89
62    -108
63    -75
64    -78
;
param SUPP53 :=
1    -85
2    -91
3    -108
4    -100
5    -83
6    -87
7    -91
8    -95
9    -91
10    -98
11    -92
12    -90
13    -86
14    -90
15    -100
16    -105
17    -85
18    -75
19    -92
20    -111
21    -83
22    -79
23    -83
24    -102
25    -98
26    -98
27    -81
28    -90
29    -72
30    -75
31    -60
32    -89
33    -84
34    -79
35    -102
36    -98
37    -87
38    -69
39    -65
40    -103
41    -98
42    -71
43    -94
44    -94
45    -83
46    -88
47    -77
48    -86
49    -86
50    -82
51    -93
52    -68
53    5542
54    -86
55    -95
56    -92
57    -84
58    -65
59    -83
60    -101
61    -90
62    -97
63    -89
64    -88
;
param SUPP54 :=
1    -81
2    -96
3    -115
4    -97
5    -113
6    -90
7    -90
8    -83
9    -99
10    -94
11    -97
12    -69
13    -85
14    -84
15    -81
16    -85
17    -91
18    -80
19    -75
20    -97
21    -84
22    -65
23    -97
24    -89
25    -84
26    -74
27    -83
28    -73
29    -76
30    -96
31    -85
32    -79
33    -68
34    -81
35    -77
36    -79
37    -89
38    -106
39    -77
40    -101
41    -84
42    -84
43    -85
44    -84
45    -83
46    -92
47    -93
48    -61
49    -79
50    -70
51    -85
52    -99
53    -91
54    5412
55    -81
56    -90
57    -74
58    -90
59    -89
60    -71
61    -94
62    -94
63    -81
64    -93
;
param SUPP55 :=
1    -79
2    -87
3    -75
4    -95
5    -79
6    -91
7    -92
8    -89
9    -88
10    -112
11    -96
12    -102
13    -93
14    -82
15    -74
16    -101
17    -86
18    -84
19    -101
20    -109
21    -81
22    -82
23    -81
24    -68
25    -100
26    -94
27    -92
28    -99
29    -96
30    -89
31    -87
32    -63
33    -93
34    -102
35    -71
36    -89
37    -88
38    -83
39    -84
40    -105
41    -104
42    -87
43    -98
44    -81
45    -68
46    -108
47    -88
48    -80
49    -91
50    -71
51    -90
52    -89
53    -76
54    -89
55    5573
56    -86
57    -89
58    -75
59    -84
60    -84
61    -90
62    -82
63    -101
64    -100
;
param SUPP56 :=
1    -86
2    -72
3    -81
4    -98
5    -108
6    -75
7    -95
8    -95
9    -112
10    -89
11    -80
12    -92
13    -104
14    -73
15    -72
16    -75
17    -104
18    -82
19    -73
20    -66
21    -86
22    -107
23    -100
24    -81
25    -95
26    -86
27    -106
28    -98
29    -96
30    -92
31    -82
32    -96
33    -81
34    -86
35    -95
36    -97
37    -83
38    -99
39    -93
40    -72
41    -96
42    -87
43    -88
44    -91
45    -80
46    -94
47    -75
48    -79
49    -85
50    -89
51    -96
52    -90
53    -95
54    -90
55    -110
56    5716
57    -127
58    -102
59    -90
60    -110
61    -82
62    -91
63    -101
64    -105
;
param SUPP57 :=
1    -75
2    -78
3    -97
4    -77
5    -95
6    -88
7    -71
8    -100
9    -87
10    -81
11    -95
12    -98
13    -79
14    -87
15    -76
16    -113
17    -77
18    -93
19    -94
20    -82
21    -74
22    -80
23    -98
24    -92
25    -78
26    -84
27    -80
28    -92
29    -87
30    -92
31    -95
32    -63
33    -70
34    -101
35    -75
36    -91
37    -90
38    -83
39    -78
40    -92
41    -90
42    -102
43    -76
44    -111
45    -92
46    -75
47    -76
48    -59
49    -86
50    -89
51    -97
52    -86
53    -84
54    -81
55    -99
56    -72
57    5360
58    -89
59    -71
60    -77
61    -90
62    -81
63    -58
64    -81
;
param SUPP58 :=
1    -96
2    -79
3    -93
4    -78
5    -97
6    -85
7    -110
8    -81
9    -89
10    -86
11    -73
12    -106
13    -114
14    -86
15    -74
16    -81
17    -104
18    -83
19    -81
20    -105
21    -101
22    -74
23    -78
24    -95
25    -100
26    -89
27    -81
28    -80
29    -77
30    -104
31    -78
32    -74
33    -89
34    -100
35    -94
36    -89
37    -98
38    -69
39    -91
40    -94
41    -96
42    -82
43    -81
44    -78
45    -91
46    -78
47    -88
48    -76
49    -87
50    -84
51    -83
52    -86
53    -89
54    -85
55    -86
56    -106
57    -79
58    5597
59    -84
60    -96
61    -109
62    -92
63    -97
64    -108
;
param SUPP59 :=
1    -89
2    -83
3    -96
4    -70
5    -79
6    -94
7    -94
8    -86
9    -85
10    -78
11    -101
12    -72
13    -79
14    -71
15    -80
16    -77
17    -84
18    -81
19    -114
20    -96
21    -94
22    -95
23    -100
24    -89
25    -103
26    -85
27    -73
28    -82
29    -96
30    -87
31    -85
32    -81
33    -86
34    -101
35    -78
36    -76
37    -56
38    -83
39    -86
40    -92
41    -89
42    -83
43    -79
44    -84
45    -95
46    -92
47    -96
48    -84
49    -83
50    -80
51    -94
52    -93
53    -89
54    -111
55    -83
56    -104
57    -108
58    -64
59    5453
60    -86
61    -78
62    -83
63    -82
64    -76
;
param SUPP60 :=
1    -87
2    -80
3    -82
4    -67
5    -104
6    -99
7    -85
8    -92
9    -97
10    -87
11    -75
12    -84
13    -77
14    -111
15    -77
16    -62
17    -103
18    -109
19    -70
20    -94
21    -124
22    -81
23    -87
24    -81
25    -93
26    -96
27    -79
28    -84
29    -81
30    -90
31    -95
32    -80
33    -103
34    -87
35    -98
36    -104
37    -95
38    -105
39    -92
40    -79
41    -84
42    -82
43    -102
44    -82
45    -90
46    -69
47    -98
48    -97
49    -91
50    -94
51    -80
52    -89
53    -92
54    -76
55    -99
56    -93
57    -84
58    -88
59    -58
60    5582
61    -92
62    -74
63    -89
64    -103
;
param SUPP61 :=
1    -92
2    -104
3    -59
4    -88
5    -58
6    -86
7    -109
8    -92
9    -77
10    -76
11    -84
12    -75
13    -84
14    -74
15    -84
16    -68
17    -76
18    -93
19    -85
20    -63
21    -99
22    -91
23    -100
24    -84
25    -72
26    -85
27    -101
28    -92
29    -117
30    -93
31    -82
32    -63
33    -76
34    -94
35    -70
36    -90
37    -85
38    -90
39    -83
40    -73
41    -75
42    -84
43    -91
44    -91
45    -102
46    -79
47    -79
48    -92
49    -84
50    -88
51    -90
52    -97
53    -99
54    -76
55    -77
56    -77
57    -83
58    -86
59    -93
60    -77
61    5393
62    -109
63    -105
64    -92
;
param SUPP62 :=
1    -90
2    -86
3    -70
4    -86
5    -78
6    -94
7    -84
8    -95
9    -85
10    -84
11    -92
12    -91
13    -84
14    -92
15    -77
16    -93
17    -93
18    -92
19    -85
20    -88
21    -84
22    -69
23    -82
24    -113
25    -90
26    -100
27    -72
28    -83
29    -78
30    -78
31    -104
32    -94
33    -88
34    -76
35    -93
36    -105
37    -101
38    -91
39    -83
40    -84
41    -73
42    -97
43    -78
44    -103
45    -85
46    -98
47    -107
48    -100
49    -106
50    -84
51    -92
52    -86
53    -76
54    -75
55    -82
56    -76
57    -89
58    -103
59    -62
60    -89
61    -91
62    5511
63    -65
64    -87
;
param SUPP63 :=
1    -99
2    -87
3    -106
4    -75
5    -78
6    -74
7    -93
8    -95
9    -85
10    -76
11    -85
12    -84
13    -97
14    -96
15    -88
16    -97
17    -80
18    -70
19    -88
20    -90
21    -102
22    -90
23    -83
24    -76
25    -67
26    -97
27    -84
28    -75
29    -69
30    -85
31    -76
32    -83
33    -68
34    -81
35    -92
36    -86
37    -88
38    -92
39    -85
40    -85
41    -90
42    -94
43    -93
44    -96
45    -91
46    -75
47    -116
48    -91
49    -80
50    -93
51    -76
52    -89
53    -109
54    -74
55    -75
56    -92
57    -91
58    -84
59    -85
60    -84
61    -92
62    -78
63    5458
64    -103
;
param SUPP64 :=
1    -92
2    -89
3    -82
4    -76
5    -96
6    -72
7    -69
8    -65
9    -96
10    -71
11    -94
12    -86
13    -80
14    -84
15    -95
16    -96
17    -94
18    -110
19    -96
20    -76
21    -66
22    -73
23    -78
24    -89
25    -84
26    -89
27    -85
28    -88
29    -97
30    -85
31    -93
32    -107
33    -78
34    -85
35    -105
36    -95
37    -88
38    -100
39    -100
40    -86
41    -107
42    -68
43    -76
44    -96
45    -84
46    -90
47    -84
48    -85
49    -92
50    -100
51    -90
52    -90
53    -85
54    -81
55    -89
56    -89
57    -81
58    -97
59    -77
60    -83
61    -100
62    -85
63    -67
64    5486
;
