param SUPP1 :=
1    7205
2    -87
3    -145
4    -137
5    -147
6    -116
7    -104
8    -97
9    -85
10    -97
11    -151
12    -131
13    -153
14    -99
15    -82
16    -113
17    -92
18    -78
19    -148
20    -189
21    -150
22    -100
23    -77
24    -131
25    -83
26    -92
27    -115
28    -154
29    -134
30    -111
31    -81
32    -128
33    -88
34    -92
35    -138
36    -156
37    -158
38    -104
39    -75
40    -125
41    -95
42    -93
43    -164
44    -134
45    -134
46    -124
47    -100
48    -136
49    -85
50    -79
51    -135
52    -148
53    -123
54    -90
55    -76
56    -121
57    -90
58    -96
59    -104
60    -125
61    -99
62    -92
63    -73
64    -146
;
param SUPP2 :=
1    -84
2    7156
3    -183
4    -160
5    -149
6    -93
7    -87
8    -105
9    -90
10    -88
11    -128
12    -137
13    -109
14    -96
15    -78
16    -108
17    -90
18    -84
19    -125
20    -146
21    -158
22    -107
23    -80
24    -104
25    -98
26    -81
27    -133
28    -126
29    -126
30    -106
31    -88
32    -132
33    -73
34    -99
35    -160
36    -162
37    -135
38    -108
39    -85
40    -128
41    -93
42    -89
43    -126
44    -158
45    -148
46    -111
47    -89
48    -133
49    -99
50    -99
51    -119
52    -143
53    -152
54    -107
55    -77
56    -135
57    -120
58    -104
59    -109
60    -98
61    -107
62    -97
63    -65
64    -149
;
param SUPP3 :=
1    -77
2    -108
3    7083
4    -147
5    -155
6    -106
7    -70
8    -112
9    -97
10    -91
11    -124
12    -168
13    -134
14    -95
15    -79
16    -122
17    -83
18    -89
19    -124
20    -148
21    -112
22    -103
23    -76
24    -109
25    -85
26    -75
27    -117
28    -152
29    -163
30    -113
31    -86
32    -130
33    -94
34    -97
35    -122
36    -155
37    -155
38    -115
39    -90
40    -134
41    -95
42    -80
43    -139
44    -140
45    -151
46    -107
47    -86
48    -139
49    -87
50    -84
51    -136
52    -147
53    -117
54    -108
55    -95
56    -124
57    -96
58    -84
59    -102
60    -132
61    -108
62    -78
63    -87
64    -149
;
param SUPP4 :=
1    -73
2    -101
3    -150
4    7058
5    -155
6    -135
7    -98
8    -116
9    -95
10    -99
11    -134
12    -129
13    -127
14    -110
15    -75
16    -125
17    -76
18    -72
19    -132
20    -151
21    -138
22    -98
23    -78
24    -116
25    -87
26    -82
27    -111
28    -163
29    -132
30    -109
31    -88
32    -131
33    -98
34    -91
35    -121
36    -132
37    -141
38    -109
39    -93
40    -140
41    -100
42    -93
43    -118
44    -142
45    -124
46    -117
47    -84
48    -147
49    -81
50    -110
51    -131
52    -153
53    -148
54    -115
55    -87
56    -113
57    -93
58    -94
59    -90
60    -93
61    -108
62    -90
63    -76
64    -140
;
param SUPP5 :=
1    -89
2    -87
3    -176
4    -137
5    7052
6    -129
7    -70
8    -128
9    -89
10    -87
11    -141
12    -161
13    -119
14    -102
15    -82
16    -119
17    -85
18    -91
19    -108
20    -154
21    -123
22    -93
23    -70
24    -111
25    -105
26    -92
27    -130
28    -120
29    -153
30    -107
31    -85
32    -116
33    -111
34    -97
35    -139
36    -159
37    -153
38    -121
39    -79
40    -130
41    -101
42    -106
43    -137
44    -165
45    -146
46    -102
47    -85
48    -111
49    -90
50    -82
51    -131
52    -133
53    -122
54    -103
55    -83
56    -134
57    -93
58    -90
59    -89
60    -124
61    -91
62    -78
63    -85
64    -123
;
param SUPP6 :=
1    -86
2    -98
3    -130
4    -167
5    -148
6    7052
7    -80
8    -116
9    -100
10    -93
11    -161
12    -133
13    -139
14    -107
15    -78
16    -109
17    -76
18    -81
19    -132
20    -143
21    -152
22    -91
23    -80
24    -133
25    -81
26    -78
27    -110
28    -156
29    -168
30    -101
31    -93
32    -124
33    -66
34    -87
35    -127
36    -137
37    -133
38    -99
39    -68
40    -114
41    -109
42    -93
43    -132
44    -133
45    -142
46    -112
47    -70
48    -112
49    -80
50    -86
51    -127
52    -168
53    -130
54    -97
55    -74
56    -128
57    -113
58    -84
59    -116
60    -131
61    -131
62    -71
63    -91
64    -147
;
param SUPP7 :=
1    -87
2    -90
3    -125
4    -162
5    -154
6    -97
7    7149
8    -112
9    -90
10    -94
11    -129
12    -133
13    -119
14    -116
15    -84
16    -129
17    -92
18    -83
19    -112
20    -131
21    -142
22    -110
23    -76
24    -109
25    -93
26    -102
27    -118
28    -137
29    -132
30    -109
31    -67
32    -130
33    -97
34    -91
35    -145
36    -137
37    -124
38    -95
39    -84
40    -141
41    -102
42    -100
43    -160
44    -160
45    -148
46    -102
47    -85
48    -141
49    -93
50    -110
51    -115
52    -163
53    -120
54    -123
55    -71
56    -105
57    -117
58    -84
59    -102
60    -130
61    -109
62    -80
63    -96
64    -155
;
param SUPP8 :=
1    -89
2    -115
3    -143
4    -141
5    -159
6    -113
7    -92
8    7080
9    -100
10    -76
11    -142
12    -148
13    -120
14    -87
15    -69
16    -109
17    -88
18    -90
19    -124
20    -151
21    -128
22    -92
23    -76
24    -105
25    -95
26    -79
27    -103
28    -162
29    -150
30    -101
31    -71
32    -122
33    -82
34    -96
35    -138
36    -160
37    -132
38    -103
39    -71
40    -129
41    -97
42    -90
43    -132
44    -152
45    -135
46    -116
47    -119
48    -137
49    -89
50    -89
51    -136
52    -146
53    -140
54    -117
55    -63
56    -119
57    -118
58    -92
59    -112
60    -131
61    -108
62    -81
63    -60
64    -150
;
param SUPP9 :=
1    -79
2    -114
3    -165
4    -168
5    -142
6    -123
7    -97
8    -122
9    7225
10    -80
11    -132
12    -135
13    -132
14    -93
15    -107
16    -123
17    -84
18    -80
19    -137
20    -135
21    -145
22    -92
23    -68
24    -119
25    -100
26    -95
27    -128
28    -137
29    -136
30    -108
31    -76
32    -107
33    -81
34    -113
35    -149
36    -163
37    -164
38    -96
39    -73
40    -138
41    -92
42    -86
43    -136
44    -136
45    -124
46    -112
47    -87
48    -132
49    -98
50    -84
51    -125
52    -138
53    -159
54    -110
55    -83
56    -155
57    -113
58    -97
59    -97
60    -143
61    -90
62    -81
63    -80
64    -131
;
param SUPP10 :=
1    -76
2    -110
3    -136
4    -136
5    -135
6    -123
7    -69
8    -109
9    -83
10    7054
11    -114
12    -131
13    -125
14    -86
15    -93
16    -134
17    -89
18    -81
19    -119
20    -154
21    -129
22    -95
23    -77
24    -107
25    -84
26    -104
27    -133
28    -117
29    -160
30    -115
31    -76
32    -132
33    -83
34    -79
35    -140
36    -151
37    -166
38    -114
39    -87
40    -153
41    -90
42    -100
43    -112
44    -131
45    -143
46    -117
47    -91
48    -144
49    -90
50    -83
51    -120
52    -139
53    -156
54    -95
55    -86
56    -120
57    -106
58    -77
59    -98
60    -119
61    -95
62    -84
63    -78
64    -175
;
param SUPP11 :=
1    -70
2    -121
3    -131
4    -126
5    -144
6    -129
7    -98
8    -104
9    -71
10    -83
11    7020
12    -141
13    -140
14    -107
15    -79
16    -103
17    -84
18    -68
19    -116
20    -158
21    -157
22    -95
23    -83
24    -120
25    -94
26    -72
27    -127
28    -144
29    -121
30    -121
31    -87
32    -144
33    -95
34    -91
35    -131
36    -146
37    -158
38    -94
39    -87
40    -130
41    -97
42    -88
43    -146
44    -145
45    -148
46    -109
47    -83
48    -116
49    -91
50    -90
51    -142
52    -142
53    -129
54    -98
55    -84
56    -138
57    -105
58    -96
59    -79
60    -120
61    -111
62    -80
63    -78
64    -135
;
param SUPP12 :=
1    -77
2    -108
3    -151
4    -151
5    -143
6    -126
7    -77
8    -108
9    -95
10    -85
11    -145
12    7135
13    -141
14    -98
15    -83
16    -125
17    -84
18    -83
19    -120
20    -148
21    -129
22    -109
23    -84
24    -138
25    -80
26    -80
27    -137
28    -148
29    -128
30    -130
31    -100
32    -129
33    -76
34    -105
35    -151
36    -149
37    -168
38    -110
39    -98
40    -129
41    -99
42    -93
43    -137
44    -152
45    -154
46    -119
47    -70
48    -110
49    -88
50    -92
51    -121
52    -148
53    -131
54    -95
55    -85
56    -100
57    -103
58    -90
59    -101
60    -120
61    -95
62    -85
63    -83
64    -138
;
param SUPP13 :=
1    -76
2    -102
3    -162
4    -182
5    -108
6    -119
7    -92
8    -134
9    -85
10    -92
11    -139
12    -133
13    7084
14    -91
15    -78
16    -117
17    -87
18    -83
19    -143
20    -111
21    -124
22    -112
23    -82
24    -132
25    -84
26    -82
27    -126
28    -150
29    -133
30    -103
31    -102
32    -118
33    -103
34    -84
35    -140
36    -163
37    -180
38    -98
39    -91
40    -120
41    -89
42    -90
43    -137
44    -148
45    -139
46    -98
47    -90
48    -134
49    -86
50    -87
51    -134
52    -128
53    -130
54    -81
55    -90
56    -130
57    -106
58    -83
59    -117
60    -104
61    -106
62    -99
63    -69
64    -148
;
param SUPP14 :=
1    -76
2    -113
3    -151
4    -145
5    -130
6    -114
7    -84
8    -125
9    -78
10    -87
11    -124
12    -158
13    -117
14    7067
15    -76
16    -126
17    -102
18    -83
19    -113
20    -159
21    -134
22    -99
23    -92
24    -112
25    -86
26    -75
27    -157
28    -143
29    -156
30    -119
31    -86
32    -136
33    -88
34    -88
35    -135
36    -137
37    -146
38    -110
39    -96
40    -116
41    -94
42    -83
43    -121
44    -146
45    -123
46    -129
47    -87
48    -141
49    -89
50    -75
51    -118
52    -127
53    -132
54    -90
55    -79
56    -135
57    -99
58    -80
59    -112
60    -130
61    -107
62    -91
63    -71
64    -136
;
param SUPP15 :=
1    -86
2    -99
3    -129
4    -147
5    -137
6    -115
7    -86
8    -115
9    -84
10    -109
11    -122
12    -134
13    -146
14    -100
15    6996
16    -100
17    -73
18    -68
19    -106
20    -168
21    -134
22    -116
23    -72
24    -127
25    -78
26    -100
27    -118
28    -135
29    -147
30    -109
31    -88
32    -122
33    -72
34    -77
35    -133
36    -134
37    -146
38    -84
39    -107
40    -114
41    -85
42    -96
43    -148
44    -144
45    -140
46    -117
47    -81
48    -119
49    -82
50    -68
51    -99
52    -148
53    -155
54    -109
55    -98
56    -135
57    -103
58    -92
59    -109
60    -123
61    -107
62    -87
63    -75
64    -139
;
param SUPP16 :=
1    -81
2    -88
3    -148
4    -127
5    -131
6    -108
7    -92
8    -97
9    -72
10    -108
11    -154
12    -141
13    -132
14    -106
15    -94
16    7086
17    -83
18    -81
19    -113
20    -156
21    -155
22    -99
23    -81
24    -128
25    -84
26    -73
27    -123
28    -158
29    -147
30    -106
31    -83
32    -146
33    -82
34    -82
35    -144
36    -148
37    -138
38    -90
39    -69
40    -136
41    -92
42    -106
43    -131
44    -158
45    -155
46    -130
47    -94
48    -132
49    -97
50    -73
51    -138
52    -157
53    -173
54    -96
55    -92
56    -111
57    -109
58    -92
59    -89
60    -105
61    -78
62    -85
63    -75
64    -134
;
param SUPP17 :=
1    -91
2    -85
3    -151
4    -160
5    -140
6    -108
7    -92
8    -105
9    -96
10    -87
11    -143
12    -137
13    -136
14    -95
15    -66
16    -122
17    6938
18    -72
19    -113
20    -124
21    -100
22    -122
23    -94
24    -115
25    -77
26    -90
27    -111
28    -116
29    -149
30    -93
31    -87
32    -145
33    -100
34    -77
35    -139
36    -144
37    -146
38    -117
39    -89
40    -145
41    -86
42    -89
43    -124
44    -146
45    -160
46    -108
47    -77
48    -131
49    -76
50    -85
51    -119
52    -145
53    -131
54    -91
55    -80
56    -125
57    -102
58    -85
59    -95
60    -88
61    -91
62    -102
63    -79
64    -144
;
param SUPP18 :=
1    -69
2    -132
3    -168
4    -168
5    -156
6    -100
7    -91
8    -107
9    -89
10    -89
11    -141
12    -163
13    -136
14    -91
15    -74
16    -134
17    -79
18    7270
19    -139
20    -156
21    -133
22    -93
23    -76
24    -108
25    -82
26    -90
27    -104
28    -154
29    -132
30    -118
31    -93
32    -126
33    -90
34    -85
35    -146
36    -147
37    -161
38    -121
39    -111
40    -120
41    -109
42    -107
43    -122
44    -166
45    -137
46    -104
47    -106
48    -118
49    -85
50    -85
51    -126
52    -159
53    -146
54    -85
55    -76
56    -137
57    -97
58    -76
59    -106
60    -128
61    -125
62    -80
63    -68
64    -150
;
param SUPP19 :=
1    -85
2    -120
3    -147
4    -151
5    -120
6    -106
7    -107
8    -126
9    -84
10    -89
11    -125
12    -145
13    -120
14    -116
15    -72
16    -101
17    -91
18    -78
19    6955
20    -154
21    -109
22    -108
23    -87
24    -107
25    -91
26    -89
27    -125
28    -145
29    -125
30    -118
31    -83
32    -106
33    -93
34    -76
35    -119
36    -132
37    -128
38    -112
39    -106
40    -106
41    -113
42    -99
43    -136
44    -137
45    -142
46    -106
47    -75
48    -129
49    -82
50    -93
51    -152
52    -159
53    -141
54    -119
55    -75
56    -100
57    -82
58    -78
59    -100
60    -146
61    -94
62    -85
63    -63
64    -147
;
param SUPP20 :=
1    -79
2    -103
3    -152
4    -135
5    -141
6    -124
7    -80
8    -106
9    -90
10    -95
11    -130
12    -186
13    -124
14    -106
15    -77
16    -129
17    -80
18    -76
19    -137
20    6986
21    -113
22    -96
23    -91
24    -110
25    -89
26    -90
27    -126
28    -171
29    -144
30    -86
31    -82
32    -121
33    -74
34    -74
35    -140
36    -140
37    -152
38    -101
39    -69
40    -142
41    -84
42    -91
43    -138
44    -133
45    -166
46    -113
47    -73
48    -130
49    -94
50    -82
51    -126
52    -135
53    -138
54    -111
55    -75
56    -123
57    -101
58    -77
59    -96
60    -132
61    -100
62    -96
63    -78
64    -133
;
param SUPP21 :=
1    -90
2    -82
3    -145
4    -138
5    -142
6    -99
7    -87
8    -118
9    -94
10    -79
11    -140
12    -138
13    -133
14    -95
15    -93
16    -104
17    -82
18    -85
19    -112
20    -150
21    7016
22    -92
23    -85
24    -112
25    -81
26    -82
27    -123
28    -137
29    -168
30    -101
31    -80
32    -141
33    -76
34    -77
35    -133
36    -155
37    -139
38    -104
39    -78
40    -128
41    -89
42    -95
43    -139
44    -156
45    -144
46    -111
47    -86
48    -147
49    -101
50    -92
51    -116
52    -176
53    -138
54    -116
55    -72
56    -137
57    -121
58    -77
59    -108
60    -120
61    -96
62    -80
63    -78
64    -123
;
param SUPP22 :=
1    -86
2    -98
3    -162
4    -151
5    -153
6    -139
7    -84
8    -99
9    -79
10    -80
11    -136
12    -123
13    -157
14    -97
15    -67
16    -112
17    -88
18    -91
19    -122
20    -154
21    -159
22    7010
23    -87
24    -106
25    -92
26    -75
27    -133
28    -152
29    -155
30    -110
31    -85
32    -135
33    -95
34    -91
35    -143
36    -155
37    -129
38    -109
39    -96
40    -122
41    -80
42    -85
43    -120
44    -135
45    -137
46    -111
47    -95
48    -120
49    -86
50    -72
51    -124
52    -116
53    -128
54    -124
55    -73
56    -119
57    -108
58    -97
59    -96
60    -128
61    -81
62    -88
63    -67
64    -113
;
param SUPP23 :=
1    -76
2    -84
3    -132
4    -144
5    -156
6    -107
7    -105
8    -109
9    -84
10    -98
11    -135
12    -133
13    -139
14    -100
15    -97
16    -92
17    -88
18    -97
19    -140
20    -136
21    -138
22    -92
23    7092
24    -114
25    -74
26    -84
27    -105
28    -146
29    -127
30    -103
31    -114
32    -124
33    -84
34    -99
35    -133
36    -160
37    -149
38    -105
39    -78
40    -132
41    -104
42    -116
43    -139
44    -152
45    -133
46    -120
47    -88
48    -125
49    -105
50    -89
51    -129
52    -139
53    -144
54    -118
55    -81
56    -115
57    -105
58    -79
59    -84
60    -121
61    -97
62    -94
63    -77
64    -125
;
param SUPP24 :=
1    -75
2    -83
3    -149
4    -174
5    -172
6    -120
7    -98
8    -100
9    -81
10    -74
11    -134
12    -150
13    -133
14    -83
15    -72
16    -129
17    -85
18    -95
19    -104
20    -126
21    -149
22    -116
23    -82
24    7100
25    -78
26    -83
27    -120
28    -133
29    -139
30    -113
31    -82
32    -134
33    -80
34    -82
35    -138
36    -140
37    -162
38    -125
39    -79
40    -150
41    -100
42    -84
43    -146
44    -150
45    -168
46    -111
47    -72
48    -121
49    -95
50    -88
51    -133
52    -164
53    -143
54    -105
55    -84
56    -122
57    -129
58    -68
59    -104
60    -122
61    -96
62    -72
63    -66
64    -135
;
param SUPP25 :=
1    -83
2    -98
3    -188
4    -147
5    -147
6    -99
7    -111
8    -75
9    -88
10    -103
11    -136
12    -129
13    -132
14    -106
15    -74
16    -114
17    -85
18    -63
19    -130
20    -167
21    -138
22    -87
23    -77
24    -132
25    7065
26    -85
27    -133
28    -151
29    -143
30    -100
31    -91
32    -134
33    -97
34    -88
35    -132
36    -147
37    -139
38    -99
39    -93
40    -113
41    -80
42    -100
43    -126
44    -139
45    -150
46    -99
47    -78
48    -107
49    -84
50    -77
51    -111
52    -130
53    -129
54    -124
55    -90
56    -117
57    -111
58    -106
59    -117
60    -137
61    -88
62    -90
63    -74
64    -147
;
param SUPP26 :=
1    -77
2    -95
3    -152
4    -161
5    -156
6    -139
7    -89
8    -117
9    -76
10    -87
11    -108
12    -156
13    -129
14    -82
15    -73
16    -99
17    -82
18    -92
19    -140
20    -136
21    -122
22    -84
23    -88
24    -99
25    -87
26    6993
27    -125
28    -149
29    -135
30    -117
31    -71
32    -129
33    -94
34    -88
35    -141
36    -144
37    -110
38    -95
39    -71
40    -137
41    -81
42    -85
43    -164
44    -148
45    -158
46    -109
47    -81
48    -118
49    -91
50    -92
51    -142
52    -118
53    -134
54    -103
55    -94
56    -132
57    -106
58    -84
59    -98
60    -121
61    -108
62    -92
63    -70
64    -132
;
param SUPP27 :=
1    -95
2    -79
3    -149
4    -149
5    -155
6    -110
7    -102
8    -107
9    -96
10    -85
11    -117
12    -150
13    -148
14    -113
15    -95
16    -102
17    -91
18    -80
19    -111
20    -145
21    -130
22    -108
23    -78
24    -122
25    -76
26    -77
27    7085
28    -153
29    -122
30    -123
31    -76
32    -129
33    -100
34    -97
35    -118
36    -163
37    -129
38    -112
39    -85
40    -140
41    -91
42    -105
43    -129
44    -140
45    -145
46    -111
47    -95
48    -144
49    -84
50    -87
51    -133
52    -138
53    -133
54    -112
55    -100
56    -119
57    -80
58    -82
59    -121
60    -112
61    -113
62    -91
63    -73
64    -130
;
param SUPP28 :=
1    -67
2    -104
3    -132
4    -154
5    -131
6    -131
7    -81
8    -122
9    -66
10    -84
11    -128
12    -115
13    -148
14    -100
15    -78
16    -118
17    -95
18    -85
19    -116
20    -176
21    -132
22    -98
23    -88
24    -117
25    -73
26    -83
27    -134
28    7142
29    -168
30    -116
31    -93
32    -115
33    -100
34    -76
35    -137
36    -133
37    -147
38    -111
39    -63
40    -139
41    -78
42    -94
43    -167
44    -159
45    -149
46    -105
47    -101
48    -139
49    -83
50    -90
51    -143
52    -158
53    -146
54    -110
55    -70
56    -114
57    -102
58    -89
59    -118
60    -124
61    -114
62    -97
63    -98
64    -140
;
param SUPP29 :=
1    -80
2    -82
3    -143
4    -131
5    -145
6    -117
7    -97
8    -93
9    -91
10    -80
11    -127
12    -151
13    -122
14    -110
15    -93
16    -133
17    -94
18    -94
19    -135
20    -136
21    -124
22    -83
23    -76
24    -110
25    -80
26    -89
27    -143
28    -153
29    6972
30    -105
31    -74
32    -124
33    -102
34    -103
35    -153
36    -169
37    -129
38    -107
39    -69
40    -157
41    -90
42    -87
43    -117
44    -149
45    -147
46    -130
47    -96
48    -124
49    -97
50    -79
51    -124
52    -137
53    -127
54    -119
55    -83
56    -110
57    -92
58    -91
59    -98
60    -110
61    -98
62    -66
63    -68
64    -129
;
param SUPP30 :=
1    -79
2    -92
3    -178
4    -147
5    -150
6    -121
7    -81
8    -111
9    -103
10    -81
11    -146
12    -128
13    -120
14    -126
15    -89
16    -127
17    -93
18    -80
19    -150
20    -126
21    -113
22    -101
23    -64
24    -105
25    -87
26    -87
27    -121
28    -148
29    -133
30    7021
31    -84
32    -129
33    -85
34    -74
35    -123
36    -152
37    -132
38    -112
39    -74
40    -142
41    -104
42    -77
43    -135
44    -137
45    -150
46    -106
47    -78
48    -143
49    -94
50    -109
51    -103
52    -149
53    -156
54    -94
55    -79
56    -111
57    -108
58    -79
59    -85
60    -121
61    -93
62    -89
63    -70
64    -157
;
param SUPP31 :=
1    -70
2    -101
3    -132
4    -139
5    -132
6    -112
7    -86
8    -120
9    -90
10    -102
11    -127
12    -134
13    -115
14    -101
15    -65
16    -123
17    -78
18    -72
19    -90
20    -152
21    -137
22    -100
23    -82
24    -95
25    -84
26    -88
27    -133
28    -142
29    -149
30    -119
31    6939
32    -120
33    -93
34    -88
35    -148
36    -148
37    -123
38    -92
39    -94
40    -128
41    -86
42    -78
43    -126
44    -153
45    -126
46    -110
47    -89
48    -146
49    -76
50    -92
51    -136
52    -176
53    -130
54    -96
55    -80
56    -110
57    -98
58    -104
59    -102
60    -118
61    -89
62    -92
63    -81
64    -141
;
param SUPP32 :=
1    -90
2    -119
3    -155
4    -135
5    -163
6    -108
7    -79
8    -94
9    -85
10    -90
11    -142
12    -157
13    -154
14    -107
15    -80
16    -106
17    -89
18    -83
19    -129
20    -141
21    -116
22    -110
23    -84
24    -122
25    -111
26    -109
27    -121
28    -147
29    -156
30    -113
31    -87
32    7185
33    -87
34    -76
35    -140
36    -171
37    -144
38    -112
39    -105
40    -134
41    -86
42    -79
43    -132
44    -137
45    -164
46    -106
47    -86
48    -131
49    -87
50    -73
51    -132
52    -142
53    -146
54    -96
55    -91
56    -116
57    -96
58    -82
59    -106
60    -112
61    -120
62    -94
63    -76
64    -144
;
param SUPP33 :=
1    -78
2    -100
3    -147
4    -134
5    -178
6    -119
7    -101
8    -116
9    -82
10    -84
11    -114
12    -143
13    -126
14    -100
15    -85
16    -124
17    -77
18    -90
19    -116
20    -142
21    -109
22    -121
23    -77
24    -112
25    -77
26    -80
27    -117
28    -127
29    -125
30    -115
31    -71
32    -141
33    7114
34    -88
35    -145
36    -140
37    -153
38    -92
39    -103
40    -160
41    -98
42    -119
43    -143
44    -143
45    -147
46    -105
47    -107
48    -140
49    -92
50    -85
51    -132
52    -142
53    -158
54    -93
55    -87
56    -123
57    -102
58    -95
59    -102
60    -111
61    -92
62    -75
63    -62
64    -152
;
param SUPP34 :=
1    -68
2    -99
3    -141
4    -158
5    -139
6    -105
7    -102
8    -111
9    -100
10    -85
11    -153
12    -143
13    -140
14    -85
15    -71
16    -141
17    -87
18    -91
19    -112
20    -165
21    -133
22    -93
23    -77
24    -127
25    -87
26    -92
27    -136
28    -133
29    -160
30    -112
31    -72
32    -127
33    -82
34    7213
35    -135
36    -161
37    -153
38    -124
39    -64
40    -129
41    -79
42    -98
43    -126
44    -156
45    -154
46    -108
47    -92
48    -128
49    -76
50    -83
51    -138
52    -154
53    -138
54    -113
55    -92
56    -127
57    -108
58    -99
59    -98
60    -122
61    -102
62    -98
63    -78
64    -153
;
param SUPP35 :=
1    -81
2    -91
3    -186
4    -153
5    -136
6    -112
7    -92
8    -125
9    -79
10    -93
11    -129
12    -155
13    -133
14    -104
15    -95
16    -120
17    -84
18    -72
19    -113
20    -162
21    -144
22    -99
23    -80
24    -142
25    -81
26    -74
27    -103
28    -144
29    -152
30    -113
31    -96
32    -137
33    -74
34    -98
35    7147
36    -140
37    -140
38    -104
39    -90
40    -118
41    -95
42    -92
43    -138
44    -130
45    -145
46    -106
47    -93
48    -128
49    -107
50    -97
51    -138
52    -132
53    -147
54    -99
55    -93
56    -133
57    -94
58    -72
59    -106
60    -142
61    -107
62    -83
63    -86
64    -140
;
param SUPP36 :=
1    -77
2    -90
3    -140
4    -152
5    -164
6    -123
7    -110
8    -126
9    -92
10    -84
11    -104
12    -142
13    -128
14    -92
15    -71
16    -111
17    -91
18    -92
19    -115
20    -135
21    -132
22    -94
23    -78
24    -89
25    -91
26    -93
27    -113
28    -122
29    -145
30    -93
31    -88
32    -127
33    -91
34    -94
35    -120
36    6920
37    -167
38    -104
39    -79
40    -118
41    -92
42    -81
43    -139
44    -135
45    -135
46    -101
47    -88
48    -140
49    -100
50    -99
51    -92
52    -165
53    -169
54    -83
55    -96
56    -126
57    -93
58    -78
59    -114
60    -121
61    -102
62    -73
63    -84
64    -137
;
param SUPP37 :=
1    -84
2    -93
3    -148
4    -149
5    -120
6    -109
7    -88
8    -95
9    -99
10    -103
11    -144
12    -128
13    -132
14    -91
15    -72
16    -115
17    -71
18    -65
19    -129
20    -131
21    -136
22    -107
23    -76
24    -118
25    -91
26    -87
27    -119
28    -129
29    -132
30    -92
31    -92
32    -137
33    -69
34    -82
35    -139
36    -152
37    6971
38    -104
39    -95
40    -111
41    -101
42    -95
43    -120
44    -160
45    -148
46    -125
47    -83
48    -159
49    -85
50    -90
51    -148
52    -119
53    -156
54    -101
55    -76
56    -122
57    -122
58    -99
59    -122
60    -103
61    -110
62    -95
63    -65
64    -133
;
param SUPP38 :=
1    -85
2    -108
3    -134
4    -141
5    -143
6    -102
7    -75
8    -108
9    -81
10    -83
11    -139
12    -148
13    -145
14    -97
15    -91
16    -135
17    -89
18    -84
19    -117
20    -131
21    -116
22    -104
23    -80
24    -87
25    -83
26    -81
27    -110
28    -139
29    -143
30    -99
31    -79
32    -126
33    -106
34    -89
35    -133
36    -148
37    -156
38    6987
39    -94
40    -124
41    -90
42    -83
43    -145
44    -154
45    -142
46    -113
47    -90
48    -128
49    -99
50    -83
51    -139
52    -134
53    -144
54    -117
55    -100
56    -135
57    -113
58    -75
59    -85
60    -114
61    -88
62    -80
63    -70
64    -133
;
param SUPP39 :=
1    -79
2    -118
3    -141
4    -134
5    -128
6    -121
7    -105
8    -121
9    -111
10    -83
11    -149
12    -143
13    -121
14    -101
15    -81
16    -124
17    -85
18    -81
19    -108
20    -137
21    -140
22    -100
23    -80
24    -108
25    -90
26    -71
27    -129
28    -145
29    -141
30    -103
31    -71
32    -126
33    -91
34    -89
35    -173
36    -153
37    -151
38    -105
39    7150
40    -123
41    -94
42    -88
43    -130
44    -150
45    -154
46    -94
47    -98
48    -135
49    -89
50    -86
51    -142
52    -145
53    -126
54    -115
55    -99
56    -130
57    -97
58    -82
59    -118
60    -119
61    -113
62    -87
63    -74
64    -125
;
param SUPP40 :=
1    -75
2    -107
3    -133
4    -121
5    -148
6    -118
7    -93
8    -122
9    -89
10    -96
11    -128
12    -160
13    -121
14    -104
15    -66
16    -123
17    -75
18    -78
19    -125
20    -116
21    -126
22    -114
23    -72
24    -99
25    -74
26    -104
27    -113
28    -155
29    -136
30    -88
31    -91
32    -139
33    -77
34    -97
35    -122
36    -146
37    -140
38    -95
39    -84
40    6999
41    -85
42    -90
43    -158
44    -157
45    -170
46    -100
47    -74
48    -133
49    -84
50    -94
51    -151
52    -136
53    -149
54    -141
55    -74
56    -122
57    -107
58    -92
59    -106
60    -141
61    -101
62    -70
63    -74
64    -120
;
param SUPP41 :=
1    -75
2    -105
3    -138
4    -156
5    -155
6    -118
7    -99
8    -102
9    -109
10    -81
11    -140
12    -162
13    -136
14    -105
15    -84
16    -116
17    -82
18    -72
19    -143
20    -140
21    -121
22    -111
23    -91
24    -140
25    -77
26    -97
27    -132
28    -137
29    -157
30    -109
31    -79
32    -105
33    -89
34    -83
35    -155
36    -152
37    -140
38    -110
39    -100
40    -136
41    7255
42    -90
43    -139
44    -151
45    -141
46    -134
47    -79
48    -132
49    -85
50    -105
51    -139
52    -146
53    -159
54    -96
55    -77
56    -134
57    -113
58    -65
59    -95
60    -116
61    -107
62    -90
63    -87
64    -136
;
param SUPP42 :=
1    -81
2    -98
3    -146
4    -143
5    -150
6    -117
7    -70
8    -106
9    -70
10    -80
11    -139
12    -131
13    -131
14    -105
15    -68
16    -105
17    -92
18    -91
19    -128
20    -168
21    -131
22    -98
23    -92
24    -115
25    -84
26    -91
27    -95
28    -132
29    -137
30    -139
31    -86
32    -129
33    -79
34    -69
35    -137
36    -130
37    -141
38    -108
39    -96
40    -118
41    -110
42    7014
43    -151
44    -137
45    -140
46    -108
47    -88
48    -130
49    -109
50    -87
51    -135
52    -117
53    -116
54    -97
55    -89
56    -121
57    -102
58    -80
59    -108
60    -128
61    -103
62    -98
63    -86
64    -148
;
param SUPP43 :=
1    -80
2    -102
3    -140
4    -170
5    -167
6    -131
7    -97
8    -109
9    -89
10    -85
11    -126
12    -129
13    -164
14    -111
15    -88
16    -131
17    -91
18    -74
19    -110
20    -141
21    -122
22    -102
23    -80
24    -107
25    -79
26    -83
27    -108
28    -128
29    -128
30    -114
31    -93
32    -148
33    -92
34    -89
35    -165
36    -135
37    -133
38    -123
39    -102
40    -126
41    -93
42    -80
43    7091
44    -119
45    -156
46    -99
47    -85
48    -147
49    -83
50    -91
51    -119
52    -141
53    -142
54    -114
55    -80
56    -127
57    -99
58    -80
59    -107
60    -116
61    -115
62    -91
63    -65
64    -150
;
param SUPP44 :=
1    -82
2    -108
3    -148
4    -134
5    -161
6    -116
7    -94
8    -107
9    -82
10    -84
11    -133
12    -142
13    -135
14    -114
15    -71
16    -139
17    -61
18    -76
19    -137
20    -146
21    -143
22    -105
23    -86
24    -120
25    -83
26    -93
27    -153
28    -146
29    -145
30    -115
31    -87
32    -126
33    -83
34    -82
35    -154
36    -133
37    -170
38    -102
39    -94
40    -144
41    -72
42    -84
43    -132
44    7164
45    -148
46    -115
47    -86
48    -132
49    -85
50    -90
51    -117
52    -165
53    -146
54    -122
55    -84
56    -142
57    -96
58    -83
59    -115
60    -112
61    -101
62    -97
63    -69
64    -137
;
param SUPP45 :=
1    -73
2    -82
3    -156
4    -167
5    -165
6    -131
7    -89
8    -128
9    -76
10    -71
11    -158
12    -149
13    -147
14    -89
15    -76
16    -109
17    -71
18    -94
19    -137
20    -159
21    -141
22    -100
23    -86
24    -108
25    -84
26    -83
27    -135
28    -146
29    -133
30    -107
31    -81
32    -121
33    -108
34    -92
35    -140
36    -137
37    -149
38    -121
39    -80
40    -128
41    -108
42    -100
43    -153
44    -144
45    7117
46    -108
47    -84
48    -128
49    -85
50    -86
51    -130
52    -132
53    -141
54    -110
55    -71
56    -112
57    -98
58    -86
59    -108
60    -134
61    -89
62    -91
63    -84
64    -128
;
param SUPP46 :=
1    -64
2    -100
3    -146
4    -146
5    -147
6    -112
7    -97
8    -116
9    -80
10    -74
11    -141
12    -132
13    -147
14    -79
15    -92
16    -124
17    -82
18    -95
19    -124
20    -161
21    -143
22    -109
23    -58
24    -128
25    -69
26    -98
27    -142
28    -140
29    -159
30    -116
31    -84
32    -144
33    -86
34    -75
35    -132
36    -150
37    -112
38    -90
39    -84
40    -115
41    -87
42    -80
43    -128
44    -106
45    -161
46    6990
47    -91
48    -112
49    -95
50    -67
51    -144
52    -144
53    -133
54    -108
55    -88
56    -143
57    -108
58    -87
59    -93
60    -125
61    -98
62    -77
63    -82
64    -140
;
param SUPP47 :=
1    -81
2    -105
3    -134
4    -153
5    -144
6    -110
7    -87
8    -106
9    -71
10    -89
11    -139
12    -148
13    -129
14    -112
15    -78
16    -112
17    -81
18    -85
19    -119
20    -127
21    -146
22    -104
23    -71
24    -119
25    -81
26    -92
27    -131
28    -140
29    -138
30    -109
31    -82
32    -140
33    -89
34    -92
35    -156
36    -162
37    -137
38    -84
39    -85
40    -164
41    -92
42    -100
43    -120
44    -151
45    -147
46    -104
47    7112
48    -118
49    -95
50    -89
51    -121
52    -170
53    -159
54    -105
55    -92
56    -135
57    -110
58    -70
59    -116
60    -112
61    -108
62    -83
63    -60
64    -123
;
param SUPP48 :=
1    -73
2    -117
3    -134
4    -139
5    -154
6    -117
7    -88
8    -91
9    -87
10    -96
11    -126
12    -161
13    -122
14    -106
15    -71
16    -130
17    -77
18    -103
19    -116
20    -141
21    -145
22    -96
23    -62
24    -121
25    -68
26    -86
27    -101
28    -148
29    -153
30    -100
31    -86
32    -158
33    -86
34    -97
35    -153
36    -150
37    -128
38    -109
39    -79
40    -151
41    -89
42    -103
43    -129
44    -134
45    -144
46    -113
47    -78
48    7037
49    -88
50    -74
51    -144
52    -156
53    -133
54    -92
55    -85
56    -127
57    -96
58    -92
59    -112
60    -118
61    -107
62    -67
63    -70
64    -160
;
param SUPP49 :=
1    -91
2    -119
3    -148
4    -144
5    -131
6    -114
7    -76
8    -120
9    -91
10    -93
11    -139
12    -135
13    -123
14    -100
15    -110
16    -127
17    -87
18    -85
19    -101
20    -159
21    -128
22    -124
23    -74
24    -99
25    -93
26    -79
27    -111
28    -163
29    -140
30    -104
31    -83
32    -122
33    -99
34    -86
35    -133
36    -152
37    -131
38    -122
39    -82
40    -130
41    -93
42    -95
43    -126
44    -128
45    -120
46    -116
47    -83
48    -126
49    7052
50    -107
51    -125
52    -119
53    -132
54    -115
55    -90
56    -131
57    -95
58    -97
59    -93
60    -116
61    -106
62    -81
63    -77
64    -133
;
param SUPP50 :=
1    -95
2    -101
3    -117
4    -132
5    -163
6    -128
7    -94
8    -93
9    -95
10    -83
11    -122
12    -140
13    -114
14    -103
15    -82
16    -97
17    -92
18    -86
19    -129
20    -147
21    -136
22    -102
23    -76
24    -107
25    -84
26    -92
27    -156
28    -132
29    -132
30    -122
31    -92
32    -137
33    -84
34    -84
35    -163
36    -132
37    -175
38    -96
39    -85
40    -135
41    -103
42    -88
43    -152
44    -145
45    -135
46    -105
47    -85
48    -138
49    -91
50    7135
51    -130
52    -144
53    -130
54    -109
55    -91
56    -105
57    -121
58    -78
59    -106
60    -137
61    -92
62    -73
63    -79
64    -163
;
param SUPP51 :=
1    -86
2    -102
3    -151
4    -136
5    -150
6    -103
7    -89
8    -123
9    -75
10    -100
11    -131
12    -114
13    -155
14    -111
15    -105
16    -109
17    -83
18    -73
19    -125
20    -149
21    -120
22    -96
23    -79
24    -109
25    -85
26    -84
27    -142
28    -161
29    -138
30    -84
31    -83
32    -139
33    -83
34    -84
35    -125
36    -134
37    -140
38    -102
39    -94
40    -118
41    -93
42    -102
43    -124
44    -138
45    -150
46    -108
47    -101
48    -112
49    -96
50    -82
51    7004
52    -133
53    -156
54    -110
55    -88
56    -121
57    -94
58    -97
59    -104
60    -111
61    -86
62    -85
63    -78
64    -165
;
param SUPP52 :=
1    -86
2    -87
3    -135
4    -150
5    -156
6    -118
7    -75
8    -122
9    -80
10    -86
11    -129
12    -157
13    -130
14    -84
15    -78
16    -130
17    -87
18    -78
19    -120
20    -152
21    -139
22    -86
23    -72
24    -127
25    -83
26    -88
27    -132
28    -160
29    -138
30    -97
31    -87
32    -130
33    -95
34    -97
35    -121
36    -123
37    -130
38    -106
39    -83
40    -120
41    -92
42    -96
43    -140
44    -135
45    -127
46    -94
47    -91
48    -123
49    -78
50    -92
51    -120
52    6909
53    -140
54    -102
55    -94
56    -124
57    -103
58    -85
59    -98
60    -115
61    -104
62    -74
63    -92
64    -136
;
param SUPP53 :=
1    -83
2    -109
3    -159
4    -173
5    -165
6    -108
7    -91
8    -103
9    -125
10    -101
11    -152
12    -141
13    -113
14    -111
15    -73
16    -111
17    -102
18    -75
19    -137
20    -140
21    -146
22    -102
23    -82
24    -131
25    -76
26    -73
27    -133
28    -133
29    -140
30    -93
31    -95
32    -148
33    -108
34    -86
35    -153
36    -148
37    -151
38    -106
39    -101
40    -129
41    -100
42    -92
43    -142
44    -171
45    -156
46    -97
47    -84
48    -128
49    -85
50    -81
51    -125
52    -149
53    7269
54    -106
55    -100
56    -140
57    -96
58    -84
59    -112
60    -108
61    -98
62    -92
63    -78
64    -139
;
param SUPP54 :=
1    -72
2    -98
3    -148
4    -127
5    -179
6    -111
7    -75
8    -105
9    -87
10    -104
11    -178
12    -132
13    -135
14    -106
15    -69
16    -124
17    -61
18    -87
19    -116
20    -141
21    -120
22    -103
23    -81
24    -117
25    -91
26    -81
27    -134
28    -136
29    -128
30    -103
31    -82
32    -118
33    -91
34    -84
35    -139
36    -142
37    -132
38    -104
39    -97
40    -139
41    -88
42    -85
43    -147
44    -114
45    -180
46    -90
47    -79
48    -132
49    -80
50    -84
51    -129
52    -166
53    -163
54    7002
55    -86
56    -114
57    -92
58    -92
59    -99
60    -125
61    -98
62    -96
63    -64
64    -122
;
param SUPP55 :=
1    -77
2    -118
3    -145
4    -139
5    -145
6    -131
7    -111
8    -111
9    -76
10    -96
11    -136
12    -149
13    -140
14    -90
15    -86
16    -136
17    -94
18    -76
19    -132
20    -142
21    -139
22    -103
23    -87
24    -114
25    -85
26    -98
27    -131
28    -137
29    -141
30    -97
31    -85
32    -107
33    -108
34    -108
35    -135
36    -154
37    -164
38    -126
39    -107
40    -133
41    -97
42    -108
43    -115
44    -150
45    -142
46    -111
47    -101
48    -134
49    -107
50    -91
51    -134
52    -167
53    -140
54    -99
55    7280
56    -120
57    -82
58    -88
59    -112
60    -104
61    -106
62    -84
63    -77
64    -122
;
param SUPP56 :=
1    -83
2    -90
3    -138
4    -134
5    -156
6    -152
7    -75
8    -117
9    -93
10    -89
11    -127
12    -145
13    -148
14    -94
15    -84
16    -120
17    -83
18    -77
19    -114
20    -137
21    -110
22    -106
23    -84
24    -110
25    -91
26    -113
27    -108
28    -152
29    -148
30    -120
31    -97
32    -115
33    -87
34    -97
35    -156
36    -130
37    -186
38    -108
39    -95
40    -131
41    -96
42    -95
43    -156
44    -133
45    -140
46    -124
47    -75
48    -121
49    -82
50    -77
51    -119
52    -139
53    -152
54    -100
55    -88
56    7132
57    -110
58    -77
59    -104
60    -124
61    -94
62    -88
63    -90
64    -148
;
param SUPP57 :=
1    -90
2    -109
3    -148
4    -148
5    -146
6    -110
7    -85
8    -115
9    -88
10    -83
11    -113
12    -134
13    -131
14    -105
15    -90
16    -129
17    -89
18    -82
19    -109
20    -130
21    -139
22    -110
23    -89
24    -125
25    -111
26    -93
27    -110
28    -164
29    -141
30    -122
31    -84
32    -112
33    -74
34    -93
35    -118
36    -138
37    -142
38    -94
39    -88
40    -130
41    -89
42    -94
43    -130
44    -172
45    -135
46    -90
47    -83
48    -145
49    -79
50    -89
51    -126
52    -149
53    -137
54    -103
55    -88
56    -134
57    7047
58    -85
59    -107
60    -112
61    -100
62    -83
63    -83
64    -123
;
param SUPP58 :=
1    -80
2    -94
3    -148
4    -137
5    -130
6    -103
7    -85
8    -120
9    -78
10    -114
11    -135
12    -143
13    -134
14    -92
15    -60
16    -124
17    -84
18    -93
19    -115
20    -147
21    -143
22    -105
23    -88
24    -114
25    -86
26    -101
27    -126
28    -152
29    -143
30    -89
31    -74
32    -117
33    -76
34    -92
35    -115
36    -164
37    -131
38    -96
39    -92
40    -122
41    -109
42    -75
43    -157
44    -150
45    -132
46    -113
47    -94
48    -143
49    -83
50    -104
51    -115
52    -136
53    -144
54    -103
55    -92
56    -122
57    -100
58    7042
59    -115
60    -115
61    -104
62    -86
63    -77
64    -131
;
param SUPP59 :=
1    -81
2    -93
3    -157
4    -145
5    -130
6    -127
7    -89
8    -113
9    -117
10    -86
11    -134
12    -130
13    -120
14    -100
15    -84
16    -121
17    -74
18    -82
19    -112
20    -152
21    -120
22    -108
23    -80
24    -125
25    -84
26    -80
27    -108
28    -153
29    -135
30    -123
31    -84
32    -127
33    -101
34    -90
35    -128
36    -154
37    -141
38    -129
39    -105
40    -135
41    -101
42    -94
43    -125
44    -129
45    -153
46    -109
47    -97
48    -124
49    -91
50    -76
51    -132
52    -141
53    -128
54    -103
55    -101
56    -132
57    -90
58    -88
59    7077
60    -117
61    -91
62    -84
63    -74
64    -140
;
param SUPP60 :=
1    -80
2    -115
3    -140
4    -160
5    -143
6    -125
7    -82
8    -112
9    -92
10    -101
11    -121
12    -134
13    -116
14    -100
15    -77
16    -121
17    -93
18    -87
19    -105
20    -141
21    -136
22    -101
23    -87
24    -118
25    -92
26    -88
27    -135
28    -147
29    -128
30    -126
31    -87
32    -133
33    -96
34    -93
35    -141
36    -127
37    -153
38    -110
39    -77
40    -141
41    -91
42    -99
43    -137
44    -156
45    -165
46    -122
47    -101
48    -108
49    -87
50    -80
51    -115
52    -143
53    -113
54    -105
55    -75
56    -108
57    -120
58    -76
59    -104
60    7069
61    -104
62    -93
63    -65
64    -141
;
param SUPP61 :=
1    -89
2    -105
3    -149
4    -132
5    -149
6    -122
7    -90
8    -101
9    -83
10    -96
11    -131
12    -146
13    -123
14    -96
15    -84
16    -121
17    -93
18    -89
19    -107
20    -148
21    -146
22    -103
23    -71
24    -99
25    -83
26    -92
27    -138
28    -137
29    -163
30    -112
31    -92
32    -130
33    -104
34    -89
35    -121
36    -156
37    -149
38    -84
39    -87
40    -103
41    -103
42    -90
43    -128
44    -152
45    -132
46    -103
47    -81
48    -111
49    -104
50    -82
51    -124
52    -147
53    -132
54    -108
55    -82
56    -129
57    -90
58    -102
59    -91
60    -102
61    7013
62    -87
63    -75
64    -145
;
param SUPP62 :=
1    -71
2    -116
3    -156
4    -128
5    -125
6    -118
7    -84
8    -115
9    -109
10    -75
11    -120
12    -124
13    -118
14    -99
15    -72
16    -113
17    -79
18    -75
19    -121
20    -155
21    -145
22    -122
23    -92
24    -126
25    -96
26    -61
27    -117
28    -165
29    -142
30    -110
31    -68
32    -141
33    -81
34    -85
35    -139
36    -145
37    -155
38    -104
39    -82
40    -142
41    -91
42    -78
43    -122
44    -152
45    -142
46    -112
47    -83
48    -127
49    -100
50    -82
51    -115
52    -148
53    -128
54    -96
55    -82
56    -119
57    -97
58    -85
59    -99
60    -126
61    -101
62    6990
63    -71
64    -143
;
param SUPP63 :=
1    -79
2    -82
3    -147
4    -148
5    -161
6    -118
7    -78
8    -105
9    -101
10    -81
11    -126
12    -147
13    -138
14    -94
15    -76
16    -125
17    -85
18    -84
19    -119
20    -152
21    -145
22    -111
23    -63
24    -114
25    -79
26    -96
27    -127
28    -136
29    -127
30    -115
31    -87
32    -122
33    -89
34    -96
35    -116
36    -134
37    -157
38    -97
39    -70
40    -125
41    -79
42    -104
43    -136
44    -131
45    -147
46    -106
47    -98
48    -127
49    -88
50    -79
51    -126
52    -152
53    -121
54    -101
55    -79
56    -138
57    -111
58    -76
59    -112
60    -115
61    -122
62    -91
63    7015
64    -124
;
param SUPP64 :=
1    -87
2    -97
3    -142
4    -159
5    -143
6    -118
7    -102
8    -114
9    -93
10    -93
11    -155
12    -150
13    -146
14    -97
15    -78
16    -112
17    -85
18    -69
19    -112
20    -148
21    -124
22    -119
23    -73
24    -117
25    -82
26    -91
27    -157
28    -139
29    -151
30    -116
31    -88
32    -132
33    -110
34    -99
35    -127
36    -143
37    -132
38    -105
39    -78
40    -124
41    -86
42    -95
43    -113
44    -123
45    -145
46    -100
47    -94
48    -140
49    -87
50    -81
51    -119
52    -142
53    -128
54    -117
55    -75
56    -126
57    -94
58    -76
59    -110
60    -105
61    -89
62    -75
63    -79
64    7006
;
