param SUPP1 :=
1    7363
2    -66
3    -164
4    -204
5    -178
6    -131
7    -60
8    -87
9    -80
10    -74
11    -138
12    -182
13    -152
14    -107
15    -74
16    -132
17    -78
18    -78
19    -146
20    -172
21    -163
22    -115
23    -68
24    -114
25    -60
26    -68
27    -152
28    -198
29    -150
30    -107
31    -67
32    -133
33    -77
34    -70
35    -182
36    -169
37    -170
38    -104
39    -80
40    -106
41    -68
42    -71
43    -161
44    -191
45    -154
46    -109
47    -64
48    -146
49    -60
50    -55
51    -148
52    -198
53    -126
54    -93
55    -64
56    -126
57    -96
58    -90
59    -114
60    -133
61    -116
62    -77
63    -55
64    -192
;
param SUPP2 :=
1    -52
2    7498
3    -160
4    -173
5    -171
6    -119
7    -66
8    -113
9    -78
10    -55
11    -139
12    -179
13    -175
14    -101
15    -74
16    -106
17    -73
18    -73
19    -128
20    -167
21    -160
22    -122
23    -69
24    -137
25    -79
26    -74
27    -155
28    -201
29    -174
30    -99
31    -80
32    -131
33    -80
34    -71
35    -147
36    -201
37    -149
38    -107
39    -58
40    -141
41    -67
42    -81
43    -153
44    -177
45    -164
46    -112
47    -83
48    -127
49    -63
50    -75
51    -137
52    -213
53    -156
54    -105
55    -81
56    -140
57    -121
58    -78
59    -114
60    -143
61    -119
62    -89
63    -52
64    -211
;
param SUPP3 :=
1    -51
2    -66
3    7326
4    -194
5    -168
6    -123
7    -69
8    -100
9    -76
10    -62
11    -153
12    -204
13    -158
14    -104
15    -74
16    -118
17    -67
18    -85
19    -127
20    -174
21    -170
22    -98
23    -61
24    -141
25    -68
26    -55
27    -152
28    -169
29    -156
30    -98
31    -75
32    -139
33    -81
34    -70
35    -143
36    -198
37    -160
38    -96
39    -66
40    -123
41    -74
42    -90
43    -147
44    -194
45    -158
46    -125
47    -68
48    -148
49    -74
50    -71
51    -142
52    -200
53    -156
54    -101
55    -73
56    -120
57    -115
58    -72
59    -105
60    -172
61    -138
62    -69
63    -60
64    -162
;
param SUPP4 :=
1    -52
2    -61
3    -149
4    7356
5    -160
6    -129
7    -76
8    -109
9    -73
10    -68
11    -148
12    -189
13    -146
14    -82
15    -63
16    -128
17    -90
18    -68
19    -114
20    -196
21    -158
22    -114
23    -65
24    -134
25    -62
26    -71
27    -153
28    -205
29    -178
30    -115
31    -65
32    -125
33    -82
34    -71
35    -151
36    -205
37    -181
38    -116
39    -64
40    -134
41    -65
42    -80
43    -136
44    -184
45    -159
46    -116
47    -75
48    -127
49    -63
50    -72
51    -165
52    -218
53    -162
54    -109
55    -65
56    -120
57    -122
58    -83
59    -102
60    -141
61    -116
62    -87
63    -55
64    -184
;
param SUPP5 :=
1    -42
2    -99
3    -159
4    -202
5    7212
6    -125
7    -70
8    -101
9    -74
10    -71
11    -142
12    -172
13    -174
14    -96
15    -60
16    -120
17    -60
18    -85
19    -133
20    -215
21    -181
22    -104
23    -56
24    -139
25    -69
26    -46
27    -144
28    -179
29    -166
30    -95
31    -70
32    -125
33    -62
34    -68
35    -160
36    -190
37    -169
38    -98
39    -67
40    -124
41    -73
42    -52
43    -157
44    -171
45    -161
46    -105
47    -75
48    -149
49    -65
50    -76
51    -118
52    -194
53    -136
54    -88
55    -69
56    -115
57    -115
58    -67
59    -123
60    -138
61    -106
62    -80
63    -53
64    -214
;
param SUPP6 :=
1    -35
2    -65
3    -129
4    -184
5    -151
6    7246
7    -80
8    -106
9    -74
10    -68
11    -156
12    -180
13    -179
14    -90
15    -77
16    -111
17    -83
18    -76
19    -129
20    -164
21    -156
22    -86
23    -76
24    -147
25    -73
26    -77
27    -146
28    -212
29    -162
30    -116
31    -79
32    -123
33    -62
34    -56
35    -139
36    -208
37    -154
38    -99
39    -55
40    -124
41    -72
42    -65
43    -143
44    -177
45    -158
46    -101
47    -73
48    -138
49    -62
50    -73
51    -136
52    -169
53    -144
54    -106
55    -60
56    -130
57    -122
58    -71
59    -143
60    -164
61    -124
62    -77
63    -56
64    -195
;
param SUPP7 :=
1    -50
2    -59
3    -159
4    -174
5    -180
6    -125
7    7326
8    -102
9    -79
10    -70
11    -145
12    -209
13    -165
14    -103
15    -70
16    -113
17    -82
18    -58
19    -128
20    -193
21    -154
22    -101
23    -69
24    -119
25    -74
26    -54
27    -154
28    -176
29    -166
30    -115
31    -72
32    -119
33    -77
34    -56
35    -132
36    -180
37    -167
38    -127
39    -76
40    -122
41    -72
42    -65
43    -168
44    -172
45    -172
46    -95
47    -83
48    -137
49    -75
50    -76
51    -147
52    -178
53    -167
54    -98
55    -64
56    -106
57    -109
58    -79
59    -110
60    -159
61    -123
62    -83
63    -46
64    -168
;
param SUPP8 :=
1    -67
2    -65
3    -151
4    -194
5    -183
6    -122
7    -72
8    7236
9    -62
10    -72
11    -153
12    -197
13    -155
14    -100
15    -69
16    -116
17    -82
18    -54
19    -126
20    -228
21    -157
22    -89
23    -65
24    -127
25    -66
26    -70
27    -114
28    -163
29    -153
30    -98
31    -55
32    -137
33    -72
34    -74
35    -148
36    -197
37    -157
38    -108
39    -74
40    -125
41    -76
42    -77
43    -150
44    -167
45    -152
46    -101
47    -75
48    -126
49    -77
50    -73
51    -126
52    -184
53    -167
54    -100
55    -68
56    -124
57    -97
58    -84
59    -108
60    -149
61    -119
62    -77
63    -62
64    -180
;
param SUPP9 :=
1    -44
2    -66
3    -173
4    -196
5    -206
6    -103
7    -75
8    -89
9    7436
10    -68
11    -147
12    -202
13    -169
14    -105
15    -59
16    -122
17    -52
18    -70
19    -122
20    -181
21    -201
22    -100
23    -71
24    -108
25    -81
26    -73
27    -142
28    -175
29    -178
30    -116
31    -60
32    -136
33    -76
34    -79
35    -150
36    -185
37    -171
38    -107
39    -53
40    -111
41    -66
42    -74
43    -141
44    -180
45    -172
46    -95
47    -80
48    -121
49    -82
50    -68
51    -150
52    -191
53    -168
54    -116
55    -68
56    -141
57    -111
58    -92
59    -119
60    -147
61    -129
62    -79
63    -46
64    -178
;
param SUPP10 :=
1    -47
2    -64
3    -161
4    -203
5    -152
6    -119
7    -72
8    -92
9    -65
10    7354
11    -156
12    -189
13    -143
14    -106
15    -70
16    -131
17    -81
18    -83
19    -146
20    -167
21    -183
22    -114
23    -81
24    -129
25    -72
26    -66
27    -128
28    -177
29    -165
30    -111
31    -80
32    -132
33    -73
34    -80
35    -148
36    -165
37    -174
38    -107
39    -76
40    -108
41    -61
42    -76
43    -152
44    -187
45    -179
46    -102
47    -73
48    -143
49    -67
50    -60
51    -128
52    -182
53    -152
54    -116
55    -70
56    -126
57    -94
58    -77
59    -108
60    -157
61    -108
62    -80
63    -56
64    -184
;
param SUPP11 :=
1    -45
2    -65
3    -162
4    -185
5    -181
6    -111
7    -78
8    -84
9    -77
10    -78
11    7065
12    -176
13    -160
14    -98
15    -54
16    -122
17    -65
18    -56
19    -121
20    -191
21    -163
22    -97
23    -77
24    -103
25    -59
26    -82
27    -142
28    -170
29    -140
30    -100
31    -73
32    -106
33    -73
34    -66
35    -146
36    -159
37    -196
38    -91
39    -84
40    -131
41    -80
42    -78
43    -157
44    -159
45    -159
46    -98
47    -67
48    -136
49    -74
50    -73
51    -149
52    -194
53    -126
54    -114
55    -69
56    -131
57    -103
58    -76
59    -126
60    -118
61    -108
62    -84
63    -59
64    -160
;
param SUPP12 :=
1    -39
2    -76
3    -139
4    -205
5    -163
6    -113
7    -71
8    -93
9    -64
10    -68
11    -130
12    7206
13    -166
14    -102
15    -59
16    -121
17    -57
18    -71
19    -136
20    -185
21    -162
22    -98
23    -69
24    -109
25    -75
26    -76
27    -147
28    -188
29    -169
30    -115
31    -82
32    -103
33    -78
34    -62
35    -170
36    -202
37    -190
38    -116
39    -56
40    -125
41    -64
42    -84
43    -169
44    -212
45    -167
46    -119
47    -77
48    -133
49    -69
50    -64
51    -119
52    -188
53    -148
54    -104
55    -60
56    -142
57    -119
58    -66
59    -115
60    -152
61    -108
62    -62
63    -47
64    -168
;
param SUPP13 :=
1    -34
2    -74
3    -157
4    -177
5    -163
6    -112
7    -67
8    -87
9    -61
10    -51
11    -148
12    -185
13    7237
14    -98
15    -52
16    -121
17    -62
18    -73
19    -143
20    -197
21    -154
22    -105
23    -52
24    -130
25    -60
26    -62
27    -146
28    -182
29    -164
30    -115
31    -70
32    -144
33    -75
34    -85
35    -144
36    -165
37    -168
38    -101
39    -76
40    -140
41    -59
42    -68
43    -159
44    -156
45    -164
46    -114
47    -79
48    -133
49    -85
50    -90
51    -154
52    -206
53    -142
54    -96
55    -66
56    -143
57    -125
58    -100
59    -120
60    -135
61    -127
62    -79
63    -62
64    -175
;
param SUPP14 :=
1    -39
2    -88
3    -160
4    -212
5    -164
6    -112
7    -69
8    -97
9    -85
10    -77
11    -110
12    -190
13    -152
14    7307
15    -64
16    -123
17    -63
18    -70
19    -143
20    -217
21    -146
22    -97
23    -75
24    -126
25    -68
26    -67
27    -149
28    -170
29    -162
30    -95
31    -62
32    -142
33    -74
34    -91
35    -140
36    -187
37    -163
38    -127
39    -71
40    -124
41    -72
42    -64
43    -147
44    -208
45    -171
46    -112
47    -79
48    -114
49    -86
50    -80
51    -144
52    -188
53    -150
54    -94
55    -70
56    -118
57    -98
58    -63
59    -106
60    -155
61    -119
62    -75
63    -51
64    -172
;
param SUPP15 :=
1    -45
2    -69
3    -144
4    -193
5    -187
6    -132
7    -76
8    -100
9    -60
10    -68
11    -145
12    -192
13    -190
14    -109
15    7244
16    -108
17    -57
18    -56
19    -152
20    -170
21    -152
22    -103
23    -68
24    -107
25    -84
26    -72
27    -128
28    -180
29    -169
30    -98
31    -59
32    -147
33    -79
34    -75
35    -157
36    -170
37    -151
38    -109
39    -74
40    -134
41    -82
42    -75
43    -146
44    -183
45    -154
46    -117
47    -68
48    -124
49    -73
50    -62
51    -129
52    -179
53    -154
54    -91
55    -61
56    -110
57    -88
58    -71
59    -128
60    -158
61    -101
62    -78
63    -59
64    -184
;
param SUPP16 :=
1    -45
2    -62
3    -150
4    -208
5    -174
6    -109
7    -66
8    -118
9    -70
10    -64
11    -140
12    -181
13    -162
14    -107
15    -66
16    7235
17    -71
18    -74
19    -129
20    -175
21    -144
22    -103
23    -62
24    -116
25    -61
26    -82
27    -141
28    -179
29    -173
30    -101
31    -75
32    -144
33    -65
34    -71
35    -131
36    -194
37    -152
38    -108
39    -80
40    -123
41    -70
42    -69
43    -152
44    -177
45    -153
46    -108
47    -72
48    -130
49    -63
50    -57
51    -149
52    -179
53    -164
54    -113
55    -61
56    -116
57    -117
58    -74
59    -135
60    -157
61    -120
62    -71
63    -64
64    -188
;
param SUPP17 :=
1    -45
2    -73
3    -143
4    -197
5    -160
6    -117
7    -64
8    -122
9    -72
10    -60
11    -121
12    -198
13    -172
14    -108
15    -67
16    -128
17    7274
18    -63
19    -137
20    -199
21    -152
22    -108
23    -68
24    -109
25    -80
26    -69
27    -158
28    -153
29    -163
30    -105
31    -70
32    -118
33    -71
34    -75
35    -152
36    -188
37    -159
38    -105
39    -79
40    -112
41    -63
42    -68
43    -155
44    -195
45    -138
46    -112
47    -71
48    -122
49    -65
50    -57
51    -131
52    -160
53    -168
54    -102
55    -83
56    -116
57    -100
58    -74
59    -140
60    -152
61    -120
62    -83
63    -52
64    -207
;
param SUPP18 :=
1    -43
2    -75
3    -151
4    -201
5    -164
6    -127
7    -64
8    -123
9    -85
10    -62
11    -130
12    -194
13    -175
14    -117
15    -72
16    -112
17    -76
18    7480
19    -126
20    -177
21    -163
22    -89
23    -80
24    -112
25    -87
26    -62
27    -149
28    -185
29    -159
30    -121
31    -59
32    -135
33    -79
34    -84
35    -137
36    -206
37    -161
38    -97
39    -76
40    -139
41    -81
42    -77
43    -154
44    -198
45    -174
46    -109
47    -76
48    -117
49    -74
50    -71
51    -141
52    -180
53    -160
54    -113
55    -76
56    -114
57    -129
58    -74
59    -119
60    -152
61    -96
62    -81
63    -62
64    -198
;
param SUPP19 :=
1    -39
2    -77
3    -174
4    -189
5    -166
6    -123
7    -72
8    -92
9    -65
10    -67
11    -129
12    -197
13    -169
14    -120
15    -66
16    -129
17    -51
18    -54
19    7281
20    -183
21    -156
22    -133
23    -64
24    -143
25    -78
26    -68
27    -142
28    -185
29    -161
30    -95
31    -80
32    -128
33    -83
34    -67
35    -153
36    -173
37    -155
38    -119
39    -72
40    -124
41    -74
42    -72
43    -128
44    -191
45    -158
46    -113
47    -65
48    -125
49    -70
50    -68
51    -141
52    -198
53    -171
54    -93
55    -70
56    -134
57    -107
58    -74
59    -108
60    -144
61    -121
62    -89
63    -52
64    -174
;
param SUPP20 :=
1    -45
2    -68
3    -159
4    -194
5    -175
6    -124
7    -77
8    -106
9    -78
10    -65
11    -136
12    -193
13    -160
14    -108
15    -67
16    -121
17    -57
18    -67
19    -133
20    7128
21    -152
22    -111
23    -63
24    -106
25    -81
26    -62
27    -132
28    -192
29    -168
30    -110
31    -78
32    -110
33    -73
34    -79
35    -141
36    -180
37    -191
38    -103
39    -84
40    -123
41    -72
42    -73
43    -134
44    -184
45    -138
46    -127
47    -67
48    -125
49    -62
50    -74
51    -118
52    -164
53    -149
54    -101
55    -67
56    -121
57    -107
58    -69
59    -125
60    -144
61    -101
62    -87
63    -58
64    -189
;
param SUPP21 :=
1    -37
2    -69
3    -137
4    -204
5    -169
6    -135
7    -62
8    -104
9    -76
10    -73
11    -138
12    -190
13    -160
14    -95
15    -67
16    -111
17    -58
18    -68
19    -140
20    -192
21    7146
22    -106
23    -81
24    -137
25    -76
26    -65
27    -149
28    -178
29    -156
30    -91
31    -68
32    -131
33    -62
34    -62
35    -132
36    -175
37    -179
38    -118
39    -74
40    -120
41    -77
42    -78
43    -151
44    -179
45    -153
46    -116
47    -68
48    -114
49    -76
50    -69
51    -161
52    -173
53    -139
54    -114
55    -72
56    -104
57    -103
58    -80
59    -109
60    -127
61    -125
62    -82
63    -62
64    -169
;
param SUPP22 :=
1    -55
2    -62
3    -164
4    -213
5    -189
6    -111
7    -88
8    -84
9    -65
10    -64
11    -157
12    -187
13    -156
14    -85
15    -56
16    -130
17    -76
18    -64
19    -133
20    -176
21    -169
22    7275
23    -50
24    -124
25    -55
26    -74
27    -144
28    -168
29    -154
30    -122
31    -74
32    -126
33    -54
34    -69
35    -141
36    -200
37    -151
38    -116
39    -64
40    -124
41    -71
42    -79
43    -138
44    -195
45    -176
46    -98
47    -66
48    -115
49    -73
50    -83
51    -151
52    -175
53    -144
54    -114
55    -63
56    -121
57    -118
58    -74
59    -118
60    -161
61    -116
62    -81
63    -57
64    -194
;
param SUPP23 :=
1    -53
2    -70
3    -162
4    -226
5    -163
6    -107
7    -79
8    -106
9    -84
10    -75
11    -163
12    -165
13    -149
14    -99
15    -60
16    -123
17    -76
18    -49
19    -124
20    -189
21    -143
22    -90
23    7215
24    -127
25    -81
26    -74
27    -148
28    -165
29    -150
30    -103
31    -63
32    -150
33    -60
34    -83
35    -152
36    -190
37    -166
38    -115
39    -61
40    -96
41    -64
42    -71
43    -142
44    -167
45    -160
46    -105
47    -72
48    -136
49    -75
50    -72
51    -153
52    -185
53    -176
54    -94
55    -59
56    -125
57    -110
58    -91
59    -99
60    -126
61    -98
62    -74
63    -46
64    -176
;
param SUPP24 :=
1    -48
2    -78
3    -166
4    -193
5    -157
6    -123
7    -62
8    -96
9    -84
10    -69
11    -140
12    -182
13    -148
14    -100
15    -65
16    -132
17    -56
18    -73
19    -147
20    -196
21    -155
22    -103
23    -70
24    7358
25    -60
26    -68
27    -138
28    -179
29    -176
30    -112
31    -75
32    -127
33    -69
34    -77
35    -160
36    -194
37    -185
38    -118
39    -78
40    -131
41    -63
42    -68
43    -153
44    -181
45    -145
46    -122
47    -62
48    -118
49    -59
50    -71
51    -149
52    -209
53    -149
54    -120
55    -71
56    -112
57    -104
58    -84
59    -131
60    -146
61    -133
62    -71
63    -47
64    -200
;
param SUPP25 :=
1    -43
2    -73
3    -167
4    -182
5    -189
6    -127
7    -77
8    -102
9    -74
10    -79
11    -140
12    -180
13    -172
14    -97
15    -70
16    -116
17    -78
18    -61
19    -140
20    -187
21    -187
22    -87
23    -68
24    -122
25    7373
26    -68
27    -138
28    -180
29    -176
30    -101
31    -62
32    -129
33    -74
34    -85
35    -137
36    -202
37    -152
38    -96
39    -88
40    -138
41    -70
42    -68
43    -141
44    -157
45    -168
46    -95
47    -79
48    -125
49    -87
50    -76
51    -134
52    -170
53    -166
54    -94
55    -60
56    -139
57    -114
58    -76
59    -121
60    -140
61    -119
62    -75
63    -59
64    -196
;
param SUPP26 :=
1    -35
2    -60
3    -166
4    -186
5    -167
6    -114
7    -75
8    -100
9    -80
10    -65
11    -138
12    -195
13    -162
14    -109
15    -65
16    -114
17    -76
18    -53
19    -146
20    -169
21    -150
22    -118
23    -72
24    -117
25    -71
26    7236
27    -158
28    -164
29    -150
30    -106
31    -68
32    -128
33    -62
34    -68
35    -153
36    -186
37    -149
38    -123
39    -70
40    -126
41    -73
42    -66
43    -130
44    -176
45    -188
46    -105
47    -78
48    -131
49    -66
50    -63
51    -149
52    -187
53    -179
54    -87
55    -65
56    -148
57    -101
58    -73
59    -123
60    -140
61    -110
62    -74
63    -61
64    -149
;
param SUPP27 :=
1    -44
2    -69
3    -168
4    -188
5    -156
6    -109
7    -82
8    -102
9    -70
10    -63
11    -142
12    -191
13    -170
14    -97
15    -76
16    -127
17    -67
18    -74
19    -128
20    -192
21    -164
22    -123
23    -70
24    -128
25    -76
26    -75
27    7247
28    -174
29    -173
30    -106
31    -52
32    -138
33    -69
34    -74
35    -143
36    -199
37    -163
38    -107
39    -60
40    -118
41    -66
42    -86
43    -147
44    -157
45    -153
46    -105
47    -73
48    -128
49    -71
50    -72
51    -140
52    -188
53    -140
54    -109
55    -76
56    -122
57    -98
58    -62
59    -132
60    -143
61    -125
62    -88
63    -62
64    -177
;
param SUPP28 :=
1    -43
2    -81
3    -155
4    -202
5    -213
6    -124
7    -59
8    -88
9    -79
10    -65
11    -131
12    -187
13    -169
14    -81
15    -76
16    -121
17    -50
18    -65
19    -156
20    -184
21    -152
22    -104
23    -57
24    -112
25    -70
26    -69
27    -156
28    7151
29    -155
30    -108
31    -63
32    -124
33    -70
34    -62
35    -126
36    -164
37    -175
38    -114
39    -73
40    -128
41    -71
42    -65
43    -145
44    -207
45    -164
46    -104
47    -91
48    -142
49    -51
50    -74
51    -137
52    -196
53    -155
54    -115
55    -62
56    -104
57    -116
58    -70
59    -120
60    -133
61    -99
62    -82
63    -68
64    -169
;
param SUPP29 :=
1    -46
2    -80
3    -167
4    -210
5    -194
6    -128
7    -51
8    -92
9    -68
10    -66
11    -151
12    -186
13    -150
14    -111
15    -69
16    -125
17    -68
18    -77
19    -141
20    -174
21    -162
22    -107
23    -69
24    -124
25    -68
26    -70
27    -127
28    -183
29    7375
30    -114
31    -72
32    -131
33    -73
34    -76
35    -150
36    -212
37    -148
38    -108
39    -56
40    -118
41    -74
42    -76
43    -156
44    -174
45    -151
46    -110
47    -71
48    -135
49    -82
50    -66
51    -155
52    -200
53    -177
54    -103
55    -67
56    -149
57    -104
58    -82
59    -130
60    -165
61    -102
62    -72
63    -56
64    -196
;
param SUPP30 :=
1    -43
2    -75
3    -155
4    -191
5    -167
6    -120
7    -70
8    -105
9    -61
10    -62
11    -115
12    -192
13    -201
14    -82
15    -59
16    -136
17    -63
18    -52
19    -115
20    -194
21    -182
22    -101
23    -57
24    -121
25    -73
26    -72
27    -160
28    -205
29    -168
30    7297
31    -88
32    -134
33    -90
34    -79
35    -132
36    -164
37    -187
38    -109
39    -79
40    -130
41    -68
42    -74
43    -152
44    -176
45    -142
46    -91
47    -83
48    -113
49    -70
50    -68
51    -132
52    -187
53    -147
54    -119
55    -60
56    -130
57    -104
58    -86
59    -111
60    -164
61    -117
62    -82
63    -58
64    -174
;
param SUPP31 :=
1    -35
2    -74
3    -189
4    -201
5    -181
6    -117
7    -79
8    -110
9    -59
10    -69
11    -146
12    -182
13    -149
14    -106
15    -72
16    -118
17    -68
18    -68
19    -134
20    -199
21    -155
22    -109
23    -79
24    -128
25    -61
26    -60
27    -140
28    -183
29    -166
30    -109
31    7356
32    -120
33    -74
34    -66
35    -149
36    -184
37    -145
38    -100
39    -68
40    -151
41    -70
42    -83
43    -163
44    -184
45    -148
46    -114
47    -76
48    -126
49    -80
50    -79
51    -123
52    -209
53    -152
54    -97
55    -67
56    -110
57    -106
58    -70
59    -108
60    -145
61    -115
62    -69
63    -54
64    -205
;
param SUPP32 :=
1    -40
2    -69
3    -140
4    -195
5    -171
6    -107
7    -64
8    -100
9    -65
10    -71
11    -143
12    -187
13    -154
14    -94
15    -68
16    -126
17    -67
18    -70
19    -140
20    -156
21    -159
22    -115
23    -60
24    -156
25    -65
26    -64
27    -122
28    -183
29    -174
30    -120
31    -72
32    7313
33    -81
34    -75
35    -137
36    -183
37    -170
38    -122
39    -67
40    -124
41    -68
42    -68
43    -147
44    -188
45    -158
46    -113
47    -75
48    -142
49    -80
50    -83
51    -163
52    -171
53    -158
54    -103
55    -78
56    -140
57    -102
58    -81
59    -132
60    -140
61    -108
62    -79
63    -53
64    -207
;
param SUPP33 :=
1    -51
2    -64
3    -163
4    -185
5    -159
6    -119
7    -72
8    -84
9    -68
10    -79
11    -149
12    -199
13    -148
14    -96
15    -72
16    -113
17    -68
18    -68
19    -137
20    -180
21    -147
22    -106
23    -84
24    -133
25    -69
26    -70
27    -147
28    -195
29    -162
30    -103
31    -74
32    -132
33    7477
34    -74
35    -160
36    -182
37    -163
38    -113
39    -84
40    -117
41    -65
42    -74
43    -155
44    -194
45    -161
46    -112
47    -73
48    -123
49    -91
50    -89
51    -141
52    -202
53    -162
54    -117
55    -78
56    -134
57    -113
58    -83
59    -140
60    -134
61    -114
62    -75
63    -57
64    -201
;
param SUPP34 :=
1    -47
2    -66
3    -174
4    -219
5    -166
6    -126
7    -80
8    -113
9    -86
10    -53
11    -133
12    -199
13    -162
14    -113
15    -63
16    -138
17    -79
18    -69
19    -140
20    -169
21    -146
22    -109
23    -72
24    -126
25    -74
26    -53
27    -146
28    -197
29    -165
30    -130
31    -57
32    -133
33    -80
34    7516
35    -150
36    -206
37    -178
38    -117
39    -82
40    -119
41    -62
42    -92
43    -128
44    -191
45    -161
46    -108
47    -70
48    -148
49    -81
50    -80
51    -142
52    -195
53    -166
54    -91
55    -70
56    -136
57    -102
58    -85
59    -117
60    -135
61    -117
62    -76
63    -70
64    -158
;
param SUPP35 :=
1    -52
2    -67
3    -164
4    -177
5    -197
6    -130
7    -83
8    -107
9    -69
10    -74
11    -138
12    -188
13    -168
14    -117
15    -69
16    -114
17    -57
18    -60
19    -164
20    -170
21    -149
22    -100
23    -65
24    -123
25    -75
26    -62
27    -151
28    -175
29    -176
30    -81
31    -75
32    -145
33    -69
34    -77
35    7235
36    -188
37    -135
38    -96
39    -73
40    -139
41    -77
42    -60
43    -136
44    -194
45    -163
46    -92
47    -67
48    -119
49    -58
50    -85
51    -145
52    -191
53    -157
54    -112
55    -60
56    -111
57    -103
58    -69
59    -122
60    -158
61    -115
62    -77
63    -61
64    -184
;
param SUPP36 :=
1    -45
2    -73
3    -146
4    -218
5    -182
6    -132
7    -60
8    -95
9    -53
10    -80
11    -138
12    -174
13    -163
14    -110
15    -60
16    -116
17    -71
18    -61
19    -133
20    -200
21    -148
22    -87
23    -73
24    -137
25    -66
26    -69
27    -134
28    -186
29    -161
30    -92
31    -77
32    -126
33    -59
34    -71
35    -132
36    7117
37    -139
38    -97
39    -73
40    -119
41    -76
42    -75
43    -161
44    -167
45    -168
46    -94
47    -71
48    -118
49    -71
50    -63
51    -140
52    -171
53    -154
54    -126
55    -61
56    -119
57    -109
58    -84
59    -138
60    -145
61    -114
62    -84
63    -74
64    -178
;
param SUPP37 :=
1    -53
2    -70
3    -164
4    -198
5    -170
6    -128
7    -73
8    -114
9    -73
10    -64
11    -148
12    -204
13    -172
14    -91
15    -59
16    -124
17    -58
18    -65
19    -111
20    -165
21    -157
22    -110
23    -76
24    -121
25    -75
26    -69
27    -141
28    -192
29    -157
30    -116
31    -60
32    -135
33    -57
34    -59
35    -150
36    -205
37    7228
38    -110
39    -68
40    -127
41    -74
42    -73
43    -150
44    -190
45    -179
46    -102
47    -75
48    -130
49    -72
50    -75
51    -122
52    -188
53    -153
54    -121
55    -68
56    -113
57    -106
58    -86
59    -114
60    -150
61    -95
62    -85
63    -41
64    -177
;
param SUPP38 :=
1    -44
2    -82
3    -160
4    -192
5    -203
6    -115
7    -73
8    -97
9    -76
10    -65
11    -132
12    -200
13    -151
14    -100
15    -60
16    -117
17    -61
18    -67
19    -130
20    -183
21    -129
22    -104
23    -66
24    -116
25    -61
26    -66
27    -141
28    -213
29    -157
30    -107
31    -81
32    -111
33    -69
34    -53
35    -162
36    -181
37    -168
38    7318
39    -64
40    -142
41    -81
42    -72
43    -158
44    -180
45    -174
46    -127
47    -70
48    -130
49    -76
50    -70
51    -142
52    -201
53    -153
54    -94
55    -62
56    -134
57    -117
58    -72
59    -126
60    -148
61    -105
62    -82
63    -60
64    -185
;
param SUPP39 :=
1    -35
2    -83
3    -166
4    -204
5    -177
6    -132
7    -71
8    -84
9    -74
10    -74
11    -136
12    -196
13    -158
14    -99
15    -62
16    -119
17    -71
18    -70
19    -137
20    -178
21    -164
22    -103
23    -69
24    -132
25    -63
26    -63
27    -128
28    -195
29    -162
30    -93
31    -62
32    -143
33    -57
34    -76
35    -136
36    -199
37    -151
38    -110
39    7331
40    -127
41    -73
42    -65
43    -143
44    -189
45    -154
46    -108
47    -75
48    -143
49    -65
50    -52
51    -129
52    -189
53    -171
54    -117
55    -77
56    -122
57    -111
58    -80
59    -116
60    -167
61    -119
62    -70
63    -55
64    -182
;
param SUPP40 :=
1    -47
2    -63
3    -142
4    -203
5    -185
6    -127
7    -66
8    -102
9    -90
10    -59
11    -156
12    -203
13    -163
14    -109
15    -68
16    -140
17    -59
18    -70
19    -130
20    -167
21    -165
22    -97
23    -66
24    -126
25    -64
26    -78
27    -137
28    -198
29    -138
30    -119
31    -73
32    -116
33    -66
34    -70
35    -130
36    -195
37    -165
38    -97
39    -74
40    7289
41    -74
42    -84
43    -133
44    -154
45    -155
46    -114
47    -70
48    -139
49    -71
50    -63
51    -161
52    -196
53    -145
54    -101
55    -86
56    -110
57    -111
58    -81
59    -148
60    -140
61    -115
62    -73
63    -48
64    -194
;
param SUPP41 :=
1    -40
2    -53
3    -145
4    -191
5    -182
6    -126
7    -64
8    -95
9    -72
10    -74
11    -140
12    -173
13    -161
14    -114
15    -67
16    -144
17    -68
18    -76
19    -138
20    -185
21    -173
22    -98
23    -65
24    -145
25    -78
26    -62
27    -138
28    -201
29    -167
30    -95
31    -59
32    -125
33    -84
34    -67
35    -128
36    -215
37    -184
38    -110
39    -68
40    -131
41    7464
42    -81
43    -157
44    -177
45    -179
46    -95
47    -85
48    -149
49    -72
50    -84
51    -144
52    -171
53    -169
54    -101
55    -68
56    -131
57    -96
58    -75
59    -121
60    -167
61    -112
62    -77
63    -68
64    -184
;
param SUPP42 :=
1    -51
2    -55
3    -177
4    -225
5    -164
6    -122
7    -74
8    -104
9    -66
10    -57
11    -162
12    -171
13    -195
14    -97
15    -66
16    -115
17    -62
18    -75
19    -135
20    -186
21    -162
22    -105
23    -71
24    -113
25    -57
26    -76
27    -162
28    -172
29    -154
30    -105
31    -76
32    -124
33    -64
34    -74
35    -163
36    -185
37    -157
38    -137
39    -67
40    -116
41    -68
42    7413
43    -160
44    -195
45    -172
46    -113
47    -78
48    -131
49    -60
50    -69
51    -142
52    -183
53    -146
54    -107
55    -80
56    -142
57    -115
58    -78
59    -126
60    -162
61    -92
62    -71
63    -58
64    -166
;
param SUPP43 :=
1    -44
2    -78
3    -154
4    -209
5    -170
6    -124
7    -69
8    -84
9    -75
10    -66
11    -130
12    -184
13    -169
14    -76
15    -54
16    -133
17    -85
18    -75
19    -128
20    -172
21    -168
22    -91
23    -58
24    -95
25    -64
26    -71
27    -134
28    -182
29    -163
30    -105
31    -71
32    -115
33    -75
34    -75
35    -148
36    -204
37    -156
38    -112
39    -84
40    -133
41    -80
42    -70
43    7209
44    -183
45    -160
46    -118
47    -73
48    -142
49    -70
50    -70
51    -148
52    -174
53    -138
54    -108
55    -72
56    -117
57    -95
58    -93
59    -115
60    -140
61    -111
62    -84
63    -71
64    -194
;
param SUPP44 :=
1    -32
2    -64
3    -169
4    -183
5    -202
6    -127
7    -67
8    -112
9    -73
10    -68
11    -127
12    -189
13    -171
14    -92
15    -58
16    -129
17    -78
18    -80
19    -123
20    -177
21    -169
22    -116
23    -70
24    -127
25    -52
26    -69
27    -160
28    -221
29    -153
30    -113
31    -73
32    -117
33    -78
34    -55
35    -152
36    -190
37    -160
38    -119
39    -87
40    -128
41    -66
42    -78
43    -158
44    7325
45    -163
46    -120
47    -76
48    -135
49    -72
50    -68
51    -129
52    -202
53    -145
54    -112
55    -70
56    -119
57    -112
58    -84
59    -123
60    -148
61    -116
62    -72
63    -62
64    -165
;
param SUPP45 :=
1    -42
2    -57
3    -141
4    -206
5    -173
6    -131
7    -69
8    -119
9    -67
10    -79
11    -141
12    -182
13    -182
14    -85
15    -72
16    -127
17    -84
18    -56
19    -113
20    -185
21    -152
22    -103
23    -57
24    -129
25    -89
26    -72
27    -153
28    -178
29    -167
30    -91
31    -64
32    -130
33    -61
34    -55
35    -152
36    -205
37    -176
38    -112
39    -73
40    -120
41    -60
42    -76
43    -189
44    -188
45    7212
46    -97
47    -71
48    -125
49    -93
50    -60
51    -128
52    -170
53    -162
54    -100
55    -64
56    -121
57    -120
58    -65
59    -108
60    -129
61    -121
62    -74
63    -53
64    -188
;
param SUPP46 :=
1    -47
2    -64
3    -152
4    -201
5    -158
6    -121
7    -68
8    -102
9    -72
10    -60
11    -148
12    -152
13    -155
14    -96
15    -60
16    -100
17    -67
18    -60
19    -136
20    -186
21    -155
22    -122
23    -60
24    -121
25    -70
26    -79
27    -136
28    -191
29    -173
30    -93
31    -77
32    -143
33    -64
34    -82
35    -162
36    -179
37    -179
38    -101
39    -67
40    -131
41    -81
42    -73
43    -137
44    -157
45    -161
46    7188
47    -64
48    -139
49    -57
50    -62
51    -143
52    -164
53    -153
54    -105
55    -84
56    -111
57    -132
58    -82
59    -129
60    -145
61    -132
62    -69
63    -59
64    -159
;
param SUPP47 :=
1    -44
2    -68
3    -170
4    -232
5    -167
6    -133
7    -73
8    -87
9    -62
10    -60
11    -124
12    -165
13    -171
14    -93
15    -70
16    -99
17    -70
18    -65
19    -116
20    -188
21    -190
22    -114
23    -80
24    -139
25    -64
26    -68
27    -147
28    -185
29    -153
30    -108
31    -64
32    -144
33    -49
34    -74
35    -148
36    -192
37    -166
38    -102
39    -69
40    -114
41    -77
42    -74
43    -151
44    -177
45    -150
46    -91
47    7209
48    -137
49    -71
50    -76
51    -140
52    -196
53    -133
54    -117
55    -60
56    -106
57    -102
58    -95
59    -95
60    -142
61    -101
62    -75
63    -52
64    -164
;
param SUPP48 :=
1    -37
2    -77
3    -169
4    -199
5    -162
6    -128
7    -57
8    -78
9    -66
10    -70
11    -144
12    -182
13    -161
14    -117
15    -79
16    -140
17    -69
18    -58
19    -146
20    -194
21    -163
22    -102
23    -68
24    -115
25    -74
26    -81
27    -164
28    -196
29    -149
30    -99
31    -82
32    -121
33    -90
34    -91
35    -144
36    -166
37    -171
38    -95
39    -71
40    -120
41    -84
42    -76
43    -159
44    -160
45    -172
46    -100
47    -84
48    7365
49    -65
50    -68
51    -143
52    -186
53    -174
54    -101
55    -73
56    -122
57    -107
58    -80
59    -126
60    -160
61    -101
62    -79
63    -48
64    -202
;
param SUPP49 :=
1    -42
2    -59
3    -158
4    -188
5    -174
6    -143
7    -61
8    -96
9    -70
10    -56
11    -143
12    -209
13    -169
14    -95
15    -71
16    -115
17    -56
18    -69
19    -135
20    -179
21    -156
22    -92
23    -57
24    -114
25    -85
26    -68
27    -150
28    -201
29    -160
30    -102
31    -65
32    -133
33    -72
34    -82
35    -145
36    -187
37    -163
38    -95
39    -77
40    -131
41    -60
42    -78
43    -146
44    -173
45    -148
46    -104
47    -82
48    -124
49    7214
50    -63
51    -122
52    -171
53    -165
54    -100
55    -58
56    -123
57    -141
58    -75
59    -117
60    -151
61    -103
62    -61
63    -58
64    -168
;
param SUPP50 :=
1    -49
2    -68
3    -152
4    -204
5    -173
6    -106
7    -80
8    -105
9    -65
10    -63
11    -155
12    -192
13    -174
14    -105
15    -62
16    -124
17    -59
18    -62
19    -147
20    -206
21    -161
22    -88
23    -75
24    -139
25    -80
26    -55
27    -137
28    -198
29    -150
30    -104
31    -57
32    -140
33    -70
34    -68
35    -135
36    -185
37    -169
38    -110
39    -74
40    -143
41    -72
42    -80
43    -148
44    -193
45    -157
46    -112
47    -59
48    -123
49    -71
50    7376
51    -132
52    -168
53    -161
54    -120
55    -63
56    -126
57    -110
58    -84
59    -142
60    -147
61    -133
62    -66
63    -64
64    -156
;
param SUPP51 :=
1    -45
2    -62
3    -153
4    -201
5    -173
6    -142
7    -63
8    -105
9    -87
10    -75
11    -139
12    -177
13    -154
14    -95
15    -59
16    -121
17    -70
18    -74
19    -134
20    -192
21    -146
22    -104
23    -65
24    -120
25    -62
26    -67
27    -171
28    -197
29    -156
30    -99
31    -67
32    -128
33    -60
34    -74
35    -138
36    -200
37    -150
38    -122
39    -68
40    -134
41    -57
42    -72
43    -128
44    -190
45    -184
46    -104
47    -76
48    -124
49    -72
50    -76
51    7234
52    -188
53    -135
54    -106
55    -67
56    -122
57    -115
58    -69
59    -92
60    -152
61    -107
62    -88
63    -61
64    -200
;
param SUPP52 :=
1    -41
2    -64
3    -172
4    -188
5    -174
6    -112
7    -64
8    -94
9    -56
10    -70
11    -128
12    -184
13    -163
14    -110
15    -71
16    -117
17    -60
18    -68
19    -133
20    -189
21    -156
22    -99
23    -60
24    -136
25    -62
26    -73
27    -135
28    -182
29    -166
30    -90
31    -63
32    -145
33    -67
34    -69
35    -150
36    -160
37    -164
38    -98
39    -69
40    -144
41    -69
42    -76
43    -147
44    -166
45    -150
46    -101
47    -53
48    -124
49    -68
50    -74
51    -127
52    7026
53    -135
54    -98
55    -76
56    -120
57    -119
58    -77
59    -133
60    -152
61    -110
62    -85
63    -60
64    -160
;
param SUPP53 :=
1    -41
2    -62
3    -136
4    -206
5    -146
6    -138
7    -66
8    -94
9    -74
10    -79
11    -146
12    -190
13    -154
14    -92
15    -71
16    -126
17    -72
18    -67
19    -152
20    -197
21    -167
22    -93
23    -73
24    -100
25    -75
26    -78
27    -155
28    -172
29    -169
30    -116
31    -69
32    -136
33    -68
34    -85
35    -158
36    -167
37    -153
38    -110
39    -78
40    -150
41    -83
42    -85
43    -159
44    -182
45    -173
46    -103
47    -81
48    -126
49    -67
50    -65
51    -139
52    -183
53    7308
54    -93
55    -54
56    -137
57    -110
58    -75
59    -108
60    -148
61    -106
62    -79
63    -78
64    -193
;
param SUPP54 :=
1    -42
2    -86
3    -149
4    -199
5    -157
6    -119
7    -60
8    -85
9    -73
10    -73
11    -128
12    -177
13    -156
14    -101
15    -58
16    -110
17    -58
18    -72
19    -137
20    -188
21    -148
22    -108
23    -56
24    -120
25    -64
26    -70
27    -151
28    -195
29    -162
30    -104
31    -87
32    -125
33    -57
34    -70
35    -138
36    -178
37    -154
38    -126
39    -62
40    -118
41    -62
42    -65
43    -145
44    -165
45    -177
46    -99
47    -62
48    -138
49    -71
50    -67
51    -152
52    -202
53    -156
54    7128
55    -69
56    -130
57    -92
58    -90
59    -114
60    -143
61    -96
62    -55
63    -54
64    -203
;
param SUPP55 :=
1    -47
2    -74
3    -158
4    -205
5    -172
6    -117
7    -70
8    -120
9    -84
10    -77
11    -151
12    -195
13    -157
14    -96
15    -56
16    -116
17    -68
18    -59
19    -151
20    -186
21    -169
22    -118
23    -64
24    -115
25    -91
26    -67
27    -153
28    -196
29    -148
30    -102
31    -73
32    -137
33    -83
34    -88
35    -141
36    -217
37    -163
38    -130
39    -78
40    -119
41    -70
42    -89
43    -155
44    -194
45    -173
46    -119
47    -78
48    -138
49    -67
50    -64
51    -139
52    -174
53    -142
54    -108
55    7544
56    -118
57    -112
58    -84
59    -131
60    -143
61    -104
62    -76
63    -57
64    -198
;
param SUPP56 :=
1    -42
2    -64
3    -150
4    -213
5    -162
6    -113
7    -68
8    -99
9    -61
10    -77
11    -150
12    -163
13    -174
14    -102
15    -66
16    -116
17    -68
18    -62
19    -140
20    -184
21    -155
22    -106
23    -60
24    -136
25    -78
26    -65
27    -151
28    -204
29    -160
30    -105
31    -77
32    -111
33    -68
34    -80
35    -136
36    -180
37    -174
38    -107
39    -68
40    -126
41    -71
42    -71
43    -149
44    -218
45    -148
46    -119
47    -58
48    -128
49    -56
50    -76
51    -146
52    -173
53    -158
54    -98
55    -61
56    7275
57    -122
58    -81
59    -121
60    -161
61    -112
62    -97
63    -49
64    -181
;
param SUPP57 :=
1    -46
2    -75
3    -158
4    -205
5    -155
6    -128
7    -72
8    -99
9    -84
10    -65
11    -149
12    -148
13    -155
14    -102
15    -74
16    -115
17    -72
18    -69
19    -139
20    -188
21    -137
22    -94
23    -85
24    -115
25    -71
26    -71
27    -137
28    -181
29    -166
30    -108
31    -76
32    -124
33    -63
34    -69
35    -137
36    -157
37    -166
38    -98
39    -80
40    -132
41    -73
42    -69
43    -158
44    -187
45    -173
46    -96
47    -84
48    -131
49    -75
50    -63
51    -172
52    -192
53    -150
54    -106
55    -82
56    -110
57    7226
58    -76
59    -99
60    -154
61    -118
62    -69
63    -56
64    -168
;
param SUPP58 :=
1    -42
2    -83
3    -181
4    -193
5    -179
6    -114
7    -68
8    -121
9    -75
10    -68
11    -131
12    -165
13    -174
14    -81
15    -68
16    -133
17    -61
18    -62
19    -114
20    -194
21    -155
22    -104
23    -86
24    -118
25    -82
26    -68
27    -144
28    -183
29    -150
30    -101
31    -62
32    -128
33    -76
34    -67
35    -144
36    -178
37    -155
38    -107
39    -68
40    -124
41    -79
42    -68
43    -132
44    -142
45    -159
46    -116
47    -63
48    -116
49    -72
50    -68
51    -132
52    -186
53    -146
54    -95
55    -61
56    -128
57    -117
58    7196
59    -112
60    -155
61    -117
62    -88
63    -53
64    -184
;
param SUPP59 :=
1    -55
2    -57
3    -176
4    -161
5    -180
6    -118
7    -53
8    -101
9    -84
10    -72
11    -132
12    -173
13    -164
14    -97
15    -65
16    -124
17    -71
18    -59
19    -105
20    -153
21    -162
22    -110
23    -62
24    -102
25    -68
26    -69
27    -142
28    -193
29    -173
30    -123
31    -68
32    -118
33    -54
34    -86
35    -130
36    -175
37    -169
38    -104
39    -84
40    -135
41    -78
42    -67
43    -139
44    -178
45    -168
46    -99
47    -73
48    -125
49    -67
50    -61
51    -127
52    -199
53    -151
54    -106
55    -69
56    -111
57    -99
58    -65
59    7090
60    -134
61    -142
62    -76
63    -55
64    -174
;
param SUPP60 :=
1    -38
2    -66
3    -154
4    -184
5    -193
6    -108
7    -71
8    -99
9    -69
10    -76
11    -138
12    -174
13    -135
14    -114
15    -66
16    -120
17    -69
18    -70
19    -137
20    -185
21    -148
22    -114
23    -70
24    -125
25    -61
26    -68
27    -132
28    -202
29    -189
30    -115
31    -76
32    -126
33    -65
34    -65
35    -136
36    -204
37    -158
38    -91
39    -68
40    -107
41    -78
42    -65
43    -138
44    -186
45    -155
46    -93
47    -69
48    -112
49    -82
50    -76
51    -164
52    -176
53    -158
54    -100
55    -83
56    -141
57    -104
58    -77
59    -122
60    7187
61    -123
62    -73
63    -55
64    -171
;
param SUPP61 :=
1    -59
2    -69
3    -150
4    -204
5    -160
6    -132
7    -68
8    -89
9    -82
10    -53
11    -128
12    -192
13    -166
14    -100
15    -58
16    -108
17    -58
18    -76
19    -135
20    -191
21    -167
22    -107
23    -66
24    -141
25    -72
26    -62
27    -159
28    -195
29    -127
30    -109
31    -56
32    -146
33    -80
34    -77
35    -127
36    -197
37    -169
38    -134
39    -71
40    -122
41    -83
42    -74
43    -137
44    -178
45    -140
46    -111
47    -73
48    -140
49    -69
50    -68
51    -133
52    -178
53    -164
54    -101
55    -70
56    -117
57    -110
58    -71
59    -121
60    -126
61    7238
62    -63
63    -60
64    -189
;
param SUPP62 :=
1    -52
2    -63
3    -153
4    -211
5    -180
6    -102
7    -68
8    -104
9    -85
10    -68
11    -126
12    -175
13    -187
14    -96
15    -64
16    -122
17    -72
18    -76
19    -143
20    -160
21    -161
22    -106
23    -58
24    -115
25    -56
26    -63
27    -136
28    -173
29    -161
30    -109
31    -73
32    -117
33    -73
34    -64
35    -162
36    -182
37    -187
38    -112
39    -74
40    -136
41    -63
42    -64
43    -139
44    -182
45    -161
46    -94
47    -74
48    -132
49    -80
50    -88
51    -139
52    -198
53    -173
54    -107
55    -75
56    -100
57    -102
58    -83
59    -108
60    -132
61    -114
62    7254
63    -48
64    -173
;
param SUPP63 :=
1    -42
2    -81
3    -164
4    -226
5    -170
6    -117
7    -58
8    -86
9    -83
10    -63
11    -150
12    -188
13    -167
14    -92
15    -69
16    -121
17    -64
18    -49
19    -121
20    -214
21    -181
22    -97
23    -60
24    -132
25    -76
26    -73
27    -143
28    -178
29    -166
30    -96
31    -66
32    -148
33    -68
34    -77
35    -143
36    -194
37    -165
38    -124
39    -72
40    -123
41    -72
42    -68
43    -156
44    -211
45    -179
46    -110
47    -65
48    -119
49    -73
50    -73
51    -133
52    -179
53    -168
54    -105
55    -75
56    -128
57    -94
58    -78
59    -100
60    -140
61    -109
62    -68
63    7372
64    -162
;
param SUPP64 :=
1    -40
2    -58
3    -161
4    -210
5    -180
6    -120
7    -61
8    -105
9    -64
10    -76
11    -130
12    -183
13    -167
14    -94
15    -55
16    -115
17    -66
18    -74
19    -131
20    -175
21    -162
22    -109
23    -72
24    -128
25    -62
26    -60
27    -130
28    -188
29    -145
30    -108
31    -58
32    -112
33    -69
34    -69
35    -140
36    -193
37    -167
38    -99
39    -76
40    -129
41    -76
42    -69
43    -167
44    -180
45    -176
46    -104
47    -78
48    -128
49    -68
50    -74
51    -148
52    -188
53    -156
54    -111
55    -68
56    -115
57    -107
58    -73
59    -99
60    -126
61    -117
62    -85
63    -57
64    7111
;
