 1  2 87 
 1  2  3 150 
 1  2  3  4 196 
 1 29 21 13  5 154 
 1 29 21 13  5  6 117 
 1 29 21 22 23 15  7 74 
 1 29 21 22 23 15 16  8 107 
 1  9 76 
 1  2 10 79 
 1  2 10 11 160 
 1  2  3  4 12 157 
 1 29 21 13 152 
 1 29 21 22 14 110 
 1 29 21 22 23 15 46 
 1 29 21 22 23 15 16 127 
 1  9 17 72 
 1  2 10 18 70 
 1  2 10 18 19 139 
 1  2  3  4 12 20 180 
 1 29 21 160 
 1 29 21 22 91 
 1 29 21 22 23 58 
 1 29 21 22 23 24 123 
 1  9 17 25 66 
 1  9 17 25 26 60 
 1  2 10 18 19 27 147 
 1  2 10 18 19 27 28 182 
 1 29 167 
 1 29 30 96 
 1 29 30 31 63 
 1 29 30 31 32 121 
 1 29 37 36 35 34 33 84 
 1 29 37 36 35 34 79 
 1 29 37 36 35 138 
 1 29 37 36 199 
 1 29 37 154 
 1 29 30 38 112 
 1 29 30 31 39 65 
 1 29 30 31 32 40 144 
 1 43 42 41 76 
 1 43 42 76 
 1 43 166 
 1 43 44 192 
 1 29 37 45 170 
 1 29 30 38 46 98 
 1 29 30 31 39 47 67 
 1 29 30 31 32 40 48 139 
 1 43 42 41 49 76 
 1 43 42 50 67 
 1 43 51 146 
 1 43 44 52 212 
 1 29 37 45 53 156 
 1 29 30 38 46 54 119 
 1 29 30 31 39 47 55 66 
 1 29 30 31 32 40 48 56 111 
 1 43 42 41 49 57 103 
 1 43 42 50 58 79 
 1 43 51 59 122 
 1 43 44 52 60 150 
 1 29 37 45 53 61 104 
 1 29 30 38 46 54 62 81 
 1 29 30 31 39 47 55 63 77 
 1 29 30 31 32 40 48 56 64 154 
 2  1 45 
 2  3 150 
 2  3  4 175 
 2  5 173 
 2  5  6 128 
 2  5  6  7 76 
 2  5  6  7  8 96 
 2 10  9 68 
 2 10 69 
 2 10 11 157 
 2  3  4 12 159 
 2  1 29 21 13 169 
 2  1 29 21 13 14 96 
 2  1 29 21 22 23 15 63 
 2  1 29 21 22 23 15 16 127 
 2 10 18 17 84 
 2 10 18 89 
 2 10 18 19 156 
 2 10 18 19 20 165 
 2  1 29 21 142 
 2  1 29 21 22 99 
 2  1 29 21 22 23 77 
 2  1 29 21 22 23 24 118 
 2 10 18 26 25 72 
 2 10 18 26 81 
 2 10 18 26 27 165 
 2 10 18 19 20 28 183 
 2  1 29 153 
 2  1 29 30 111 
 2  1 29 30 31 61 
 2  1 29 30 31 32 138 
 2  3 51 50 42 41 33 79 
 2  3 51 50 42 34 80 
 2  3 51 43 35 155 
 2  1 29 37 36 187 
 2  1 29 37 171 
 2  1 29 30 38 120 
 2  1 29 30 38 39 63 
 2  1 29 30 31 32 40 115 
 2  3 51 50 42 41 66 
 2  3 51 50 42 83 
 2  3 51 43 166 
 2  3 51 43 44 190 
 2  1 29 37 45 158 
 2  1 29 30 38 46 119 
 2  1 29 30 38 39 47 66 
 2  1 29 30 31 32 40 48 116 
 2  3 51 50 49 86 
 2  3 51 50 68 
 2  3 51 163 
 2  3 51 52 198 
 2  3 51 52 53 135 
 2  3 51 52 53 54 101 
 2  3 51 52 53 54 55 65 
 2  1 29 30 31 32 40 48 56 128 
 2  3 51 50 58 57 107 
 2  3 51 50 58 91 
 2  3 51 59 126 
 2  3 51 52 60 148 
 2  3 51 52 53 61 104 
 2  3 51 52 53 54 62 74 
 2  3 51 52 53 54 55 63 50 
 2  1 29 30 31 32 40 48 56 64 183 
 3  2  1 50 
 3  2 76 
 3  4 181 
 3  2  5 183 
 3  2  5  6 136 
 3  2  5  6  7 55 
 3  2  5  6  7  8 102 
 3  2 10  9 67 
 3  2 10 69 
 3 11 161 
 3  4 12 172 
 3  2  1 29 21 13 144 
 3  2  1 29 21 13 14 102 
 3  2  1 29 30 31 23 15 69 
 3  2  1 29 30 31 23 15 16 117 
 3  2 10 18 17 58 
 3  2 10 18 68 
 3 11 19 129 
 3 11 19 20 179 
 3  2  1 29 21 168 
 3  2  1 29 21 22 106 
 3  2  1 29 30 31 23 60 
 3  2  1 29 30 31 23 24 111 
 3  2 10 18 17 25 76 
 3 11 19 27 26 78 
 3 11 19 27 160 
 3 11 19 27 28 204 
 3  2  1 29 140 
 3  2  1 29 30 128 
 3  2  1 29 30 31 65 
 3  2  1 29 30 31 32 120 
 3 51 43 42 34 33 75 
 3 51 43 42 34 68 
 3 51 43 35 171 
 3 51 43 44 36 193 
 3  2  1 29 37 165 
 3  2  1 29 30 38 115 
 3  2  1 29 30 31 39 57 
 3  2  1 29 30 31 32 40 125 
 3 51 43 42 41 72 
 3 51 43 42 85 
 3 51 43 168 
 3 51 43 44 180 
 3 51 52 53 45 160 
 3 51 52 53 45 46 108 
 3 51 52 53 54 55 47 74 
 3 51 52 53 54 55 47 48 140 
 3 51 50 49 84 
 3 51 50 71 
 3 51 148 
 3 51 52 184 
 3 51 52 53 171 
 3 51 52 53 54 98 
 3 51 52 53 54 55 66 
 3 51 52 53 54 55 56 138 
 3 51 59 58 57 125 
 3 51 59 58 89 
 3 51 59 135 
 3 51 52 60 150 
 3 51 52 60 61 106 
 3 51 52 53 54 62 63 
 3 51 52 53 54 55 63 48 
 3 51 52 53 54 55 63 64 188 
 4  3  2  1 71 
 4  3  2 80 
 4  3 158 
 4  3  2  5 178 
 4  3  2  5  6 128 
 4  3  2  5  6  7 78 
 4  3  2  5  6  7  8 119 
 4  3  2 10  9 84 
 4  3  2 10 66 
 4 12 11 138 
 4 12 178 
 4  3  2  1 29 21 13 169 
 4  3  2  1 29 21 13 14 99 
 4  3  2  1 29 21 13 14 15 86 
 4  3  2  1 29 21 13 14 15 16 128 
 4  3  2 10  9 17 64 
 4 12 11 19 18 75 
 4 12 11 19 123 
 4 12 20 164 
 4  3  2  1 29 21 152 
 4  3  2  1 29 21 22 108 
 4  3  2  1 29 30 31 23 62 
 4  3  2  1 29 30 31 23 24 127 
 4 12 11 19 18 26 25 67 
 4 12 11 19 18 26 67 
 4 12 20 28 27 149 
 4 12 20 28 166 
 4  3  2  1 29 150 
 4  3  2  1 29 30 116 
 4  3  2  1 29 30 31 76 
 4  3  2  1 29 30 31 32 128 
 4  3 51 43 42 34 33 74 
 4  3 51 43 42 34 85 
 4  3 51 43 35 156 
 4  3 51 43 44 36 181 
 4  3  2  1 29 37 149 
 4  3  2  1 29 30 38 131 
 4  3  2  1 29 30 31 39 66 
 4  3  2  1 29 30 31 32 40 147 
 4  3 51 43 42 41 75 
 4  3 51 43 42 80 
 4  3 51 43 153 
 4  3 51 43 44 158 
 4  3 51 43 44 45 161 
 4  3  2  1 29 30 38 46 133 
 4  3 51 52 53 54 55 47 67 
 4  3  2  1 29 30 31 32 40 48 144 
 4  3 51 50 49 88 
 4  3 51 50 72 
 4  3 51 145 
 4  3 51 52 184 
 4  3 51 52 53 147 
 4  3 51 52 53 54 126 
 4  3 51 52 53 54 55 86 
 4  3 51 52 53 54 55 56 133 
 4  3 51 59 58 57 99 
 4  3 51 59 58 72 
 4  3 51 59 130 
 4  3 51 52 60 151 
 4  3 51 52 60 61 123 
 4  3 51 52 53 54 62 77 
 4  3 51 52 53 54 62 63 59 
 4  3 51 52 53 54 55 56 64 166 
 5 13 21 29  1 52 
 5  2 85 
 5  2  3 164 
 5  2  3  4 190 
 5  6 131 
 5  6  7 60 
 5  6  7  8 92 
 5 13 21 29  1  9 79 
 5  2 10 71 
 5  2 10 11 129 
 5  2 10 11 12 175 
 5 13 158 
 5 13 14 117 
 5  6  7 15 71 
 5  6  7 15 16 121 
 5 13 21 29  1  9 17 82 
 5  2 10 18 79 
 5  2 10 11 19 137 
 5  2 10 11 19 20 174 
 5 13 21 164 
 5 13 21 22 98 
 5  6  7 15 23 66 
 5  6  7 15 23 24 109 
 5 13 21 29  1  9 17 25 76 
 5  2 10 18 26 65 
 5  2 10 18 26 27 153 
 5  2 10 11 19 20 28 186 
 5 13 21 29 165 
 5 13 21 22 30 96 
 5  6  7 15 23 31 58 
 5  6  7 15 23 24 32 117 
 5 13 21 29 37 36 35 34 33 83 
 5 13 21 29 37 36 35 34 74 
 5 13 21 29 37 36 35 141 
 5 13 21 29 37 36 184 
 5 13 21 29 37 172 
 5 13 21 22 30 38 95 
 5  6  7 15 23 31 39 68 
 5  6  7 15 23 24 32 40 113 
 5 13 21 29 37 45 44 43 42 41 84 
 5 13 21 29 37 45 44 43 42 76 
 5 13 21 29 37 45 44 43 148 
 5 13 21 29 37 45 44 164 
 5 13 21 29 37 45 171 
 5 13 21 22 30 38 46 112 
 5  6  7 15 23 31 39 47 78 
 5  6  7 15 23 31 39 47 48 125 
 5 13 21 29 37 45 44 43 42 50 49 73 
 5 13 21 29 37 45 44 43 42 50 78 
 5 13 21 29 37 45 44 43 51 176 
 5 13 21 29 37 45 53 52 189 
 5 13 21 29 37 45 53 144 
 5 13 21 22 30 38 46 54 112 
 5 13 21 22 30 38 46 54 55 70 
 5  6  7 15 23 31 39 47 48 56 122 
 5 13 21 29 37 45 53 61 60 59 58 57 108 
 5 13 21 29 37 45 53 61 60 59 58 79 
 5 13 21 29 37 45 53 61 60 59 116 
 5 13 21 29 37 45 53 61 60 127 
 5 13 21 29 37 45 53 61 106 
 5 13 21 22 30 38 46 54 62 71 
 5 13 21 22 30 38 46 54 55 63 66 
 5  6  7 15 23 31 39 47 48 56 64 182 
 6 14 13 21 29  1 54 
 6  5  2 94 
 6  5  2  3 143 
 6  5  2  3  4 190 
 6  5 169 
 6  7 77 
 6  7  8 94 
 6 14 13 21 29  1  9 71 
 6  5  2 10 82 
 6  5  2  3 11 147 
 6  5  2  3  4 12 195 
 6 14 13 170 
 6 14 105 
 6 14 15 63 
 6  7  8 16 114 
 6  5  2 10 18 17 69 
 6  5  2 10 18 68 
 6  5  2  3 11 19 142 
 6  5  2  3 11 19 20 178 
 6 14 13 21 172 
 6 14 22 107 
 6 14 15 23 66 
 6 14 15 23 24 112 
 6  5  2 10 18 17 25 68 
 6  5  2 10 18 26 71 
 6  5  2  3 11 19 27 126 
 6  5  2  3 11 19 20 28 210 
 6 14 13 21 29 162 
 6 14 22 30 109 
 6 14 15 23 31 63 
 6 14 15 23 31 32 107 
 6 14 22 30 38 37 36 35 34 33 72 
 6 14 22 30 38 37 36 35 34 80 
 6 14 22 30 38 37 36 35 150 
 6 14 22 30 38 37 36 159 
 6 14 22 30 38 37 168 
 6 14 22 30 38 99 
 6 14 15 23 31 39 79 
 6 14 15 23 31 32 40 139 
 6 14 22 30 38 46 45 44 43 42 41 80 
 6 14 22 30 38 46 45 44 43 42 88 
 6 14 22 30 38 46 45 44 43 147 
 6 14 22 30 38 46 45 44 166 
 6 14 22 30 38 46 45 161 
 6 14 22 30 38 46 100 
 6 14 15 23 31 39 47 78 
 6 14 15 23 31 39 47 48 139 
 6 14 22 30 38 46 45 44 43 42 50 49 71 
 6 14 22 30 38 46 45 44 43 42 50 62 
 6 14 22 30 38 46 45 44 43 51 152 
 6 14 22 30 38 46 45 53 52 169 
 6 14 22 30 38 46 45 53 162 
 6 14 22 30 38 46 54 97 
 6 14 15 23 31 39 47 55 60 
 6 14 15 23 31 39 47 48 56 113 
 6 14 22 30 38 46 45 44 43 42 50 58 57 106 
 6 14 22 30 38 46 45 44 43 42 50 58 82 
 6 14 22 30 38 46 45 53 61 60 59 128 
 6 14 22 30 38 46 45 53 61 60 127 
 6 14 22 30 38 46 45 53 61 96 
 6 14 22 30 38 46 54 62 58 
 6 14 15 23 31 39 47 55 63 55 
 6 14 15 23 31 39 47 48 56 64 172 
 7 15 23 31 30 29  1 66 
 7  6  5  2 76 
 7  6  5  2  3 153 
 7  6  5  2  3  4 189 
 7  6  5 165 
 7  6 135 
 7  8 93 
 7 15 23 31 30 29  1  9 66 
 7  6  5  2 10 72 
 7  6  5  2 10 11 161 
 7  6  5  2 10 11 12 175 
 7  6  5 13 175 
 7 15 14 98 
 7 15 74 
 7 15 16 123 
 7 15 23 31 30 29  1  9 17 64 
 7  6  5  2 10 18 63 
 7  6  5  2 10 11 19 131 
 7  6  5  2 10 11 19 20 187 
 7 15 23 22 21 159 
 7 15 23 22 110 
 7 15 23 56 
 7 15 23 24 127 
 7 15 23 31 30 29  1  9 17 25 81 
 7  6  5  2 10 18 26 67 
 7  6  5  2 10 11 19 27 166 
 7  6  5  2 10 11 19 27 28 195 
 7 15 23 31 30 29 144 
 7 15 23 31 30 87 
 7 15 23 31 79 
 7 15 23 31 32 124 
 7 15 23 31 39 38 37 36 35 34 33 82 
 7 15 23 31 39 38 37 36 35 34 68 
 7 15 23 31 39 38 37 36 35 142 
 7 15 23 31 39 38 37 36 137 
 7 15 23 31 39 38 37 153 
 7 15 23 31 39 38 105 
 7 15 23 31 39 92 
 7 15 23 31 32 40 147 
 7 15 23 31 39 38 37 36 44 43 42 41 81 
 7 15 23 31 39 38 37 36 44 43 42 75 
 7 15 23 31 39 38 37 36 44 43 162 
 7 15 23 31 39 38 37 36 44 171 
 7 15 23 31 39 38 37 45 154 
 7 15 23 31 39 38 46 88 
 7 15 23 31 39 47 71 
 7 15 23 31 32 40 48 136 
 7 15 23 31 39 38 37 36 44 43 42 41 49 64 
 7 15 23 31 39 38 37 36 44 43 42 50 67 
 7 15 23 31 39 38 37 36 44 43 51 154 
 7 15 23 31 39 38 37 45 53 52 178 
 7 15 23 31 39 38 37 45 53 159 
 7 15 23 31 39 38 46 54 117 
 7 15 23 31 39 47 55 62 
 7 15 23 31 32 40 48 56 126 
 7 15 23 31 39 38 37 36 44 43 42 41 49 57 97 
 7 15 23 31 39 38 37 36 44 43 42 50 58 78 
 7 15 23 31 39 38 37 45 53 61 60 59 127 
 7 15 23 31 39 38 37 45 53 61 60 126 
 7 15 23 31 39 38 37 45 53 61 140 
 7 15 23 31 39 47 55 63 62 65 
 7 15 23 31 39 47 55 63 59 
 7 15 23 31 32 40 48 56 64 174 
 8 16 15 23 31 30 29  1 54 
 8  7  6  5  2 83 
 8  7  6  5  2  3 168 
 8  7  6  5  2  3  4 193 
 8  7  6  5 191 
 8  7  6 125 
 8  7 65 
 8  7  6  5  2 10  9 79 
 8  7  6  5  2 10 79 
 8  7  6  5  2 10 11 146 
 8  7  6  5  2 10 11 12 177 
 8  7  6 14 13 162 
 8  7  6 14 92 
 8 16 15 74 
 8 16 121 
 8  7  6  5  2 10  9 17 68 
 8  7  6  5  2 10 18 59 
 8  7  6  5  2 10 11 19 149 
 8  7  6  5  2 10 11 19 20 139 
 8  7  6 14 13 21 174 
 8  7  6 14 22 104 
 8 16 15 23 68 
 8 16 24 144 
 8  7  6  5  2 10  9 17 25 79 
 8  7  6  5  2 10 18 26 64 
 8  7  6  5  2 10 18 26 27 125 
 8  7  6  5  2 10 18 26 27 28 179 
 8 16 15 23 31 30 29 146 
 8 16 15 23 31 30 96 
 8 16 15 23 31 64 
 8 16 24 32 132 
 8 16 15 23 31 30 38 37 36 35 34 33 74 
 8 16 15 23 31 30 38 37 36 35 34 71 
 8 16 15 23 31 30 38 37 36 35 145 
 8 16 15 23 31 30 38 37 36 179 
 8 16 15 23 31 30 38 37 147 
 8 16 15 23 31 30 38 105 
 8 16 24 32 40 39 66 
 8 16 24 32 40 124 
 8 16 24 32 40 48 47 46 45 44 43 42 41 73 
 8 16 24 32 40 48 47 46 45 44 43 42 88 
 8 16 24 32 40 48 47 46 45 44 43 135 
 8 16 24 32 40 48 47 46 45 44 156 
 8 16 24 32 40 48 47 46 45 154 
 8 16 24 32 40 48 47 46 118 
 8 16 24 32 40 48 47 66 
 8 16 24 32 40 48 124 
 8 16 24 32 40 48 47 55 54 53 52 51 50 49 76 
 8 16 24 32 40 48 47 55 54 53 52 51 50 85 
 8 16 24 32 40 48 47 55 54 53 52 51 158 
 8 16 24 32 40 48 47 55 54 53 52 188 
 8 16 24 32 40 48 47 55 54 53 161 
 8 16 24 32 40 48 47 55 54 113 
 8 16 24 32 40 48 47 55 63 
 8 16 24 32 40 48 56 133 
 8 16 24 32 40 48 47 55 54 53 52 51 50 49 57 123 
 8 16 24 32 40 48 47 55 54 53 52 51 50 58 76 
 8 16 24 32 40 48 47 55 54 53 52 60 59 120 
 8 16 24 32 40 48 47 55 54 53 52 60 139 
 8 16 24 32 40 48 47 55 54 53 61 108 
 8 16 24 32 40 48 56 64 63 62 76 
 8 16 24 32 40 48 56 64 63 70 
 8 16 24 32 40 48 56 64 187 
 9  1 36 
 9 10  2 77 
 9 10 11  3 145 
 9 10 11 12  4 183 
 9  1 29 21 13  5 158 
 9  1 29 21 13  5  6 112 
 9  1 29 30 31 23 15  7 83 
 9  1 29 30 31 23 15 16  8 100 
 9 10 65 
 9 10 11 160 
 9 10 11 12 168 
 9  1 29 21 13 170 
 9  1 29 21 22 14 123 
 9  1 29 30 31 23 15 68 
 9  1 29 30 31 23 15 16 127 
 9 17 72 
 9 17 18 66 
 9 10 11 19 129 
 9 10 11 19 20 183 
 9  1 29 21 166 
 9  1 29 21 22 120 
 9  1 29 30 31 23 60 
 9  1 29 30 31 23 24 127 
 9 17 25 88 
 9 17 25 26 72 
 9 17 25 26 27 132 
 9 10 11 19 20 28 177 
 9  1 29 169 
 9  1 29 30 115 
 9  1 29 30 31 73 
 9  1 29 30 31 32 113 
 9  1 43 42 34 33 78 
 9  1 43 42 34 71 
 9  1 29 37 36 35 139 
 9  1 29 37 36 183 
 9  1 29 37 154 
 9  1 29 30 38 113 
 9  1 29 30 31 39 63 
 9  1 29 30 31 32 40 135 
 9  1 43 42 41 85 
 9  1 43 42 100 
 9  1 43 143 
 9  1 43 44 186 
 9  1 29 37 45 138 
 9  1 29 30 38 46 114 
 9  1 29 30 31 39 47 58 
 9  1 29 30 31 39 47 48 120 
 9 10 11  3 51 50 49 89 
 9 10 11  3 51 50 84 
 9 10 11  3 51 164 
 9 10 11  3 51 52 165 
 9  1 29 37 45 53 167 
 9  1 29 30 38 46 54 122 
 9  1 29 30 31 39 47 55 72 
 9  1 29 30 31 39 47 48 56 132 
 9 10 11  3 51 50 49 57 106 
 9 10 11  3 51 50 58 89 
 9 10 11  3 51 59 117 
 9 10 11  3 51 59 60 135 
 9  1 29 37 45 53 61 102 
 9  1 29 30 38 46 54 62 64 
 9  1 29 30 31 39 47 55 63 52 
 9  1 29 30 31 39 47 48 56 64 176 
10  9  1 48 
10  2 85 
10 11  3 162 
10 11 12  4 181 
10  2  5 179 
10  2  5  6 124 
10  2  5  6  7 73 
10  2  5  6  7  8 110 
10  9 76 
10 11 120 
10 11 12 178 
10  9  1 29 21 13 143 
10  9  1 29 21 13 14 103 
10  9  1 29 30 31 23 15 76 
10  9  1 29 30 31 23 24 16 124 
10 18 17 68 
10 18 74 
10 18 19 119 
10 11 12 20 175 
10  9  1 29 21 167 
10  9  1 29 21 22 125 
10  9  1 29 30 31 23 72 
10  9  1 29 30 31 23 24 122 
10 18 26 25 77 
10 18 26 82 
10 18 26 27 137 
10 18 26 27 28 198 
10  9  1 29 155 
10  9  1 29 30 118 
10  9  1 29 30 31 78 
10  9  1 29 30 31 32 130 
10 11  3 51 50 42 41 33 73 
10 11  3 51 50 42 34 97 
10 11  3 51 43 35 166 
10  9  1 29 37 36 184 
10  9  1 29 37 156 
10  9  1 29 30 38 101 
10  9  1 29 30 31 39 60 
10  9  1 29 30 31 32 40 159 
10 11  3 51 50 42 41 84 
10 11  3 51 50 42 60 
10 11  3 51 43 151 
10 11  3 51 43 44 172 
10  9  1 29 37 45 162 
10  9  1 29 30 38 46 129 
10  9  1 29 30 31 39 47 76 
10  9  1 29 30 31 32 40 48 112 
10 11  3 51 50 49 88 
10 11  3 51 50 67 
10 11  3 51 123 
10 11  3 51 52 189 
10 11  3 51 52 53 168 
10 11  3 51 52 53 54 90 
10 11  3 51 52 53 54 55 59 
10  9  1 29 30 31 32 40 48 56 127 
10 11  3 51 50 49 57 115 
10 11  3 51 50 58 68 
10 11  3 51 59 106 
10 11  3 51 52 60 147 
10 11  3 51 52 60 61 98 
10 11  3 51 52 53 54 62 62 
10 11  3 51 52 53 54 62 63 61 
10  9  1 29 30 31 32 40 48 56 64 172 
11 10  2  1 60 
11 10  2 72 
11  3 150 
11 12  4 172 
11 10  2  5 161 
11 10  2  5  6 102 
11 10  2  5  6  7 78 
11 10  2  5  6  7  8 120 
11 10  9 87 
11 10 84 
11 12 183 
11 10  2  1 29 21 13 181 
11 10  2  1 29 21 13 14 109 
11 10  2  1 29 30 31 23 15 67 
11 10  2  1 29 30 31 23 15 16 112 
11 10  9 17 80 
11 19 18 64 
11 19 137 
11 19 20 154 
11 10  2  1 29 21 152 
11 10  2  1 29 21 22 91 
11 10  2  1 29 30 31 23 56 
11 10  2  1 29 30 31 23 24 118 
11 19 27 26 25 66 
11 19 27 26 71 
11 19 27 169 
11 19 27 28 178 
11 10  2  1 29 137 
11 10  2  1 29 30 102 
11 10  2  1 29 30 31 71 
11 10  2  1 29 30 31 32 127 
11  3 51 50 42 34 33 82 
11  3 51 50 42 34 76 
11  3 51 43 35 135 
11  3 51 43 44 36 190 
11 10  2  1 29 37 156 
11 10  2  1 29 30 38 118 
11 10  2  1 29 30 31 39 74 
11 10  2  1 29 30 31 39 40 121 
11  3 51 50 49 41 86 
11  3 51 50 42 78 
11  3 51 43 143 
11  3 51 43 44 186 
11  3 51 52 53 45 161 
11 10  2  1 29 30 38 46 111 
11 10  2  1 29 30 31 39 47 66 
11  3 51 52 53 54 55 56 48 125 
11  3 51 50 49 86 
11  3 51 50 83 
11  3 51 137 
11  3 51 52 192 
11  3 51 52 53 143 
11  3 51 52 53 54 97 
11  3 51 52 53 54 55 66 
11  3 51 52 53 54 55 56 124 
11  3 51 50 49 57 110 
11  3 51 50 58 69 
11  3 51 59 112 
11  3 51 52 60 130 
11  3 51 52 60 61 100 
11  3 51 52 60 61 62 58 
11  3 51 52 53 54 55 63 49 
11  3 51 52 53 54 55 56 64 172 
12 11 10  2  1 51 
12 11 10  2 84 
12 11  3 155 
12  4 175 
12 11 10  2  5 163 
12 11 10  2  5  6 117 
12 11 10  2  5  6  7 84 
12 11 10  2  5  6  7  8 83 
12 11 10  9 82 
12 11 10 75 
12 11 121 
12 11 10  2  1 29 21 13 177 
12 11 10  2  1 29 21 13 14 108 
12 11 10  2  1 29 21 22 23 15 60 
12 11 10  2  1 29 21 22 23 15 16 128 
12 11 10 18 17 70 
12 11 10 18 75 
12 20 19 144 
12 20 178 
12 11 10  2  1 29 21 160 
12 11 10  2  1 29 21 22 113 
12 11 10  2  1 29 21 22 23 75 
12 11 10  2  1 29 21 22 23 24 112 
12 11 10 18 17 25 83 
12 20 19 27 26 72 
12 20 19 27 157 
12 20 28 161 
12 11 10  2  1 29 163 
12 11 10  2  1 29 30 116 
12 11 10  2  1 29 30 31 58 
12 11 10  2  1 29 30 31 32 125 
12 11  3 51 43 42 34 33 73 
12 11  3 51 43 42 34 81 
12 11  3 51 43 35 149 
12 11  3 51 43 44 36 216 
12 11 10  2  1 29 37 172 
12 11 10  2  1 29 30 38 122 
12 11 10  2  1 29 30 31 39 68 
12 11 10  2  1 29 30 31 32 40 121 
12 11  3 51 43 42 41 68 
12 11  3 51 43 42 94 
12 11  3 51 43 149 
12 11  3 51 43 44 194 
12 11  3 51 52 53 45 139 
12 11  3 51 52 53 45 46 110 
12 11  3 51 52 53 45 46 47 75 
12 11 10  2  1 29 30 31 32 40 48 131 
12 11  3 51 50 49 63 
12 11  3 51 50 68 
12 11  3 51 128 
12 11  3 51 52 178 
12 11  3 51 52 53 144 
12 11  3 51 52 53 54 123 
12 11  3 51 52 53 54 55 69 
12 11  3 51 52 53 54 55 56 113 
12 11  3 51 59 58 57 115 
12 11  3 51 59 58 77 
12 11  3 51 59 130 
12 11  3 51 59 60 130 
12 11  3 51 59 60 61 96 
12 11  3 51 59 60 61 62 81 
12 11  3 51 59 60 61 62 63 76 
12 11  3 51 52 53 54 55 56 64 186 
13 21 29  1 52 
13 21 29  1  2 82 
13 21 29  1  2  3 158 
13 21 29  1  2  3  4 181 
13  5 165 
13 14  6 147 
13 14 15  7 68 
13 14 15  7  8 98 
13 21 29  1  9 72 
13 21 29  1  2 10 65 
13 21 29  1  2 10 11 150 
13 21 29  1  2  3  4 12 172 
13 14 105 
13 14 15 66 
13 14 15 16 126 
13 21 29  1  9 17 74 
13 21 29  1  2 10 18 65 
13 21 29  1  2 10 18 19 128 
13 21 29  1  2  3  4 12 20 202 
13 21 174 
13 21 22 120 
13 14 15 23 60 
13 14 15 23 24 122 
13 21 29  1  9 17 25 69 
13 21 29  1  2 10 18 26 69 
13 21 29  1  2 10 18 19 27 149 
13 21 29  1  2  3  4 12 20 28 183 
13 21 29 161 
13 21 22 30 98 
13 14 15 23 31 61 
13 14 15 23 24 32 125 
13 21 22 30 38 37 36 35 34 33 66 
13 21 22 30 38 37 36 35 34 83 
13 21 22 30 38 37 36 35 151 
13 21 22 30 38 37 36 192 
13 21 22 30 38 37 164 
13 21 22 30 38 114 
13 14 15 23 31 39 80 
13 14 15 23 24 32 40 134 
13 21 22 30 38 37 36 35 43 42 41 79 
13 21 22 30 38 37 36 35 43 42 80 
13 21 22 30 38 37 36 35 43 147 
13 21 22 30 38 46 45 44 181 
13 21 22 30 38 46 45 173 
13 21 22 30 38 46 84 
13 14 15 23 31 39 47 82 
13 14 15 23 31 39 47 48 154 
13 21 22 30 38 37 36 35 43 42 50 49 76 
13 21 22 30 38 37 36 35 43 42 50 90 
13 21 22 30 38 46 45 53 52 51 135 
13 21 22 30 38 46 45 53 52 182 
13 21 22 30 38 46 45 53 172 
13 21 22 30 38 46 54 99 
13 21 22 30 38 46 54 55 65 
13 14 15 23 31 39 47 48 56 137 
13 21 22 30 38 46 45 53 61 60 59 58 57 124 
13 21 22 30 38 46 45 53 61 60 59 58 78 
13 21 22 30 38 46 45 53 61 60 59 126 
13 21 22 30 38 46 45 53 61 60 131 
13 21 22 30 38 46 45 53 61 116 
13 21 22 30 38 46 54 62 71 
13 21 22 30 38 46 54 55 63 61 
13 14 15 23 31 39 47 48 56 64 173 
14 22 21 29  1 57 
14 13  5  2 83 
14 13  5  2  3 139 
14 13  5  2  3  4 208 
14 13  5 166 
14  6 111 
14 15  7 54 
14 15 16  8 93 
14 22 21 29  1  9 72 
14 22 21 29  1  9 10 64 
14 22 21 29  1  9 10 11 145 
14 13  5  2  3  4 12 178 
14 13 152 
14 15 80 
14 15 16 126 
14 22 21 29  1  9 17 82 
14 22 21 29  1  9 10 18 82 
14 22 21 29  1  9 10 11 19 123 
14 13  5  2  3  4 12 20 183 
14 22 21 145 
14 22 112 
14 15 23 60 
14 15 16 24 119 
14 22 21 29  1  9 17 25 79 
14 22 21 29  1  9 17 25 26 63 
14 22 21 29  1  9 17 25 26 27 117 
14 13  5  2  3  4 12 20 28 204 
14 22 21 29 163 
14 22 30 118 
14 22 30 31 62 
14 22 30 31 32 142 
14 22 30 38 37 36 35 34 33 77 
14 22 30 38 37 36 35 34 76 
14 22 30 38 37 36 35 151 
14 22 30 38 37 36 181 
14 22 30 38 37 129 
14 22 30 38 99 
14 22 30 31 39 80 
14 22 30 31 32 40 122 
14 22 30 38 46 45 44 43 42 41 87 
14 22 30 38 46 45 44 43 42 87 
14 22 30 38 46 45 44 43 142 
14 22 30 38 46 45 44 177 
14 22 30 38 46 45 166 
14 22 30 38 46 107 
14 22 30 31 39 47 60 
14 22 30 31 39 47 48 128 
14 22 30 38 46 45 44 43 42 50 49 79 
14 22 30 38 46 45 44 43 42 50 78 
14 22 30 38 46 45 44 43 51 118 
14 22 30 38 46 45 44 52 180 
14 22 30 38 46 45 53 166 
14 22 30 38 46 54 98 
14 22 30 38 46 54 55 66 
14 22 30 31 39 47 48 56 129 
14 22 30 38 46 54 62 61 60 59 58 57 102 
14 22 30 38 46 54 62 61 60 59 58 75 
14 22 30 38 46 54 62 61 60 59 112 
14 22 30 38 46 54 62 61 60 165 
14 22 30 38 46 54 62 61 110 
14 22 30 38 46 54 62 84 
14 22 30 38 46 54 55 63 76 
14 22 30 31 39 47 48 56 64 172 
15 23 31 30 29  1 42 
15 23 31 30 29  1  2 78 
15 23 31 30 29  1  2  3 131 
15 23 31 30 29  1  2  3  4 208 
15 14 13  5 163 
15 14  6 111 
15  7 74 
15 16  8 88 
15 23 31 30 29  1  9 70 
15 23 31 30 29  1  9 10 82 
15 23 31 30 29  1  2  3 11 150 
15 23 31 30 29  1  2  3  4 12 170 
15 14 13 162 
15 14 110 
15 16 123 
15 23 31 30 29  1  9 17 68 
15 23 31 30 29  1  9 10 18 74 
15 23 31 30 29  1  9 10 18 19 147 
15 23 31 30 29  1  2  3  4 12 20 163 
15 23 22 21 151 
15 23 22 101 
15 23 75 
15 23 24 122 
15 23 31 30 29  1  9 17 25 83 
15 23 31 30 29  1  9 17 25 26 80 
15 23 31 30 29  1  9 17 25 26 27 142 
15 23 31 30 29  1  9 17 25 26 27 28 201 
15 23 31 30 29 167 
15 23 31 30 128 
15 23 31 64 
15 23 31 32 110 
15 23 31 30 38 37 36 35 34 33 76 
15 23 31 30 38 37 36 35 34 80 
15 23 31 30 38 37 36 35 151 
15 23 31 30 38 37 36 201 
15 23 31 30 38 37 141 
15 23 31 30 38 97 
15 23 31 39 77 
15 23 31 32 40 139 
15 23 31 39 47 46 45 44 43 42 41 83 
15 23 31 39 47 46 45 44 43 42 67 
15 23 31 39 47 46 45 44 43 147 
15 23 31 39 47 46 45 44 164 
15 23 31 39 47 46 45 172 
15 23 31 39 47 46 108 
15 23 31 39 47 59 
15 23 31 39 47 48 112 
15 23 31 39 47 46 45 44 43 42 50 49 61 
15 23 31 39 47 46 45 44 43 42 50 65 
15 23 31 39 47 46 45 44 43 51 168 
15 23 31 39 47 55 54 53 52 173 
15 23 31 39 47 55 54 53 164 
15 23 31 39 47 55 54 132 
15 23 31 39 47 55 55 
15 23 31 39 47 48 56 120 
15 23 31 39 47 46 45 44 43 42 50 49 57 116 
15 23 31 39 47 46 45 44 43 42 50 58 68 
15 23 31 39 47 55 54 62 61 60 59 125 
15 23 31 39 47 55 54 62 61 60 138 
15 23 31 39 47 55 54 62 61 111 
15 23 31 39 47 55 54 62 65 
15 23 31 39 47 55 63 61 
15 23 31 39 47 48 56 64 169 
16 15 14 13 21 29  1 55 
16 15 14  6  5  2 65 
16 15 14  6  5  2  3 152 
16 15 14  6  5  2  3  4 220 
16 15 14  6  5 164 
16 15 14  6 132 
16 15  7 75 
16  8 101 
16 15 14 13 21 29  1  9 63 
16 15 14  6  5  2 10 68 
16 15 14  6  5  2 10 11 125 
16 15 14  6  5  2  3  4 12 177 
16 15 14 13 181 
16 15 14 110 
16 15 60 
16 15 14 13 21 29  1  9 17 79 
16 15 14 13 21 29  1  9 17 18 60 
16 15 14 13 21 29  1  9 17 18 19 151 
16 15 14 13 21 29  1  9 17 18 19 20 182 
16 15 14 13 21 187 
16 15 14 22 127 
16 15 23 67 
16 24 106 
16 15 14 13 21 29  1  9 17 25 65 
16 15 14 13 21 29  1  9 17 25 26 84 
16 15 14 13 21 29  1  9 17 18 19 27 149 
16 15 14 13 21 29  1  9 17 18 19 27 28 178 
16 15 14 13 21 29 168 
16 15 23 31 30 124 
16 15 23 31 52 
16 24 32 117 
16 24 32 40 39 38 37 36 35 34 33 74 
16 24 32 40 39 38 37 36 35 34 84 
16 24 32 40 39 38 37 36 35 147 
16 24 32 40 39 38 37 36 158 
16 24 32 40 39 38 37 196 
16 24 32 40 39 38 108 
16 24 32 40 39 70 
16 24 32 40 134 
16 24 32 40 48 47 46 45 44 43 42 41 88 
16 24 32 40 48 47 46 45 44 43 42 89 
16 24 32 40 48 47 46 45 44 43 152 
16 24 32 40 48 47 46 45 44 170 
16 24 32 40 48 47 46 45 154 
16 24 32 40 48 47 46 110 
16 24 32 40 48 47 74 
16 24 32 40 48 147 
16 24 32 40 48 47 46 45 44 43 42 41 49 68 
16 24 32 40 48 47 46 45 44 43 42 50 71 
16 24 32 40 48 47 46 45 44 43 51 134 
16 24 32 40 48 47 46 54 53 52 204 
16 24 32 40 48 47 46 54 53 145 
16 24 32 40 48 47 46 54 112 
16 24 32 40 48 47 55 52 
16 24 32 40 48 56 100 
16 24 32 40 48 47 46 45 44 43 42 41 49 57 105 
16 24 32 40 48 47 46 45 44 43 42 50 58 82 
16 24 32 40 48 47 46 45 44 43 51 59 114 
16 24 32 40 48 47 46 54 62 61 60 136 
16 24 32 40 48 47 46 54 62 61 103 
16 24 32 40 48 47 46 54 62 87 
16 24 32 40 48 56 64 63 71 
16 24 32 40 48 56 64 159 
17  9  1 45 
17 18 10  2 70 
17 18 10 11  3 140 
17 18 19 20 12  4 196 
17  9  1 29 21 13  5 174 
17  9  1 29 21 13  5  6 149 
17  9  1 29 21 13  5  6  7 70 
17  9  1 29 21 13  5  6  7  8 77 
17  9 60 
17 18 10 81 
17 18 10 11 124 
17 18 19 20 12 152 
17  9  1 29 21 13 149 
17  9  1 29 21 13 14 93 
17  9  1 29 30 22 23 15 78 
17  9  1 29 30 22 23 15 16 108 
17 18 63 
17 18 19 111 
17 18 19 20 166 
17  9  1 29 21 158 
17  9  1 29 30 22 106 
17  9  1 29 30 22 23 67 
17  9  1 29 30 22 23 24 151 
17 25 73 
17 25 26 82 
17 18 19 27 147 
17 18 19 27 28 189 
17  9  1 29 154 
17  9  1 29 30 110 
17  9  1 29 30 31 77 
17  9  1 29 30 31 32 147 
17  9  1 43 42 41 33 74 
17  9  1 29 37 36 35 34 88 
17  9  1 29 37 36 35 138 
17  9  1 29 37 36 184 
17  9  1 29 37 160 
17  9  1 29 30 38 117 
17  9  1 29 30 31 39 67 
17  9  1 29 30 31 39 40 141 
17  9  1 43 42 41 86 
17  9  1 43 42 76 
17  9  1 43 147 
17  9  1 29 37 36 44 186 
17  9  1 29 37 45 140 
17  9  1 29 30 38 46 109 
17  9  1 29 30 31 39 47 77 
17  9  1 29 30 31 39 40 48 142 
17 18 10 11  3 51 50 49 80 
17 18 10 11  3 51 50 54 
17 18 10 11  3 51 127 
17 18 10 11  3 51 52 177 
17  9  1 29 37 45 53 165 
17  9  1 29 30 38 46 54 102 
17  9  1 29 30 38 46 54 55 74 
17  9  1 29 30 31 39 40 48 56 113 
17 18 10 11  3 51 50 49 57 97 
17 18 10 11  3 51 59 58 69 
17 18 10 11  3 51 59 104 
17 18 10 11  3 51 52 60 136 
17  9  1 29 37 45 53 61 118 
17  9  1 29 30 38 46 54 62 71 
17  9  1 29 30 38 46 54 55 63 60 
17  9  1 29 30 31 39 40 48 56 64 188 
18 10  2  1 48 
18 10  2 82 
18 10  2  3 188 
18 19 20 12  4 211 
18 10  2  5 199 
18 10  2  5  6 124 
18 10  2  5  6  7 74 
18 10  2  5  6  7  8 103 
18 17  9 69 
18 10 69 
18 19 11 136 
18 19 20 12 172 
18 10  2  1 29 21 13 171 
18 10  2  1 29 21 13 14 107 
18 10  2  1 29 30 22 23 15 62 
18 10  2  1 29 30 22 23 15 16 118 
18 17 68 
18 19 115 
18 19 20 171 
18 10  2  1 29 21 183 
18 10  2  1 29 30 22 101 
18 10  2  1 29 30 22 23 84 
18 10  2  1 29 30 22 23 24 132 
18 26 25 95 
18 26 68 
18 26 27 156 
18 19 20 28 168 
18 10  2  1 29 169 
18 10  2  1 29 30 107 
18 10  2  1 29 30 31 71 
18 10  2  1 29 30 31 32 124 
18 10  2  1 29 37 36 35 34 33 70 
18 10  2  1 29 37 36 35 34 85 
18 10  2  1 29 37 36 35 164 
18 10  2  1 29 37 36 193 
18 10  2  1 29 37 159 
18 10  2  1 29 37 38 116 
18 10  2  1 29 30 31 39 85 
18 10  2  1 29 30 31 32 40 135 
18 10  2  3 51 43 42 41 89 
18 10  2  3 51 43 42 79 
18 10  2  3 51 43 132 
18 10  2  3 51 43 44 179 
18 10  2  1 29 37 45 151 
18 10  2  1 29 37 38 46 108 
18 10  2  1 29 37 38 46 47 76 
18 10  2  1 29 30 31 32 40 48 142 
18 10  2  3 51 50 49 67 
18 10  2  3 51 50 85 
18 10  2  3 51 164 
18 10  2  3 51 52 180 
18 10  2  1 29 37 45 53 145 
18 10  2  1 29 37 45 53 54 128 
18 10  2  1 29 37 45 53 54 55 65 
18 10  2  1 29 30 31 32 40 48 56 128 
18 10  2  3 51 59 58 57 116 
18 10  2  3 51 59 58 81 
18 10  2  3 51 59 115 
18 10  2  3 51 52 60 165 
18 10  2  3 51 52 60 61 107 
18 10  2  1 29 37 45 53 54 62 65 
18 10  2  1 29 37 45 53 54 55 63 66 
18 10  2  1 29 30 31 32 40 48 56 64 169 
19 18 17  9  1 51 
19 18 10  2 82 
19 11  3 143 
19 11  3  4 194 
19 18 10  2  5 188 
19 18 10  2  5  6 129 
19 18 10  2  5  6  7 74 
19 18 10  2  5  6  7  8 86 
19 18 17  9 59 
19 18 10 63 
19 11 147 
19 20 12 152 
19 18 17  9  1 29 21 13 143 
19 18 17  9  1 29 21 22 14 126 
19 18 17  9  1 29 21 22 23 15 66 
19 18 17  9  1 29 21 22 23 15 16 124 
19 18 17 73 
19 18 68 
19 20 156 
19 18 17  9  1 29 21 151 
19 18 17  9  1 29 21 22 77 
19 18 17  9  1 29 21 22 23 71 
19 18 17  9  1 29 21 22 23 24 124 
19 18 17 25 66 
19 27 26 78 
19 27 149 
19 27 28 178 
19 18 17  9  1 29 173 
19 18 17  9  1 29 30 123 
19 18 17  9  1 29 30 31 67 
19 18 17  9  1 29 30 31 32 116 
19 11  3 51 50 42 41 33 84 
19 11  3 51 50 42 34 92 
19 11  3 51 43 35 153 
19 11  3 51 43 35 36 180 
19 18 17  9  1 29 37 155 
19 18 17  9  1 29 30 38 93 
19 18 17  9  1 29 30 31 39 76 
19 18 17  9  1 29 30 31 32 40 146 
19 11  3 51 50 42 41 61 
19 11  3 51 50 42 78 
19 11  3 51 43 161 
19 11  3 51 43 44 181 
19 11  3 51 52 53 45 165 
19 11  3 51 52 53 54 46 99 
19 11  3 51 52 53 54 55 47 77 
19 11  3 51 52 53 54 55 56 48 132 
19 11  3 51 50 49 66 
19 11  3 51 50 76 
19 11  3 51 162 
19 11  3 51 52 169 
19 11  3 51 52 53 158 
19 11  3 51 52 53 54 102 
19 11  3 51 52 53 54 55 68 
19 11  3 51 52 53 54 55 56 116 
19 11  3 51 50 58 57 117 
19 11  3 51 50 58 84 
19 11  3 51 59 111 
19 11  3 51 52 60 166 
19 11  3 51 52 53 61 110 
19 11  3 51 52 53 54 62 90 
19 11  3 51 52 53 54 55 63 76 
19 11  3 51 52 53 54 55 56 64 163 
20 19 18 10  2  1 54 
20 19 18 10  2 98 
20 12  4  3 151 
20 12  4 200 
20 19 18 10  2  5 180 
20 19 18 10  2  5  6 103 
20 19 18 10  2  5  6  7 75 
20 19 18 10  2  5  6  7  8 107 
20 19 18 17  9 78 
20 19 18 10 61 
20 19 11 136 
20 12 172 
20 19 18 10  2  1 29 21 13 135 
20 19 18 10  2  1 29 21 22 14 94 
20 19 18 10  2  1 29 30 31 23 15 73 
20 19 18 10  2  1 29 30 31 23 15 16 116 
20 19 18 17 67 
20 19 18 69 
20 19 117 
20 19 18 10  2  1 29 21 165 
20 19 18 10  2  1 29 21 22 109 
20 19 18 10  2  1 29 30 31 23 65 
20 19 18 10  2  1 29 30 31 23 24 125 
20 19 18 26 25 79 
20 19 18 26 81 
20 28 27 135 
20 28 191 
20 19 18 10  2  1 29 129 
20 19 18 10  2  1 29 30 123 
20 19 18 10  2  1 29 30 31 66 
20 19 18 10  2  1 29 30 31 32 113 
20 12  4  3 51 50 42 41 33 99 
20 12  4  3 51 50 42 34 81 
20 12  4  3 51 43 35 168 
20 12  4  3 51 43 35 36 166 
20 19 18 10  2  1 29 37 145 
20 19 18 10  2  1 29 30 38 116 
20 19 18 10  2  1 29 30 38 39 73 
20 19 18 10  2  1 29 30 31 32 40 143 
20 12  4  3 51 50 42 41 72 
20 12  4  3 51 50 42 84 
20 12  4  3 51 43 130 
20 12  4  3 51 43 44 173 
20 12  4  3 51 52 53 45 161 
20 12  4  3 51 52 53 54 46 108 
20 19 18 10  2  1 29 30 38 39 47 65 
20 19 18 10  2  1 29 30 38 39 47 48 146 
20 12  4  3 51 50 49 82 
20 12  4  3 51 50 76 
20 12  4  3 51 143 
20 12  4  3 51 52 192 
20 12  4  3 51 52 53 146 
20 12  4  3 51 52 53 54 94 
20 12  4  3 51 52 53 54 55 81 
20 12  4  3 51 52 53 54 55 56 130 
20 12  4  3 51 59 58 57 116 
20 12  4  3 51 59 58 80 
20 12  4  3 51 59 125 
20 12  4  3 51 59 60 145 
20 12  4  3 51 59 60 61 124 
20 12  4  3 51 59 60 61 62 68 
20 12  4  3 51 52 53 54 55 63 63 
20 12  4  3 51 52 53 54 55 63 64 163 
21 29  1 51 
21 29  1  2 79 
21 29  1  2  3 126 
21 29  1  2  3  4 165 
21 13  5 164 
21 13  5  6 130 
21 13  5  6  7 68 
21 22 23 15 16  8 98 
21 29  1  9 79 
21 29  1  9 10 85 
21 29  1  9 10 11 141 
21 29  1  9 10 11 12 197 
21 13 169 
21 22 14 119 
21 22 23 15 82 
21 22 23 15 16 127 
21 29  1  9 17 72 
21 29  1  9 17 18 71 
21 29  1  9 17 18 19 131 
21 29  1  9 17 18 19 20 135 
21 22 109 
21 22 23 69 
21 22 23 24 110 
21 29  1  9 17 25 79 
21 29  1  9 17 25 26 77 
21 29  1  9 17 18 19 27 131 
21 29  1  9 17 18 19 27 28 163 
21 29 165 
21 22 30 89 
21 22 23 31 75 
21 22 23 31 32 127 
21 29 37 36 35 34 33 80 
21 29 37 36 35 34 88 
21 29 37 36 35 154 
21 29 37 36 164 
21 29 37 179 
21 22 30 38 123 
21 22 23 31 39 70 
21 22 23 31 32 40 122 
21 29 37 45 44 43 42 41 69 
21 29 37 45 44 43 42 79 
21 29 37 45 44 43 159 
21 29 37 45 44 179 
21 29 37 45 155 
21 22 30 38 46 106 
21 22 23 31 39 47 69 
21 22 23 31 32 40 48 117 
21 29 37 45 44 43 42 50 49 80 
21 29 37 45 44 43 42 50 52 
21 29 37 45 44 43 51 164 
21 29 37 45 53 52 191 
21 29 37 45 53 150 
21 22 30 38 46 54 99 
21 22 30 38 46 54 55 60 
21 22 23 31 32 40 48 56 120 
21 29 37 45 44 43 42 50 58 57 115 
21 29 37 45 44 43 42 50 58 72 
21 29 37 45 53 61 60 59 105 
21 29 37 45 53 61 60 132 
21 29 37 45 53 61 127 
21 22 30 38 46 54 62 72 
21 22 30 38 46 54 55 63 51 
21 22 23 31 32 40 48 56 64 152 
22 30 29  1 52 
22 30 29  1  2 81 
22 30 29  1  2  3 153 
22 30 29  1  2  3  4 200 
22 14  6  5 154 
22 14  6 132 
22 23 15  7 69 
22 23 15  7  8 94 
22 30 29  1  9 60 
22 30 29  1  2 10 80 
22 30 29  1  2 10 11 142 
22 30 29  1  2  3  4 12 182 
22 21 13 146 
22 14 115 
22 23 15 64 
22 23 15 16 117 
22 30 29  1  9 17 64 
22 30 29  1  2 10 18 60 
22 30 29  1  2 10 18 19 140 
22 30 29  1  2 10 18 19 20 179 
22 21 153 
22 23 63 
22 23 24 123 
22 30 29  1  9 17 25 76 
22 30 29  1  2 10 18 26 72 
22 30 29  1  2 10 18 26 27 159 
22 30 29  1  2 10 18 26 27 28 187 
22 30 29 164 
22 30 112 
22 30 31 62 
22 30 31 32 96 
22 30 38 37 36 35 34 33 71 
22 30 38 37 36 35 34 71 
22 30 38 37 36 35 139 
22 30 38 37 36 170 
22 30 38 37 150 
22 30 38 103 
22 30 31 39 82 
22 30 31 39 40 112 
22 30 38 46 45 44 43 42 41 76 
22 30 38 46 45 44 43 42 71 
22 30 38 46 45 44 43 161 
22 30 38 46 45 44 160 
22 30 38 46 45 168 
22 30 38 46 124 
22 30 38 46 47 79 
22 30 31 39 40 48 146 
22 30 38 46 45 44 43 42 50 49 70 
22 30 38 46 45 44 43 42 50 73 
22 30 38 46 45 53 52 51 143 
22 30 38 46 45 53 52 151 
22 30 38 46 45 53 147 
22 30 38 46 54 103 
22 30 38 46 47 55 73 
22 30 31 39 40 48 56 133 
22 30 38 46 45 44 43 42 50 49 57 114 
22 30 38 46 45 44 43 42 50 58 69 
22 30 38 46 45 53 61 60 59 137 
22 30 38 46 45 53 61 60 137 
22 30 38 46 45 53 61 105 
22 30 38 46 54 62 71 
22 30 38 46 47 55 63 58 
22 30 31 39 40 48 56 64 150 
23 22 21 29  1 47 
23 22 21 29  1  2 72 
23 22 21 29  1  2  3 144 
23 22 21 29  1  2  3  4 195 
23 15 14 13  5 166 
23 15  7  6 137 
23 15  7 51 
23 15  7  8 104 
23 22 21 29  1  9 61 
23 22 21 29  1  2 10 75 
23 22 21 29  1  2  3 11 169 
23 22 21 29  1  2  3  4 12 181 
23 15 14 13 149 
23 15 14 96 
23 15 61 
23 15 16 132 
23 22 21 29  1  9 17 70 
23 22 21 29  1  2 10 18 69 
23 22 21 29  1  2  3 11 19 144 
23 22 21 29  1  2  3  4 12 20 189 
23 22 21 162 
23 22 103 
23 24 118 
23 22 21 29  1  9 17 25 76 
23 22 21 29  1  2 10 18 26 69 
23 22 21 29  1  2 10 18 26 27 153 
23 22 21 29  1  2  3  4 12 20 28 164 
23 22 21 29 140 
23 31 30 117 
23 31 61 
23 31 32 136 
23 31 30 38 37 36 35 34 33 84 
23 31 30 38 37 36 35 34 77 
23 31 30 38 37 36 35 162 
23 31 30 38 37 36 182 
23 31 30 38 37 184 
23 31 30 38 97 
23 31 39 75 
23 31 32 40 114 
23 31 30 38 37 36 35 43 42 41 86 
23 31 30 38 37 36 35 43 42 79 
23 31 30 38 37 36 35 43 155 
23 31 39 47 46 45 44 179 
23 31 39 47 46 45 169 
23 31 39 47 46 104 
23 31 39 47 58 
23 31 32 40 48 150 
23 31 30 38 37 36 35 43 42 50 49 75 
23 31 30 38 37 36 35 43 42 50 70 
23 31 30 38 37 36 35 43 51 131 
23 31 39 47 46 45 53 52 184 
23 31 39 47 46 45 53 151 
23 31 39 47 55 54 93 
23 31 39 47 55 67 
23 31 32 40 48 56 131 
23 31 30 38 37 36 35 43 42 50 49 57 103 
23 31 30 38 37 36 35 43 42 50 58 63 
23 31 39 47 46 45 53 61 60 59 130 
23 31 39 47 46 45 53 61 60 133 
23 31 39 47 46 45 53 61 101 
23 31 39 47 55 63 62 85 
23 31 39 47 55 63 74 
23 31 32 40 48 56 64 186 
24 23 22 21 29  1 50 
24 23 22 21 29  1  2 85 
24 23 22 21 29  1  2  3 148 
24 23 22 21 29  1  2  3  4 204 
24 23 22 14 13  5 144 
24 16  8  7  6 146 
24 16  8  7 65 
24 16  8 101 
24 23 22 21 29  1  9 68 
24 23 22 21 29  1  2 10 68 
24 23 22 21 29  1  2 10 11 146 
24 23 22 21 29  1  2 10 11 12 171 
24 23 22 14 13 130 
24 23 22 14 108 
24 23 15 56 
24 16 117 
24 23 22 21 29  1  9 17 72 
24 23 22 21 29  1  2 10 18 73 
24 23 22 21 29  1  2 10 18 19 112 
24 23 22 21 29  1  2 10 11 12 20 190 
24 23 22 21 138 
24 23 22 119 
24 23 57 
24 23 22 21 29  1  9 17 25 76 
24 23 22 21 29  1  2 10 18 26 77 
24 23 22 21 29  1  2 10 18 26 27 145 
24 23 22 21 29  1  2 10 18 26 27 28 171 
24 23 22 21 29 160 
24 23 22 30 108 
24 32 31 66 
24 32 103 
24 32 31 39 38 37 36 35 34 33 74 
24 32 31 39 38 37 36 35 34 81 
24 32 31 39 38 37 36 35 159 
24 32 31 39 38 37 36 171 
24 32 31 39 38 37 179 
24 32 31 39 38 97 
24 32 31 39 71 
24 32 40 145 
24 32 40 48 47 46 45 44 43 42 41 73 
24 32 40 48 47 46 45 44 43 42 90 
24 32 40 48 47 46 45 44 43 162 
24 32 40 48 47 46 45 44 189 
24 32 40 48 47 46 45 156 
24 32 40 48 47 46 127 
24 32 40 48 47 84 
24 32 40 48 124 
24 32 40 48 47 46 45 44 43 42 50 49 85 
24 32 40 48 47 46 45 44 43 42 50 73 
24 32 40 48 47 46 45 44 43 51 151 
24 32 40 48 47 46 45 53 52 197 
24 32 40 48 47 46 45 53 168 
24 32 40 48 47 55 54 112 
24 32 40 48 47 55 62 
24 32 40 48 56 151 
24 32 40 48 47 46 45 44 43 42 50 58 57 117 
24 32 40 48 47 46 45 44 43 42 50 58 70 
24 32 40 48 47 46 45 53 61 60 59 117 
24 32 40 48 47 46 45 53 61 60 132 
24 32 40 48 47 46 45 53 61 130 
24 32 40 48 47 55 54 62 71 
24 32 40 48 47 55 63 69 
24 32 40 48 56 64 187 
25 17  9  1 48 
25 17  9 10  2 75 
25 17  9 10  2  3 139 
25 26 27 19 11 12  4 175 
25 17  9  1 29 21 13  5 158 
25 17  9  1 29 21 13  5  6 133 
25 17  9  1 29 21 13  5  6  7 74 
25 17  9  1 29 21 13  5  6  7  8 100 
25 17  9 69 
25 17  9 10 82 
25 26 27 19 11 151 
25 26 27 19 11 12 183 
25 17  9  1 29 21 13 164 
25 17  9  1 29 21 13 14 118 
25 17  9  1 29 21 22 23 15 77 
25 17  9  1 29 21 22 23 15 16 121 
25 17 72 
25 26 18 60 
25 26 27 19 157 
25 26 27 28 20 162 
25 17  9  1 29 21 166 
25 17  9  1 29 21 22 101 
25 17  9  1 29 21 22 23 72 
25 17  9  1 29 21 22 23 24 136 
25 26 67 
25 26 27 129 
25 26 27 28 194 
25 17  9  1 29 148 
25 17  9  1 29 30 101 
25 17  9  1 29 30 31 70 
25 17  9  1 29 30 31 32 128 
25 17  9  1 43 42 34 33 78 
25 17  9  1 43 42 34 88 
25 17  9  1 29 37 36 35 152 
25 17  9  1 29 37 36 178 
25 17  9  1 29 37 150 
25 17  9  1 29 30 38 98 
25 17  9  1 29 30 31 39 77 
25 17  9  1 29 30 31 32 40 121 
25 17  9  1 43 42 41 82 
25 17  9  1 43 42 79 
25 17  9  1 43 153 
25 17  9  1 43 44 204 
25 17  9  1 29 37 45 152 
25 17  9  1 29 30 38 46 133 
25 17  9  1 29 30 31 39 47 75 
25 17  9  1 29 30 31 39 47 48 134 
25 17  9 10  2  3 51 50 49 74 
25 17  9 10  2  3 51 50 82 
25 17  9 10  2  3 51 164 
25 17  9 10  2  3 51 52 171 
25 17  9  1 29 37 45 53 170 
25 17  9  1 29 30 38 46 54 110 
25 17  9  1 29 30 31 39 47 55 77 
25 17  9  1 29 30 31 39 47 48 56 130 
25 17  9 10  2  3 51 50 58 57 100 
25 17  9 10  2  3 51 50 58 67 
25 17  9 10  2  3 51 59 126 
25 17  9 10  2  3 51 52 60 141 
25 17  9  1 29 37 45 53 61 120 
25 17  9  1 29 30 38 46 54 62 59 
25 17  9  1 29 30 31 39 47 55 63 60 
25 17  9  1 29 30 31 39 47 48 56 64 179 
26 18 10  9  1 40 
26 18 10  2 75 
26 18 10 11  3 159 
26 27 28 20 12  4 197 
26 18 10  2  5 152 
26 18 10  2  5  6 133 
26 18 10  2  5  6  7 59 
26 18 10  2  5  6  7  8 112 
26 18 10  9 81 
26 18 10 71 
26 18 10 11 142 
26 27 28 20 12 178 
26 18 10  9  1 29 21 13 150 
26 18 10  9  1 29 21 22 14 108 
26 18 10  9  1 29 21 22 23 15 76 
26 18 10  9  1 29 21 22 23 15 16 105 
26 25 17 73 
26 18 75 
26 27 19 127 
26 27 28 20 167 
26 18 10  9  1 29 21 152 
26 18 10  9  1 29 21 22 108 
26 18 10  9  1 29 21 22 23 59 
26 18 10  9  1 29 21 22 23 24 122 
26 25 64 
26 27 155 
26 27 28 172 
26 18 10  9  1 29 164 
26 18 10  9  1 29 30 109 
26 18 10  9  1 29 30 31 58 
26 18 10  9  1 29 30 31 32 143 
26 18 10 11  3 51 43 42 34 33 75 
26 18 10 11  3 51 43 42 34 75 
26 18 10 11  3 51 43 35 170 
26 18 10  9  1 29 37 36 171 
26 18 10  9  1 29 37 172 
26 18 10  9  1 29 30 38 117 
26 18 10  9  1 29 30 31 39 50 
26 18 10  9  1 29 30 31 39 40 124 
26 18 10 11  3 51 43 42 41 86 
26 18 10 11  3 51 43 42 71 
26 18 10 11  3 51 43 149 
26 18 10 11  3 51 43 44 194 
26 18 10  9  1 29 37 45 151 
26 18 10  9  1 29 37 45 46 106 
26 18 10  9  1 29 30 31 39 47 64 
26 18 10  9  1 29 30 31 39 47 48 128 
26 18 10 11  3 51 50 49 73 
26 18 10 11  3 51 50 55 
26 18 10 11  3 51 152 
26 18 10 11  3 51 52 176 
26 18 10  9  1 29 37 45 53 160 
26 18 10  9  1 29 37 45 53 54 101 
26 18 10  9  1 29 37 45 53 54 55 73 
26 18 10  9  1 29 30 31 39 47 48 56 116 
26 18 10 11  3 51 50 49 57 106 
26 18 10 11  3 51 59 58 83 
26 18 10 11  3 51 59 120 
26 18 10 11  3 51 59 60 130 
26 18 10 11  3 51 59 60 61 108 
26 18 10  9  1 29 37 45 53 54 62 62 
26 18 10  9  1 29 37 45 53 54 55 63 59 
26 18 10  9  1 29 30 31 39 47 48 56 64 169 
27 19 11 10  2  1 60 
27 19 11 10  2 79 
27 19 11  3 143 
27 19 11 12  4 187 
27 19 11 10  2  5 177 
27 19 11 10  2  5  6 132 
27 19 11 10  2  5  6  7 64 
27 19 11 10  2  5  6  7  8 90 
27 26 25 17  9 72 
27 19 11 10 85 
27 19 11 137 
27 19 11 12 184 
27 19 11 10  2  1 29 21 13 149 
27 19 11 10  2  1 29 21 22 14 94 
27 19 11 10  2  1 29 30 31 23 15 63 
27 19 11 10  2  1 29 30 31 23 15 16 129 
27 26 25 17 54 
27 26 18 64 
27 19 133 
27 28 20 165 
27 19 11 10  2  1 29 21 175 
27 19 11 10  2  1 29 21 22 117 
27 19 11 10  2  1 29 30 31 23 71 
27 19 11 10  2  1 29 30 31 23 24 123 
27 26 25 72 
27 26 80 
27 28 174 
27 19 11 10  2  1 29 144 
27 19 11 10  2  1 29 30 105 
27 19 11 10  2  1 29 30 31 69 
27 19 11 10  2  1 29 30 31 32 135 
27 19 11  3 51 50 49 41 33 80 
27 19 11  3 51 43 42 34 84 
27 19 11  3 51 43 35 177 
27 19 11  3 51 43 44 36 187 
27 19 11 10  2  1 29 37 161 
27 19 11 10  2  1 29 30 38 93 
27 19 11 10  2  1 29 30 31 39 71 
27 19 11 10  2  1 29 30 31 32 40 131 
27 19 11  3 51 50 49 41 74 
27 19 11  3 51 43 42 87 
27 19 11  3 51 43 159 
27 19 11  3 51 43 44 202 
27 19 11  3 51 43 44 45 168 
27 19 11  3 51 43 44 45 46 108 
27 19 11  3 51 52 53 54 55 47 76 
27 19 11 10  2  1 29 30 31 32 40 48 136 
27 19 11  3 51 50 49 80 
27 19 11  3 51 50 60 
27 19 11  3 51 159 
27 19 11  3 51 52 175 
27 19 11  3 51 52 53 141 
27 19 11  3 51 52 53 54 123 
27 19 11  3 51 52 53 54 55 75 
27 19 11  3 51 52 53 54 55 56 126 
27 19 11  3 51 50 49 57 115 
27 19 11  3 51 59 58 66 
27 19 11  3 51 59 122 
27 19 11  3 51 59 60 148 
27 19 11  3 51 59 60 61 123 
27 19 11  3 51 59 60 61 62 83 
27 19 11  3 51 52 53 54 55 63 73 
27 19 11  3 51 52 53 54 55 56 64 139 
28 27 26 18 10  9  1 53 
28 20 12  4  3  2 83 
28 20 12  4  3 158 
28 20 12  4 178 
28 20 12  4  3  2  5 166 
28 20 12  4  3  2  5  6 122 
28 20 12  4  3  2  5  6  7 57 
28 20 12  4  3  2  5  6  7  8 99 
28 27 26 18 10  9 66 
28 27 26 18 10 72 
28 20 12 11 141 
28 20 12 173 
28 27 26 18 10  9  1 29 21 13 172 
28 27 26 18 10  9  1 29 21 13 14 103 
28 27 26 18 10  9  1 29 30 31 23 15 68 
28 27 26 18 10  9  1 29 30 31 23 15 16 110 
28 27 26 25 17 75 
28 27 26 18 74 
28 27 19 140 
28 20 152 
28 27 26 18 10  9  1 29 21 175 
28 27 26 18 10  9  1 29 21 22 107 
28 27 26 18 10  9  1 29 30 31 23 72 
28 27 26 18 10  9  1 29 30 31 23 24 126 
28 27 26 25 83 
28 27 26 80 
28 27 157 
28 27 26 18 10  9  1 29 147 
28 27 26 18 10  9  1 29 30 109 
28 27 26 18 10  9  1 29 30 31 62 
28 27 26 18 10  9  1 29 30 31 32 117 
28 20 12  4  3 51 50 42 34 33 79 
28 20 12  4  3 51 50 42 34 60 
28 20 12  4  3 51 43 35 166 
28 20 12  4  3 51 43 35 36 179 
28 27 26 18 10  9  1 29 37 154 
28 27 26 18 10  9  1 29 30 38 108 
28 27 26 18 10  9  1 29 30 31 39 75 
28 27 26 18 10  9  1 29 30 31 32 40 142 
28 20 12  4  3 51 50 42 41 92 
28 20 12  4  3 51 50 42 89 
28 20 12  4  3 51 43 154 
28 20 12  4  3 51 52 44 169 
28 20 12  4  3 51 52 53 45 156 
28 20 12  4  3 51 52 53 45 46 109 
28 27 26 18 10  9  1 29 30 31 39 47 62 
28 20 12  4  3 51 52 53 54 55 56 48 144 
28 20 12  4  3 51 50 49 74 
28 20 12  4  3 51 50 95 
28 20 12  4  3 51 144 
28 20 12  4  3 51 52 193 
28 20 12  4  3 51 52 53 157 
28 20 12  4  3 51 52 53 54 116 
28 20 12  4  3 51 52 53 54 55 56 
28 20 12  4  3 51 52 53 54 55 56 115 
28 20 12  4  3 51 50 49 57 90 
28 20 12  4  3 51 59 58 80 
28 20 12  4  3 51 59 138 
28 20 12  4  3 51 59 60 163 
28 20 12  4  3 51 59 60 61 110 
28 20 12  4  3 51 59 60 61 62 55 
28 20 12  4  3 51 59 60 61 62 63 61 
28 20 12  4  3 51 52 53 54 55 56 64 160 
29  1 56 
29  1  2 92 
29  1  2  3 152 
29  1  2  3  4 207 
29 21 13  5 186 
29 21 13  5  6 134 
29 30 31 23 15  7 81 
29 30 31 23 15 16  8 103 
29  1  9 90 
29  1  2 10 69 
29  1  2 10 11 145 
29  1  2 10 11 12 181 
29 21 13 155 
29 21 13 14 121 
29 30 31 23 15 80 
29 30 31 23 15 16 116 
29  1  9 17 66 
29  1  2 10 18 84 
29  1  2 10 11 19 128 
29  1  2 10 11 19 20 179 
29 21 150 
29 21 22 97 
29 30 31 23 52 
29 30 31 32 24 124 
29  1  9 17 25 80 
29  1  2 10 18 26 76 
29  1  2 10 18 26 27 156 
29  1  2 10 18 26 27 28 169 
29 30 104 
29 30 31 62 
29 30 31 32 135 
29 37 36 35 34 33 80 
29 37 36 35 34 93 
29 37 36 35 166 
29 37 36 170 
29 37 172 
29 37 38 110 
29 37 38 39 69 
29 30 31 32 40 128 
29 37 36 35 34 33 41 82 
29 37 36 35 43 42 68 
29 37 36 35 43 152 
29 37 36 44 171 
29 37 45 155 
29 37 45 46 124 
29 37 38 39 47 72 
29 30 31 32 40 48 138 
29 37 36 35 43 42 50 49 64 
29 37 36 35 43 42 50 67 
29 37 45 53 52 51 154 
29 37 45 53 52 193 
29 37 45 53 154 
29 37 45 53 54 106 
29 37 45 53 54 55 77 
29 30 31 32 40 48 56 123 
29 37 36 35 43 42 50 58 57 109 
29 37 36 35 43 42 50 58 77 
29 37 45 53 61 60 59 129 
29 37 45 53 61 60 134 
29 37 45 53 61 118 
29 37 45 53 61 62 89 
29 37 45 53 54 55 63 66 
29 30 31 32 40 48 56 64 161 
30 29  1 38 
30 29  1  2 84 
30 29  1  2  3 139 
30 29  1  2  3  4 196 
30 22 14  6  5 174 
30 22 14  6 122 
30 22 14  6  7 61 
30 22 14  6  7  8 94 
30 29  1  9 72 
30 29  1  2 10 63 
30 29  1  2 10 11 144 
30 29  1  2 10 11 12 171 
30 22 14 13 176 
30 22 14 94 
30 22 14 15 69 
30 22 23 24 16 120 
30 29  1  9 17 83 
30 29  1  2 10 18 71 
30 29  1  2 10 18 19 140 
30 29  1  2 10 18 19 20 153 
30 22 21 160 
30 22 129 
30 22 23 54 
30 22 23 24 136 
30 29  1  9 17 25 79 
30 29  1  2 10 18 26 68 
30 29  1  2 10 18 19 27 140 
30 29  1  2 10 18 19 27 28 175 
30 29 171 
30 31 74 
30 31 32 113 
30 38 37 36 35 34 33 59 
30 38 37 36 35 34 75 
30 38 37 36 35 157 
30 38 37 36 189 
30 38 37 170 
30 38 108 
30 38 39 78 
30 38 39 40 139 
30 38 37 36 35 43 42 41 75 
30 38 37 36 35 43 42 67 
30 38 37 36 35 43 137 
30 38 46 45 44 164 
30 38 46 45 154 
30 38 46 126 
30 38 46 47 74 
30 38 46 47 48 143 
30 38 37 36 35 43 42 50 49 63 
30 38 37 36 35 43 42 50 64 
30 38 37 36 35 43 51 146 
30 38 46 45 53 52 179 
30 38 46 45 53 168 
30 38 46 54 110 
30 38 46 54 55 76 
30 38 46 54 55 56 103 
30 38 37 36 35 43 42 50 49 57 106 
30 38 37 36 35 43 42 50 58 68 
30 38 37 36 35 43 51 59 136 
30 38 46 45 53 61 60 152 
30 38 46 45 53 61 101 
30 38 46 54 62 86 
30 38 46 54 55 63 56 
30 38 46 54 55 63 64 164 
31 30 29  1 50 
31 30 29  1  2 88 
31 30 29  1  2  3 161 
31 30 29  1  2  3  4 198 
31 23 15  7  6  5 157 
31 23 15  7  6 108 
31 23 15  7 67 
31 23 15  7  8 109 
31 30 29  1  9 74 
31 30 29  1  9 10 78 
31 30 29  1  9 10 11 157 
31 30 29  1  9 10 11 12 186 
31 23 15 14 13 179 
31 23 15 14 99 
31 23 15 87 
31 23 15 16 127 
31 30 29  1  9 17 61 
31 30 29  1  9 10 18 67 
31 30 29  1  9 10 11 19 145 
31 30 29  1  9 10 11 12 20 180 
31 23 22 21 153 
31 23 22 95 
31 23 57 
31 32 24 130 
31 30 29  1  9 17 25 67 
31 30 29  1  9 10 18 26 63 
31 30 29  1  9 10 18 26 27 134 
31 30 29  1  9 10 11 12 20 28 173 
31 30 29 151 
31 30 103 
31 32 130 
31 39 38 37 36 35 34 33 62 
31 39 38 37 36 35 34 68 
31 39 38 37 36 35 145 
31 39 38 37 36 175 
31 39 38 37 174 
31 39 38 134 
31 39 69 
31 39 40 129 
31 39 38 37 36 44 43 42 41 65 
31 39 38 37 36 44 43 42 81 
31 39 38 37 36 44 43 124 
31 39 38 37 36 44 180 
31 39 38 46 45 168 
31 39 38 46 127 
31 39 47 73 
31 39 40 48 142 
31 39 38 37 36 44 43 42 50 49 70 
31 39 38 37 36 44 43 42 50 74 
31 39 38 37 36 44 43 51 159 
31 39 38 46 45 53 52 204 
31 39 38 46 45 53 154 
31 39 47 55 54 125 
31 39 47 55 68 
31 39 40 48 56 128 
31 39 38 37 36 44 43 42 50 49 57 106 
31 39 38 37 36 44 43 42 50 58 74 
31 39 47 55 54 62 61 60 59 117 
31 39 47 55 54 62 61 60 129 
31 39 47 55 54 62 61 101 
31 39 47 55 54 62 71 
31 39 47 55 63 45 
31 39 40 48 56 64 167 
32 31 30 29  1 37 
32 31 30 29  1  2 87 
32 31 30 29  1  2  3 152 
32 31 30 29  1  2  3  4 188 
32 24 16  8  7  6  5 164 
32 24 16  8  7  6 137 
32 24 16  8  7 87 
32 24 16  8 103 
32 31 30 29  1  9 66 
32 31 30 29  1  2 10 84 
32 31 30 29  1  2 10 11 138 
32 31 30 29  1  2 10 11 12 186 
32 24 16 15 14 13 160 
32 24 16 15 14 106 
32 24 16 15 62 
32 24 16 118 
32 31 30 29  1  9 17 68 
32 31 30 29  1  2 10 18 57 
32 31 30 29  1  2 10 18 19 115 
32 31 30 29  1  2 10 11 12 20 203 
32 31 30 22 21 171 
32 31 30 22 102 
32 31 23 68 
32 24 119 
32 31 30 29  1  9 17 25 79 
32 31 30 29  1  2 10 18 26 55 
32 31 30 29  1  2 10 18 19 27 146 
32 31 30 29  1  2 10 18 19 27 28 163 
32 31 30 29 172 
32 31 30 105 
32 31 68 
32 40 39 38 37 36 35 34 33 80 
32 40 39 38 37 36 35 34 80 
32 40 39 38 37 36 35 164 
32 40 39 38 37 36 195 
32 40 39 38 37 162 
32 40 39 38 101 
32 40 39 62 
32 40 144 
32 40 48 47 46 45 44 43 42 41 88 
32 40 48 47 46 45 44 43 42 78 
32 40 48 47 46 45 44 43 156 
32 40 48 47 46 45 44 180 
32 40 48 47 46 45 152 
32 40 48 47 46 117 
32 40 48 47 60 
32 40 48 126 
32 40 48 47 46 45 44 43 42 50 49 85 
32 40 48 47 46 45 44 43 42 50 71 
32 40 48 56 55 54 53 52 51 155 
32 40 48 56 55 54 53 52 174 
32 40 48 56 55 54 53 171 
32 40 48 56 55 54 98 
32 40 48 56 55 61 
32 40 48 56 127 
32 40 48 56 55 54 62 61 60 59 58 57 109 
32 40 48 56 55 54 62 61 60 59 58 73 
32 40 48 56 55 54 62 61 60 59 120 
32 40 48 56 55 54 62 61 60 133 
32 40 48 56 55 54 62 61 120 
32 40 48 56 55 54 62 76 
32 40 48 56 55 63 78 
32 40 48 56 64 170 
33 34 35 36 37 29  1 55 
33 34 35 36 37 29  1  2 86 
33 41 42 50 51  3 145 
33 41 42 50 51  3  4 194 
33 34 35 36 37 29 21 13  5 165 
33 34 35 36 37 38 30 22 14  6 120 
33 34 35 36 37 38 39 31 23 15  7 80 
33 34 35 36 37 38 39 31 23 15 16  8 102 
33 34 35 36 37 29  1  9 84 
33 41 42 50 51  3 11 10 68 
33 41 42 50 51  3 11 125 
33 41 42 50 51  3  4 12 165 
33 34 35 36 37 29 21 13 174 
33 34 35 36 37 38 30 22 14 114 
33 34 35 36 37 38 39 31 23 15 60 
33 34 35 36 37 38 39 31 23 15 16 108 
33 34 35 36 37 29  1  9 17 69 
33 41 42 50 51  3 11 19 18 62 
33 41 42 50 51  3 11 19 125 
33 41 42 50 51  3  4 12 20 183 
33 34 35 36 37 29 21 149 
33 34 35 36 37 38 30 22 115 
33 34 35 36 37 38 39 31 23 62 
33 34 35 36 37 38 39 40 32 24 132 
33 34 35 36 37 29  1  9 17 25 64 
33 41 42 50 51  3 11 19 18 26 69 
33 41 42 50 51  3 11 19 27 161 
33 41 42 50 51  3  4 12 20 28 169 
33 34 35 36 37 29 168 
33 34 35 36 37 38 30 95 
33 34 35 36 37 38 39 31 80 
33 34 35 36 37 38 39 40 32 108 
33 34 73 
33 34 35 155 
33 34 35 36 190 
33 34 35 36 37 161 
33 34 35 36 37 38 133 
33 34 35 36 37 38 39 66 
33 34 35 36 37 38 39 40 138 
33 41 84 
33 41 42 76 
33 41 42 43 133 
33 34 35 36 44 158 
33 34 35 36 44 45 161 
33 34 35 36 44 45 46 107 
33 34 35 36 37 38 39 47 75 
33 34 35 36 37 38 39 40 48 122 
33 41 49 68 
33 41 42 50 80 
33 41 42 50 51 144 
33 34 35 36 44 52 194 
33 34 35 36 44 52 53 154 
33 34 35 36 44 45 46 54 120 
33 34 35 36 44 45 46 54 55 70 
33 34 35 36 37 38 39 40 48 56 124 
33 41 49 57 127 
33 41 49 57 58 90 
33 41 49 57 58 59 124 
33 34 35 36 44 52 60 152 
33 34 35 36 44 52 60 61 106 
33 34 35 36 44 52 60 61 62 73 
33 34 35 36 44 45 46 54 55 63 78 
33 34 35 36 37 38 39 40 48 56 64 166 
34 35 36 37 29  1 50 
34 42 50 51  3  2 81 
34 42 50 51  3 164 
34 42 50 51  3  4 180 
34 35 36 37 29 21 13  5 179 
34 35 36 37 38 30 22 14  6 123 
34 35 36 37 38 39 31 23 15  7 85 
34 35 36 37 38 39 31 23 15  7  8 102 
34 35 36 37 29  1  9 68 
34 42 50 51  3 11 10 68 
34 42 50 51  3 11 162 
34 42 50 51  3  4 12 186 
34 35 36 37 29 21 13 171 
34 35 36 37 38 30 22 14 100 
34 35 36 37 38 39 31 23 15 74 
34 35 36 37 38 39 31 23 15 16 136 
34 35 36 37 29  1  9 17 84 
34 35 36 37 29  1  9 17 18 72 
34 42 50 51  3 11 19 136 
34 42 50 51  3  4 12 20 164 
34 35 36 37 29 21 168 
34 35 36 37 38 30 22 103 
34 35 36 37 38 39 31 23 71 
34 35 36 37 38 39 31 23 24 124 
34 35 36 37 29  1  9 17 25 84 
34 35 36 37 29  1  9 17 18 26 74 
34 42 50 51  3 11 19 27 150 
34 42 50 51  3  4 12 20 28 181 
34 35 36 37 29 173 
34 35 36 37 38 30 109 
34 35 36 37 38 39 31 67 
34 35 36 37 38 39 40 32 130 
34 33 82 
34 35 143 
34 35 36 170 
34 35 36 37 151 
34 35 36 37 38 111 
34 35 36 37 38 39 73 
34 35 36 37 38 39 40 116 
34 42 41 70 
34 42 83 
34 42 43 131 
34 35 36 44 167 
34 35 36 44 45 156 
34 35 36 44 45 46 124 
34 35 36 37 38 39 47 82 
34 35 36 37 38 39 47 48 137 
34 42 41 49 76 
34 42 50 80 
34 42 50 51 162 
34 35 36 44 52 171 
34 35 36 44 45 53 178 
34 35 36 44 45 53 54 119 
34 35 36 44 45 53 54 55 54 
34 35 36 37 38 39 47 48 56 131 
34 42 50 58 57 125 
34 42 50 58 60 
34 42 50 58 59 103 
34 42 50 58 59 60 143 
34 42 50 58 59 60 61 120 
34 42 50 58 59 60 61 62 77 
34 35 36 44 45 53 54 55 63 61 
34 35 36 37 38 39 47 48 56 64 167 
35 36 37 29  1 51 
35 43 51  3  2 77 
35 43 51  3 156 
35 43 51  3  4 187 
35 36 37 29 21 13  5 183 
35 36 37 38 30 22 14  6 108 
35 36 37 38 39 31 23 15  7 71 
35 36 37 38 39 31 23 15 16  8 93 
35 36 37 29  1  9 72 
35 43 51  3 11 10 70 
35 43 51  3 11 162 
35 43 51  3 11 12 177 
35 36 37 29 21 13 164 
35 36 37 38 30 22 14 95 
35 36 37 38 39 31 23 15 60 
35 36 37 38 39 31 23 15 16 126 
35 36 37 29  1  9 17 76 
35 43 51  3 11 19 18 70 
35 43 51  3 11 19 186 
35 43 51  3 11 19 20 184 
35 36 37 29 21 139 
35 36 37 38 30 22 93 
35 36 37 38 39 31 23 65 
35 36 37 38 39 31 32 24 114 
35 36 37 29  1  9 17 25 76 
35 43 51  3 11 19 18 26 69 
35 43 51  3 11 19 27 139 
35 43 51  3 11 19 27 28 216 
35 36 37 29 158 
35 36 37 38 30 146 
35 36 37 38 39 31 73 
35 36 37 38 39 31 32 122 
35 34 33 74 
35 34 74 
35 36 179 
35 36 37 176 
35 36 37 38 114 
35 36 37 38 39 76 
35 36 37 38 39 40 121 
35 34 33 41 68 
35 43 42 78 
35 43 147 
35 43 44 189 
35 43 44 45 146 
35 43 44 45 46 114 
35 43 44 45 46 47 66 
35 36 37 38 39 40 48 131 
35 43 42 50 49 55 
35 43 42 50 68 
35 43 51 159 
35 43 44 52 158 
35 43 44 45 53 167 
35 43 44 45 53 54 114 
35 43 44 45 53 54 55 62 
35 36 37 38 39 40 48 56 117 
35 43 42 50 49 57 110 
35 43 51 59 58 72 
35 43 51 59 131 
35 43 51 59 60 134 
35 43 51 59 60 61 123 
35 43 44 45 53 54 62 57 
35 43 44 45 53 54 55 63 45 
35 43 44 45 53 54 55 63 64 188 
36 37 29  1 41 
36 37 29  1  2 84 
36 35 43 51  3 130 
36 35 43 51  3  4 200 
36 37 29 21 13  5 164 
36 37 38 30 22 14  6 104 
36 37 38 39 31 23 15  7 62 
36 37 38 39 31 23 15  7  8 90 
36 37 29  1  9 67 
36 37 29  1  2 10 64 
36 35 43 51  3 11 139 
36 35 43 51  3  4 12 172 
36 37 29 21 13 152 
36 37 38 30 22 14 95 
36 37 38 39 31 23 15 56 
36 37 38 39 31 23 15 16 141 
36 37 29  1  9 17 57 
36 37 29  1  2 10 18 69 
36 35 43 51  3 11 19 118 
36 35 43 51  3  4 12 20 178 
36 37 29 21 152 
36 37 38 30 22 118 
36 37 38 39 31 23 68 
36 37 38 39 31 23 24 129 
36 37 29  1  9 17 25 64 
36 37 29  1  9 17 25 26 68 
36 35 43 51  3 11 19 27 141 
36 35 43 51  3  4 12 20 28 204 
36 37 29 167 
36 37 38 30 100 
36 37 38 39 31 69 
36 37 38 39 40 32 141 
36 35 34 33 87 
36 35 34 85 
36 35 148 
36 37 142 
36 37 38 110 
36 37 38 39 56 
36 37 38 39 40 113 
36 35 34 33 41 76 
36 35 43 42 75 
36 35 43 135 
36 44 194 
36 44 45 162 
36 37 38 46 113 
36 37 38 39 47 83 
36 37 38 39 47 48 130 
36 35 34 33 41 49 60 
36 35 43 42 50 84 
36 35 43 51 150 
36 44 52 157 
36 44 45 53 185 
36 44 45 53 54 92 
36 44 45 53 54 55 72 
36 37 38 39 47 48 56 120 
36 35 34 33 41 49 57 104 
36 35 43 42 50 58 81 
36 44 52 60 59 124 
36 44 52 60 141 
36 44 52 60 61 94 
36 44 52 60 61 62 90 
36 44 45 53 54 55 63 59 
36 37 38 39 47 48 56 64 167 
37 29  1 54 
37 29  1  2 88 
37 29  1  2  3 152 
37 29  1  2  3  4 204 
37 29 21 13  5 173 
37 38 30 22 14  6 123 
37 38 39 31 23 15  7 85 
37 38 39 31 23 15 16  8 109 
37 29  1  9 79 
37 29  1  2 10 70 
37 29  1  2 10 11 134 
37 29  1  2 10 11 12 179 
37 29 21 13 160 
37 38 30 22 14 93 
37 38 39 31 23 15 61 
37 38 39 31 23 15 16 105 
37 29  1  9 17 64 
37 29  1  2 10 18 66 
37 29  1  2 10 18 19 136 
37 29  1  2 10 18 19 20 171 
37 29 21 176 
37 38 30 22 101 
37 38 39 31 23 72 
37 38 39 31 23 24 127 
37 29  1  9 17 25 79 
37 29  1  2 10 18 26 78 
37 29  1  2 10 18 19 27 172 
37 29  1  2 10 18 19 20 28 165 
37 29 154 
37 38 30 101 
37 38 39 31 76 
37 38 39 40 32 133 
37 36 35 34 33 82 
37 36 35 34 71 
37 36 35 151 
37 36 185 
37 38 100 
37 38 39 67 
37 38 39 40 142 
37 36 35 34 42 41 83 
37 36 35 34 42 79 
37 45 44 43 146 
37 45 44 184 
37 45 158 
37 45 46 110 
37 38 39 47 74 
37 38 39 40 48 112 
37 36 35 34 42 50 49 73 
37 36 35 34 42 50 76 
37 45 44 43 51 136 
37 45 53 52 169 
37 45 53 153 
37 45 53 54 100 
37 45 53 54 55 56 
37 45 53 54 55 56 115 
37 36 35 34 42 50 58 57 107 
37 36 35 34 42 50 58 68 
37 45 53 61 60 59 116 
37 45 53 61 60 125 
37 45 53 61 118 
37 45 53 54 62 86 
37 45 53 54 55 63 70 
37 45 53 54 55 63 64 167 
38 30 29  1 41 
38 30 29  1  2 70 
38 30 29  1  2  3 152 
38 30 29  1  2  3  4 212 
38 30 22 14  6  5 170 
38 30 22 14  6 129 
38 39 31 23 15  7 61 
38 39 31 23 15 16  8 98 
38 30 29  1  9 70 
38 30 29  1  2 10 73 
38 30 29  1  2  3 11 145 
38 30 29  1  2  3  4 12 157 
38 30 22 14 13 147 
38 30 22 14 104 
38 39 31 23 15 71 
38 39 31 23 15 16 135 
38 30 29  1  9 17 74 
38 30 29  1  9 17 18 69 
38 30 29  1  9 17 18 19 118 
38 30 29  1  9 17 18 19 20 171 
38 30 22 21 154 
38 30 22 123 
38 39 31 23 66 
38 39 40 32 24 127 
38 30 29  1  9 17 25 73 
38 30 29  1  9 17 25 26 83 
38 30 29  1  9 17 25 26 27 148 
38 30 29  1  9 17 18 19 20 28 177 
38 30 29 147 
38 30 111 
38 39 31 66 
38 39 40 32 122 
38 37 36 35 34 33 91 
38 37 36 35 34 82 
38 37 36 35 164 
38 37 36 190 
38 37 165 
38 39 82 
38 39 40 130 
38 37 36 35 43 42 41 72 
38 37 36 35 43 42 69 
38 37 36 35 43 140 
38 46 45 44 176 
38 46 45 169 
38 46 120 
38 46 47 92 
38 39 40 48 144 
38 37 36 35 43 42 50 49 81 
38 37 36 35 43 42 50 72 
38 37 36 35 43 51 132 
38 46 45 53 52 179 
38 46 45 53 161 
38 46 54 103 
38 46 47 55 70 
38 39 40 48 56 137 
38 37 36 35 43 42 50 49 57 106 
38 37 36 35 43 42 50 58 72 
38 46 45 53 52 60 59 108 
38 46 45 53 52 60 125 
38 46 45 53 61 97 
38 46 54 62 63 
38 46 47 55 63 60 
38 39 40 48 56 64 182 
39 31 30 29  1 51 
39 31 30 29  1  2 82 
39 31 30 29  1  2  3 145 
39 31 30 29  1  2  3  4 193 
39 31 23 15 14 13  5 185 
39 31 23 15 14  6 138 
39 31 23 15  7 86 
39 31 23 15  7  8 101 
39 31 30 29  1  9 69 
39 31 30 29  1  2 10 54 
39 31 30 29  1  2 10 11 144 
39 31 30 29  1  2 10 11 12 197 
39 31 23 15 14 13 171 
39 31 23 15 14 118 
39 31 23 15 72 
39 31 23 15 16 124 
39 31 30 29  1  9 17 78 
39 31 30 29  1  2 10 18 72 
39 31 30 29  1  2 10 18 19 144 
39 31 30 29  1  2 10 18 19 20 179 
39 31 23 22 21 163 
39 31 23 22 96 
39 31 23 58 
39 31 23 24 115 
39 31 30 29  1  9 17 25 65 
39 31 30 29  1  9 17 25 26 67 
39 31 30 29  1  2 10 18 19 27 142 
39 31 30 29  1  2 10 18 19 20 28 152 
39 31 30 29 153 
39 31 30 114 
39 31 77 
39 31 32 141 
39 38 37 36 35 34 33 72 
39 38 37 36 35 34 64 
39 38 37 36 35 158 
39 38 37 36 172 
39 38 37 133 
39 38 96 
39 40 136 
39 47 46 45 44 43 42 41 76 
39 47 46 45 44 43 42 74 
39 47 46 45 44 43 146 
39 47 46 45 44 173 
39 47 46 45 160 
39 47 46 106 
39 47 82 
39 47 48 138 
39 47 46 45 44 43 42 50 49 78 
39 47 46 45 44 43 42 50 73 
39 47 55 54 53 52 51 163 
39 47 55 54 53 52 138 
39 47 55 54 53 170 
39 47 55 54 115 
39 47 55 73 
39 47 48 56 141 
39 47 46 45 44 43 42 50 58 57 113 
39 47 46 45 44 43 42 50 58 73 
39 47 55 54 53 52 51 59 135 
39 47 55 54 53 52 60 142 
39 47 55 54 53 61 103 
39 47 55 63 62 82 
39 47 55 63 75 
39 47 48 56 64 149 
40 39 38 37 29  1 57 
40 39 38 37 29  1  2 76 
40 39 38 37 29  1  2  3 157 
40 39 38 37 29  1  2  3  4 183 
40 32 24 23 15 14  6  5 166 
40 32 24 23 15 14  6 132 
40 32 24 23 15  7 80 
40 32 24 16  8 93 
40 39 38 37 29  1  9 68 
40 39 38 37 29  1  2 10 99 
40 39 38 37 29  1  2 10 11 145 
40 39 38 37 29  1  2 10 11 12 153 
40 32 24 23 15 14 13 146 
40 32 24 23 15 14 96 
40 32 24 23 15 60 
40 32 24 16 130 
40 39 38 37 29  1  9 17 85 
40 39 38 37 29  1  2 10 18 63 
40 39 38 37 29  1  2 10 18 19 140 
40 39 38 37 29  1  2 10 18 19 20 174 
40 32 24 23 22 21 154 
40 32 24 23 22 103 
40 32 24 23 63 
40 32 24 113 
40 39 38 37 29  1  9 17 25 66 
40 39 38 37 29  1  2 10 18 26 76 
40 39 38 37 29  1  2 10 18 19 27 152 
40 39 38 37 29  1  2 10 18 19 20 28 180 
40 39 38 37 29 160 
40 39 31 30 108 
40 39 31 79 
40 32 131 
40 39 38 37 36 35 34 33 82 
40 39 38 37 36 35 34 92 
40 39 38 37 36 35 155 
40 39 38 37 36 180 
40 39 38 37 162 
40 39 38 112 
40 39 61 
40 39 38 37 36 35 43 42 41 80 
40 39 38 37 36 35 43 42 97 
40 39 38 37 36 35 43 159 
40 48 47 46 45 44 178 
40 48 47 46 45 170 
40 48 47 46 114 
40 48 47 54 
40 48 136 
40 39 38 37 36 35 43 42 50 49 72 
40 39 38 37 36 35 43 42 50 73 
40 48 47 55 54 53 52 51 141 
40 48 47 55 54 53 52 203 
40 48 47 55 54 53 162 
40 48 47 55 54 115 
40 48 47 55 71 
40 48 56 127 
40 48 47 55 54 53 61 60 59 58 57 116 
40 48 47 55 54 53 61 60 59 58 80 
40 48 47 55 54 53 61 60 59 109 
40 48 47 55 54 53 61 60 138 
40 48 47 55 54 53 61 116 
40 48 47 55 54 62 66 
40 48 56 64 63 67 
40 48 56 64 173 
41 42 43  1 47 
41 42 43 51  3  2 89 
41 42 43 51  3 136 
41 42 43 51  3  4 184 
41 42 43 44 45 37 29 21 13  5 167 
41 42 43 44 45 46 38 30 22 14  6 131 
41 42 43 44 45 46 47 39 31 23 15  7 67 
41 42 43 44 45 46 47 48 40 32 24 16  8 103 
41 42 43  1  9 64 
41 42 43 51  3 11 10 78 
41 42 43 51  3 11 156 
41 42 43 51  3  4 12 202 
41 42 43 44 45 37 29 21 13 156 
41 42 43 44 45 46 38 30 22 14 94 
41 42 43 44 45 46 47 39 31 23 15 67 
41 42 43 44 45 46 47 48 40 32 24 16 159 
41 42 43  1  9 17 94 
41 42 43 51  3 11 10 18 78 
41 42 43 51  3 11 19 136 
41 42 43 51  3  4 12 20 170 
41 42 43 44 45 37 29 21 150 
41 42 43 44 45 46 38 30 22 91 
41 42 43 44 45 46 47 39 31 23 64 
41 42 43 44 45 46 47 48 40 32 24 116 
41 42 43  1  9 17 25 75 
41 42 43 51  3 11 10 18 26 92 
41 42 43 51  3 11 19 27 149 
41 42 43 51  3  4 12 20 28 190 
41 42 43 44 45 37 29 160 
41 42 43 44 45 46 38 30 116 
41 42 43 44 45 46 47 39 31 70 
41 42 43 44 45 46 47 48 40 32 126 
41 33 77 
41 42 34 84 
41 42 43 35 169 
41 42 43 35 36 197 
41 42 43 44 45 37 153 
41 42 43 44 45 46 38 111 
41 42 43 44 45 46 47 39 67 
41 42 43 44 45 46 47 48 40 120 
41 42 95 
41 42 43 158 
41 42 43 44 166 
41 42 43 44 45 169 
41 42 43 44 45 46 124 
41 42 43 44 45 46 47 81 
41 42 43 44 45 46 47 48 140 
41 49 61 
41 42 50 73 
41 42 43 51 147 
41 42 43 44 52 178 
41 42 43 44 45 53 149 
41 42 43 44 45 53 54 98 
41 42 43 44 45 53 54 55 57 
41 42 43 44 45 46 47 48 56 140 
41 49 57 109 
41 49 57 58 68 
41 49 57 58 59 117 
41 42 43 44 52 60 148 
41 42 43 44 45 53 61 107 
41 42 43 44 45 53 61 62 58 
41 42 43 44 45 53 54 55 63 52 
41 42 43 44 45 46 47 48 56 64 182 
42 43  1 52 
42 50 51  3  2 82 
42 50 51  3 155 
42 50 51  3  4 166 
42 43 35 36 37 29 21 13  5 172 
42 43 35 36 37 38 30 22 14  6 148 
42 43 35 36 37 38 39 31 23 15  7 64 
42 43 44 45 46 47 48 40 32 24 16  8 108 
42 43  1  9 79 
42 50 51  3 11 10 47 
42 50 51  3 11 154 
42 50 51  3  4 12 166 
42 43 35 36 37 29 21 13 187 
42 43 35 36 37 38 30 22 14 89 
42 43 35 36 37 38 39 31 23 15 60 
42 43 44 45 46 47 48 40 32 24 16 131 
42 43  1  9 17 75 
42 50 51  3 11 10 18 62 
42 50 51  3 11 19 139 
42 50 51  3  4 12 20 183 
42 43 35 36 37 29 21 163 
42 43 35 36 37 38 30 22 93 
42 43 35 36 37 38 39 31 23 59 
42 43 44 45 46 47 48 40 32 24 129 
42 43  1  9 17 25 65 
42 50 51  3 11 19 27 26 68 
42 50 51  3 11 19 27 149 
42 50 51  3  4 12 20 28 174 
42 43 35 36 37 29 154 
42 43 35 36 37 38 30 124 
42 43 35 36 37 38 39 31 68 
42 43 44 45 46 47 48 40 32 120 
42 41 33 72 
42 34 77 
42 43 35 155 
42 43 35 36 199 
42 43 35 36 37 159 
42 43 35 36 37 38 104 
42 43 35 36 37 38 39 71 
42 43 44 45 46 47 48 40 121 
42 41 93 
42 43 115 
42 43 44 179 
42 43 44 45 156 
42 43 44 45 46 123 
42 43 44 45 46 47 88 
42 43 44 45 46 47 48 150 
42 50 49 84 
42 50 74 
42 50 51 168 
42 43 44 52 181 
42 43 44 45 53 164 
42 43 44 45 46 54 116 
42 43 44 45 46 54 55 84 
42 43 44 45 46 47 48 56 99 
42 50 58 57 106 
42 50 58 72 
42 50 58 59 115 
42 43 44 52 60 123 
42 43 44 52 60 61 111 
42 43 44 52 60 61 62 55 
42 43 44 45 46 54 55 63 58 
42 43 44 45 46 47 48 56 64 166 
43  1 52 
43 51  3  2 71 
43 51  3 158 
43 51  3  4 171 
43 44 36 37 29 21 13  5 175 
43 44 45 46 38 30 22 14  6 130 
43 44 45 46 47 39 31 23 15  7 71 
43 44 45 46 47 39 31 23 15  7  8 90 
43  1  9 66 
43 51  3 11 10 75 
43 51  3 11 151 
43 51  3  4 12 196 
43 44 36 37 29 21 13 148 
43 44 45 46 38 30 22 14 117 
43 44 45 46 47 39 31 23 15 74 
43 44 45 46 47 39 31 23 15 16 141 
43  1  9 17 68 
43 51  3 11 10 18 67 
43 51  3 11 19 142 
43 51  3  4 12 20 163 
43 44 36 37 29 21 164 
43 44 45 46 38 30 22 113 
43 44 45 46 47 39 31 23 80 
43 44 45 46 47 48 40 32 24 135 
43  1  9 17 25 70 
43 51  3 11 10 18 26 73 
43 51  3 11 19 27 123 
43 51  3  4 12 20 28 191 
43 44 36 37 29 172 
43 44 45 46 38 30 105 
43 44 45 46 47 39 31 67 
43 44 45 46 47 48 40 32 158 
43 42 34 33 76 
43 42 34 77 
43 35 162 
43 44 36 188 
43 44 36 37 144 
43 44 45 46 38 112 
43 44 45 46 47 39 70 
43 44 45 46 47 48 40 145 
43 42 41 76 
43 42 68 
43 44 181 
43 44 45 172 
43 44 45 46 111 
43 44 45 46 47 70 
43 44 45 46 47 48 112 
43 42 41 49 61 
43 42 50 76 
43 51 144 
43 44 52 155 
43 44 45 53 146 
43 44 45 53 54 94 
43 44 45 53 54 55 60 
43 44 45 46 47 48 56 114 
43 42 50 58 57 100 
43 42 50 58 100 
43 51 59 122 
43 44 52 60 126 
43 44 45 53 61 118 
43 44 45 53 61 62 72 
43 44 45 53 54 55 63 59 
43 44 45 53 54 55 63 64 203 
44 43  1 62 
44 43 51  3  2 85 
44 43 51  3 162 
44 43 51  3  4 197 
44 45 37 29 21 13  5 175 
44 45 37 38 30 22 14  6 143 
44 45 37 38 39 31 23 15  7 79 
44 45 46 47 48 40 32 24 16  8 103 
44 43  1  9 60 
44 43 51  3  2 10 71 
44 43 51  3 11 130 
44 43 51  3  4 12 180 
44 45 37 29 21 13 162 
44 45 37 38 30 22 14 117 
44 45 37 38 39 31 23 15 69 
44 45 46 47 48 40 32 24 16 121 
44 43  1  9 17 75 
44 43 51  3  2 10 18 63 
44 43 51  3 11 19 140 
44 43 51  3  4 12 20 190 
44 45 37 29 21 162 
44 45 37 38 30 22 114 
44 45 37 38 39 31 23 61 
44 45 46 47 48 40 32 24 132 
44 43  1  9 17 25 78 
44 43 51  3  2 10 18 26 71 
44 43 51  3 11 19 27 137 
44 43 51  3  4 12 20 28 188 
44 45 37 29 146 
44 45 37 38 30 101 
44 45 37 38 39 31 73 
44 45 46 47 48 40 32 125 
44 43 42 41 33 79 
44 43 42 34 85 
44 43 35 146 
44 36 169 
44 45 37 166 
44 45 37 38 119 
44 45 37 38 39 57 
44 45 46 47 48 40 136 
44 43 42 41 61 
44 43 42 89 
44 43 148 
44 45 154 
44 45 46 106 
44 45 46 47 87 
44 45 46 47 48 132 
44 43 42 50 49 74 
44 43 42 50 78 
44 43 51 158 
44 52 171 
44 52 53 150 
44 52 53 54 122 
44 52 53 54 55 77 
44 45 46 47 48 56 134 
44 43 42 50 49 57 104 
44 43 42 50 58 80 
44 43 51 59 127 
44 52 60 147 
44 52 60 61 107 
44 52 60 61 62 72 
44 52 60 61 62 63 70 
44 52 60 61 62 63 64 172 
45 37 29  1 55 
45 37 29  1  2 87 
45 53 52 51  3 128 
45 53 52 51  3  4 194 
45 37 29 21 13  5 170 
45 46 38 30 22 14  6 121 
45 46 47 39 31 23 15  7 70 
45 46 47 48 40 32 24 16  8 89 
45 37 29  1  9 68 
45 37 29  1  9 10 68 
45 53 52 51  3 11 139 
45 53 52 51  3  4 12 180 
45 37 29 21 13 155 
45 46 38 30 22 14 106 
45 46 47 39 31 23 15 81 
45 46 47 48 40 32 24 16 107 
45 37 29  1  9 17 56 
45 37 29  1  9 17 18 71 
45 53 52 51  3 11 19 140 
45 53 52 51  3  4 12 20 176 
45 37 29 21 154 
45 46 38 30 22 94 
45 46 47 39 31 23 60 
45 46 47 48 40 32 24 108 
45 37 29  1  9 17 25 74 
45 37 29  1  9 17 18 26 77 
45 53 52 51  3 11 19 27 164 
45 53 52 51  3  4 12 20 28 183 
45 37 29 156 
45 46 38 30 119 
45 46 47 39 31 63 
45 46 47 48 40 32 141 
45 44 43 42 34 33 65 
45 44 43 42 34 83 
45 44 43 35 162 
45 37 36 192 
45 37 158 
45 46 38 98 
45 46 47 39 74 
45 46 47 48 40 140 
45 44 43 42 41 79 
45 44 43 42 68 
45 44 43 123 
45 44 183 
45 46 116 
45 46 47 66 
45 46 47 48 112 
45 44 43 42 50 49 87 
45 44 43 42 50 71 
45 53 52 51 127 
45 53 52 182 
45 53 162 
45 53 54 97 
45 53 54 55 64 
45 53 54 55 56 122 
45 44 43 42 50 58 57 130 
45 44 43 42 50 58 80 
45 53 61 60 59 133 
45 53 61 60 157 
45 53 61 111 
45 53 54 62 60 
45 53 54 55 63 47 
45 53 54 55 56 64 183 
46 38 30 29  1 48 
46 38 30 29  1  2 84 
46 45 44 43 51  3 155 
46 45 44 43 51  3  4 184 
46 38 30 22 21 13  5 182 
46 38 30 22 14  6 117 
46 38 30 31 23 15  7 72 
46 38 30 31 23 15  7  8 108 
46 38 30 29  1  9 70 
46 38 30 29  1  2 10 55 
46 45 44 43 51  3 11 147 
46 45 44 43 51  3  4 12 181 
46 38 30 22 21 13 158 
46 38 30 22 14 106 
46 38 30 31 23 15 70 
46 38 30 31 23 15 16 129 
46 38 30 29  1  9 17 71 
46 38 30 29  1  2 10 18 67 
46 45 44 43 51  3 11 19 129 
46 45 44 43 51  3  4 12 20 189 
46 38 30 22 21 183 
46 38 30 22 123 
46 38 30 31 23 70 
46 47 48 40 32 24 110 
46 38 30 29  1  9 17 25 81 
46 38 30 29  1  2 10 18 26 68 
46 45 44 43 51  3 11 19 27 141 
46 45 44 43 51  3  4 12 20 28 166 
46 38 30 29 167 
46 38 30 108 
46 38 30 31 65 
46 47 48 40 32 116 
46 45 44 43 35 34 33 71 
46 45 44 43 35 34 84 
46 45 44 43 35 158 
46 45 44 36 181 
46 45 37 155 
46 38 95 
46 38 39 71 
46 47 48 40 114 
46 45 44 43 42 41 69 
46 45 44 43 42 84 
46 45 44 43 150 
46 45 44 192 
46 45 168 
46 47 69 
46 47 48 140 
46 45 44 43 42 50 49 70 
46 45 44 43 42 50 75 
46 45 44 43 51 140 
46 54 53 52 195 
46 54 53 162 
46 54 96 
46 54 55 71 
46 47 48 56 140 
46 45 44 43 42 50 58 57 108 
46 45 44 43 42 50 58 75 
46 54 53 61 60 59 110 
46 54 53 61 60 148 
46 54 53 61 106 
46 54 62 57 
46 54 55 63 56 
46 47 48 56 64 164 
47 46 45 37 29  1 53 
47 46 45 37 29  1  2 69 
47 46 45 44 43 51  3 147 
47 46 45 44 43 51  3  4 205 
47 39 31 23 15  7  6  5 162 
47 39 31 23 15  7  6 130 
47 39 31 23 15  7 76 
47 39 31 23 15  7  8 86 
47 46 45 37 29  1  9 66 
47 46 45 37 29  1  9 10 84 
47 46 45 44 43 51  3 11 139 
47 46 45 44 43 51  3  4 12 174 
47 39 31 23 15 14 13 161 
47 39 31 23 15 14 111 
47 39 31 23 15 62 
47 48 40 32 24 16 112 
47 46 45 37 29  1  9 17 60 
47 46 45 37 29  1  9 10 18 67 
47 46 45 44 43 51  3 11 19 136 
47 46 45 44 43 51  3 11 19 20 194 
47 39 31 23 22 21 139 
47 39 31 23 22 120 
47 39 31 23 67 
47 48 40 32 24 99 
47 46 45 37 29  1  9 17 25 69 
47 46 45 37 29  1  9 10 18 26 78 
47 46 45 44 43 51  3 11 19 27 113 
47 46 45 44 43 51  3 11 19 27 28 170 
47 46 45 37 29 156 
47 46 38 30 114 
47 39 31 61 
47 48 40 32 148 
47 46 45 44 43 42 34 33 64 
47 46 45 44 43 42 34 66 
47 46 45 44 43 35 158 
47 46 45 44 36 200 
47 46 45 37 157 
47 46 38 103 
47 39 75 
47 48 40 158 
47 46 45 44 43 42 41 86 
47 46 45 44 43 42 65 
47 46 45 44 43 166 
47 46 45 44 180 
47 46 45 164 
47 46 116 
47 48 131 
47 46 45 44 43 42 50 49 72 
47 46 45 44 43 42 50 78 
47 46 45 44 43 51 150 
47 55 54 53 52 174 
47 55 54 53 166 
47 55 54 99 
47 55 59 
47 48 56 129 
47 46 45 44 43 42 50 58 57 119 
47 46 45 44 43 42 50 58 68 
47 55 54 62 61 60 59 92 
47 55 54 62 61 60 130 
47 55 54 62 61 113 
47 55 54 62 70 
47 55 63 51 
47 48 56 64 159 
48 47 46 38 37 29  1 58 
48 47 46 38 37 29  1  2 85 
48 47 46 45 53 52 51  3 140 
48 47 46 45 53 52 51  3  4 172 
48 40 32 31 23 15  7  6  5 161 
48 40 32 31 23 15  7  6 134 
48 40 32 31 23 15  7 80 
48 40 32 24 16  8 95 
48 47 46 38 37 29  1  9 80 
48 47 46 38 37 29  1  9 10 72 
48 47 46 45 53 52 51  3 11 138 
48 47 46 45 53 52 51  3  4 12 183 
48 40 32 31 23 15 14 13 169 
48 40 32 31 23 15 14 108 
48 40 32 31 23 15 90 
48 40 32 24 16 111 
48 47 46 38 37 29  1  9 17 76 
48 47 46 38 37 29  1  9 17 18 64 
48 47 46 45 53 52 51  3 11 19 154 
48 47 46 45 53 52 51  3 11 19 20 172 
48 40 32 31 30 22 21 171 
48 40 32 31 30 22 118 
48 40 32 31 23 63 
48 40 32 24 112 
48 47 46 38 37 29  1  9 17 25 76 
48 47 46 38 37 29  1  9 17 18 26 92 
48 47 46 45 53 52 51  3 11 19 27 150 
48 47 46 45 53 52 51  3 11 19 20 28 164 
48 47 46 38 37 29 160 
48 40 32 31 30 120 
48 40 32 31 61 
48 40 32 111 
48 47 46 45 44 43 42 41 33 72 
48 47 46 45 44 43 42 34 71 
48 47 46 45 44 43 35 151 
48 47 46 45 44 36 178 
48 47 46 38 37 157 
48 47 46 38 109 
48 47 39 68 
48 40 132 
48 47 46 45 44 43 42 41 73 
48 47 46 45 44 43 42 73 
48 47 46 45 44 43 164 
48 47 46 45 44 171 
48 47 46 45 144 
48 47 46 100 
48 47 70 
48 47 46 45 44 43 42 41 49 76 
48 47 46 45 44 43 42 50 80 
48 47 46 45 53 52 51 140 
48 47 46 45 53 52 193 
48 47 46 45 53 154 
48 47 55 54 105 
48 47 55 69 
48 56 142 
48 47 46 45 53 61 60 59 58 57 92 
48 47 46 45 53 61 60 59 58 66 
48 47 46 45 53 61 60 59 121 
48 47 46 45 53 61 60 125 
48 47 46 45 53 61 140 
48 47 55 54 62 62 
48 47 55 63 68 
48 56 64 177 
49 50 42 43  1 49 
49 50 51  3  2 66 
49 50 51  3 154 
49 50 51  3  4 197 
49 50 42 43 35 36 37 29 21 13  5 173 
49 50 42 43 35 36 37 38 30 22 14  6 121 
49 50 42 43 35 36 37 38 39 31 23 15  7 76 
49 50 42 43 35 36 37 38 39 31 23 15  7  8 77 
49 50 42 43  1  9 70 
49 50 51  3  2 10 69 
49 50 51  3 11 156 
49 50 51  3  4 12 173 
49 50 42 43 35 36 37 29 21 13 161 
49 50 42 43 35 36 37 38 30 22 14 104 
49 50 42 43 35 36 37 38 39 31 23 15 77 
49 50 42 43 35 36 37 38 39 31 23 15 16 133 
49 50 42 43  1  9 17 76 
49 50 51  3  2 10 18 65 
49 50 51  3 11 19 116 
49 50 51  3  4 12 20 190 
49 50 42 43 35 36 37 29 21 148 
49 50 42 43 35 36 37 38 30 22 106 
49 50 42 43 35 36 37 38 39 31 23 74 
49 50 42 43 35 36 37 38 39 31 23 24 109 
49 50 42 43  1  9 17 25 75 
49 50 51  3  2 10 18 26 79 
49 50 51  3 11 19 27 142 
49 50 51  3  4 12 20 28 197 
49 50 42 43 35 36 37 29 148 
49 50 42 43 35 36 37 38 30 96 
49 50 42 43 35 36 37 38 39 31 78 
49 50 51 52 53 54 55 56 48 40 32 121 
49 41 33 76 
49 41 33 34 71 
49 50 42 43 35 148 
49 50 42 43 35 36 190 
49 50 42 43 35 36 37 174 
49 50 42 43 35 36 37 38 109 
49 50 42 43 35 36 37 38 39 61 
49 50 51 52 53 54 55 56 48 40 127 
49 41 94 
49 50 42 75 
49 50 42 43 162 
49 50 42 43 44 177 
49 50 42 43 44 45 167 
49 50 42 43 44 45 46 123 
49 50 51 52 53 54 55 47 65 
49 50 51 52 53 54 55 56 48 135 
49 50 72 
49 50 51 162 
49 50 51 52 185 
49 50 51 52 53 158 
49 50 51 52 53 54 109 
49 50 51 52 53 54 55 88 
49 50 51 52 53 54 55 56 140 
49 57 117 
49 57 58 73 
49 50 51 59 122 
49 50 51 59 60 121 
49 50 51 59 60 61 97 
49 50 51 59 60 61 62 68 
49 50 51 52 53 54 55 63 60 
49 50 51 52 53 54 55 56 64 170 
50 42 43  1 43 
50 51  3  2 80 
50 51  3 173 
50 51  3  4 191 
50 42 43 35 36 37 29 21 13  5 177 
50 51 52 53 45 46 38 30 22 14  6 132 
50 51 52 53 54 55 47 39 31 23 15  7 74 
50 51 52 53 54 55 47 39 31 23 15  7  8 107 
50 42 43  1  9 90 
50 51  3  2 10 65 
50 51  3 11 130 
50 51  3  4 12 179 
50 42 43 35 36 37 29 21 13 159 
50 51 52 53 45 46 38 30 22 14 103 
50 51 52 53 54 55 47 39 31 23 15 71 
50 51 52 53 54 55 47 39 31 23 15 16 126 
50 42 43  1  9 17 66 
50 51  3  2 10 18 82 
50 51  3 11 19 127 
50 51  3  4 12 20 214 
50 42 43 35 36 37 29 21 156 
50 51 52 53 45 46 38 30 22 109 
50 51 52 53 54 55 47 39 31 23 55 
50 51 52 53 54 55 47 39 31 23 24 130 
50 42 43  1  9 17 25 77 
50 51  3  2 10 18 26 65 
50 51  3 11 19 27 153 
50 51  3 11 19 27 28 183 
50 42 43 35 36 37 29 148 
50 51 52 53 45 46 38 30 100 
50 51 52 53 54 55 47 39 31 73 
50 51 52 53 54 55 47 48 40 32 132 
50 42 34 33 93 
50 42 34 87 
50 42 43 35 153 
50 42 43 35 36 164 
50 42 43 35 36 37 174 
50 51 52 53 45 46 38 125 
50 51 52 53 54 55 47 39 77 
50 51 52 53 54 55 47 48 40 147 
50 49 41 82 
50 42 64 
50 42 43 178 
50 42 43 44 176 
50 51 52 53 45 154 
50 51 52 53 45 46 116 
50 51 52 53 54 55 47 63 
50 51 52 53 54 55 47 48 150 
50 49 88 
50 51 150 
50 51 52 182 
50 51 52 53 168 
50 51 52 53 54 126 
50 51 52 53 54 55 60 
50 51 52 53 54 55 56 140 
50 58 57 103 
50 58 71 
50 58 59 120 
50 51 52 60 168 
50 51 52 60 61 108 
50 51 52 60 61 62 68 
50 51 52 53 54 55 63 72 
50 51 52 53 54 55 56 64 167 
51 43  1 43 
51  3  2 98 
51  3 149 
51  3  4 178 
51 52 53 45 37 29 21 13  5 176 
51 52 53 45 37 38 30 22 14  6 123 
51 52 53 54 55 47 39 31 23 15  7 59 
51 52 53 54 55 47 39 31 23 15 16  8 113 
51  3  2 10  9 68 
51  3  2 10 76 
51  3 11 140 
51  3  4 12 178 
51 52 53 45 37 29 21 13 132 
51 52 53 45 37 38 30 22 14 119 
51 52 53 54 55 47 39 31 23 15 68 
51 52 53 54 55 47 39 31 23 15 16 132 
51  3  2 10  9 17 77 
51  3  2 10 18 75 
51  3 11 19 132 
51  3  4 12 20 189 
51 52 53 45 37 29 21 148 
51 52 53 45 37 38 30 22 93 
51 52 53 54 55 47 39 31 23 70 
51 52 53 54 55 47 48 40 32 24 122 
51  3  2 10  9 17 25 65 
51  3  2 10 18 26 76 
51  3 11 19 27 147 
51  3  4 12 20 28 166 
51 52 53 45 37 29 160 
51 52 53 45 37 38 30 116 
51 52 53 54 55 47 39 31 55 
51 52 53 54 55 47 48 40 32 120 
51 43 35 34 33 67 
51 43 35 34 68 
51 43 35 137 
51 43 35 36 193 
51 52 53 45 37 174 
51 52 53 45 37 38 124 
51 52 53 54 55 47 39 62 
51 52 53 54 55 47 48 40 132 
51 50 42 41 91 
51 50 42 73 
51 43 160 
51 43 44 176 
51 52 53 45 154 
51 52 53 54 46 101 
51 52 53 54 55 47 66 
51 52 53 54 55 47 48 133 
51 50 49 82 
51 50 72 
51 52 190 
51 52 53 140 
51 52 53 54 105 
51 52 53 54 55 67 
51 52 53 54 55 56 120 
51 50 49 57 108 
51 59 58 96 
51 59 118 
51 52 60 140 
51 52 60 61 122 
51 52 53 54 62 74 
51 52 53 54 55 63 62 
51 52 53 54 55 56 64 182 
52 53 45 37 29  1 58 
52 51  3  2 65 
52 51  3 162 
52 51  3  4 187 
52 53 45 37 29 21 13  5 155 
52 53 45 37 38 30 22 14  6 109 
52 53 54 55 47 39 31 23 15  7 69 
52 53 54 55 47 39 31 23 15  7  8 104 
52 51  3  2 10  9 77 
52 51  3  2 10 81 
52 51  3 11 150 
52 51  3  4 12 199 
52 53 45 37 29 21 13 156 
52 53 45 37 38 30 22 14 102 
52 53 54 55 47 39 31 23 15 61 
52 53 54 55 56 48 40 32 24 16 114 
52 51  3  2 10  9 17 62 
52 51  3  2 10 18 76 
52 51  3 11 19 137 
52 51  3  4 12 20 176 
52 53 45 37 29 21 160 
52 53 45 37 38 30 22 112 
52 53 54 55 47 39 31 23 58 
52 53 54 55 56 48 40 32 24 113 
52 51  3  2 10 18 26 25 75 
52 51  3  2 10 18 26 54 
52 51  3 11 19 27 108 
52 51  3  4 12 20 28 182 
52 53 45 37 29 165 
52 53 45 37 38 30 106 
52 53 54 55 47 39 31 80 
52 53 54 55 56 48 40 32 125 
52 51 43 42 41 33 71 
52 44 36 35 34 74 
52 44 36 35 168 
52 44 36 185 
52 53 45 37 160 
52 53 45 37 38 123 
52 53 54 55 47 39 63 
52 53 54 55 56 48 40 132 
52 51 43 42 41 73 
52 51 43 42 87 
52 51 43 137 
52 44 183 
52 53 45 151 
52 53 54 46 90 
52 53 54 55 47 62 
52 53 54 55 56 48 118 
52 51 50 49 63 
52 51 50 73 
52 51 135 
52 53 165 
52 53 54 109 
52 53 54 55 66 
52 53 54 55 56 132 
52 51 50 49 57 130 
52 60 59 58 79 
52 60 59 124 
52 60 154 
52 60 61 111 
52 60 61 62 76 
52 53 54 55 63 61 
52 53 54 55 56 64 178 
53 45 37 29  1 50 
53 52 51  3  2 75 
53 52 51  3 155 
53 52 51  3  4 214 
53 45 37 29 21 13  5 164 
53 54 46 38 30 22 14  6 122 
53 54 55 47 39 31 23 15  7 71 
53 54 55 47 48 40 32 24 16  8 100 
53 45 37 29  1  9 58 
53 52 51  3 11 10 66 
53 52 51  3 11 146 
53 52 51  3  4 12 217 
53 45 37 29 21 13 153 
53 54 46 38 30 22 14 108 
53 54 55 47 39 31 23 15 73 
53 54 55 47 48 40 32 24 16 129 
53 45 37 29  1  9 17 60 
53 52 51  3 11 10 18 61 
53 52 51  3 11 19 128 
53 52 51  3  4 12 20 193 
53 45 37 29 21 149 
53 54 46 38 30 22 106 
53 54 55 47 39 31 23 65 
53 54 55 47 48 40 32 24 121 
53 45 37 29  1  9 17 25 69 
53 52 51  3 11 10 18 26 72 
53 52 51  3 11 19 27 151 
53 52 51  3  4 12 20 28 171 
53 45 37 29 150 
53 54 46 38 30 122 
53 54 55 47 39 31 83 
53 54 55 47 48 40 32 127 
53 52 44 43 42 41 33 95 
53 52 44 43 42 34 78 
53 52 44 43 35 164 
53 52 44 36 169 
53 45 37 167 
53 54 46 38 115 
53 54 55 47 39 62 
53 54 55 47 48 40 136 
53 52 44 43 42 41 94 
53 52 44 43 42 91 
53 52 44 43 163 
53 52 44 198 
53 45 171 
53 54 46 113 
53 54 55 47 68 
53 54 55 47 48 136 
53 52 51 50 49 71 
53 52 51 50 83 
53 52 51 156 
53 52 183 
53 54 92 
53 54 55 63 
53 54 55 56 137 
53 61 60 59 58 57 118 
53 61 60 59 58 79 
53 61 60 59 105 
53 61 60 157 
53 61 122 
53 61 62 70 
53 54 55 63 71 
53 54 55 56 64 175 
54 53 45 37 29  1 56 
54 53 52 51  3  2 91 
54 53 52 51  3 165 
54 53 52 51  3  4 198 
54 46 38 30 22 14  6  5 175 
54 46 38 30 22 14  6 132 
54 55 47 39 31 23 15  7 71 
54 55 47 48 40 32 24 16  8 100 
54 53 45 37 29  1  9 79 
54 53 52 51  3  2 10 53 
54 53 52 51  3 11 146 
54 53 52 51  3 11 12 173 
54 46 38 30 22 14 13 167 
54 46 38 30 22 14 107 
54 55 47 39 31 23 15 65 
54 55 47 48 40 32 24 16 120 
54 53 45 37 29  1  9 17 60 
54 53 52 51  3  2 10 18 75 
54 53 52 51  3 11 19 135 
54 53 52 51  3 11 12 20 172 
54 46 38 30 22 21 169 
54 46 38 30 22 99 
54 55 47 39 31 23 63 
54 55 47 48 40 32 24 132 
54 53 45 37 29  1  9 17 25 57 
54 53 52 51  3  2 10 18 26 74 
54 53 52 51  3 11 19 27 136 
54 53 52 51  3 11 19 27 28 192 
54 53 45 37 29 132 
54 46 38 30 110 
54 55 47 39 31 69 
54 55 47 48 40 32 126 
54 53 45 44 43 42 34 33 71 
54 53 45 44 43 42 34 79 
54 53 45 44 43 35 123 
54 53 45 37 36 171 
54 53 45 37 149 
54 46 38 112 
54 55 47 39 79 
54 55 47 48 40 134 
54 53 45 44 43 42 41 81 
54 53 45 44 43 42 91 
54 53 45 44 43 148 
54 53 45 44 164 
54 53 45 157 
54 46 108 
54 55 47 71 
54 55 47 48 130 
54 53 52 51 50 49 83 
54 53 52 51 50 55 
54 53 52 51 129 
54 53 52 185 
54 53 148 
54 55 69 
54 55 56 136 
54 53 52 51 50 49 57 101 
54 53 52 51 50 58 66 
54 53 52 51 59 119 
54 53 61 60 150 
54 53 61 109 
54 62 66 
54 55 63 66 
54 55 56 64 154 
55 47 39 31 30 29  1 53 
55 54 53 52 51  3  2 100 
55 54 53 52 51  3 155 
55 54 53 52 51  3  4 190 
55 47 39 31 23 15 14  6  5 181 
55 47 39 31 23 15 14  6 128 
55 47 39 31 23 15  7 72 
55 47 39 31 23 15 16  8 93 
55 47 39 31 30 29  1  9 104 
55 54 53 52 51  3 11 10 72 
55 54 53 52 51  3 11 144 
55 54 53 52 51  3  4 12 190 
55 47 39 31 23 15 14 13 164 
55 47 39 31 23 15 14 124 
55 47 39 31 23 15 71 
55 47 39 31 23 15 16 128 
55 47 39 31 30 29  1  9 17 86 
55 54 53 52 51  3 11 10 18 81 
55 54 53 52 51  3 11 19 143 
55 54 53 52 51  3  4 12 20 145 
55 47 39 31 30 22 21 155 
55 47 39 31 30 22 109 
55 47 39 31 23 58 
55 47 39 31 23 24 106 
55 47 39 31 30 29  1  9 17 25 76 
55 54 53 52 51  3 11 10 18 26 61 
55 54 53 52 51  3 11 19 27 153 
55 54 53 52 51  3  4 12 20 28 189 
55 47 39 31 30 29 146 
55 47 39 31 30 100 
55 47 39 31 78 
55 56 48 40 32 127 
55 54 53 45 44 43 42 41 33 66 
55 54 53 45 44 43 42 34 62 
55 54 53 45 44 36 35 154 
55 54 53 45 44 36 188 
55 47 39 38 37 150 
55 47 39 38 108 
55 47 39 73 
55 56 48 40 141 
55 54 53 45 44 43 42 41 69 
55 54 53 45 44 43 42 73 
55 54 53 45 44 43 146 
55 54 53 45 44 202 
55 54 53 45 186 
55 54 46 124 
55 47 66 
55 56 48 127 
55 54 53 52 51 50 49 84 
55 54 53 52 51 50 83 
55 54 53 52 51 143 
55 54 53 52 172 
55 54 53 163 
55 54 138 
55 56 123 
55 54 53 52 51 50 49 57 127 
55 54 53 52 51 59 58 85 
55 54 53 52 51 59 106 
55 54 53 61 60 156 
55 54 53 61 107 
55 54 62 78 
55 63 75 
55 63 64 166 
56 48 40 32 31 30 29  1 53 
56 55 54 53 52 51  3  2 81 
56 55 54 53 52 51  3 139 
56 55 54 53 52 51  3  4 203 
56 48 40 32 24 23 15 14 13  5 168 
56 48 40 32 24 23 15 14  6 139 
56 48 40 32 24 23 15  7 76 
56 48 40 32 24 16  8 102 
56 48 40 32 31 30 29  1  9 57 
56 55 54 53 52 51  3  2 10 86 
56 55 54 53 52 51  3 11 148 
56 55 54 53 52 51  3  4 12 200 
56 48 40 32 24 23 15 14 13 161 
56 48 40 32 24 23 15 14 102 
56 48 40 32 24 23 15 73 
56 48 40 32 24 16 123 
56 48 40 32 31 30 29  1  9 17 64 
56 55 54 53 52 51  3  2 10 18 67 
56 55 54 53 52 51  3 11 19 124 
56 55 54 53 52 51  3 11 19 20 166 
56 48 40 32 24 23 22 21 132 
56 48 40 32 24 23 22 113 
56 48 40 32 24 23 46 
56 48 40 32 24 108 
56 48 40 32 31 30 29  1  9 17 25 71 
56 55 54 53 52 51  3  2 10 18 26 77 
56 55 54 53 52 51  3 11 19 27 142 
56 55 54 53 52 51  3 11 19 27 28 175 
56 48 40 32 31 30 29 162 
56 48 40 32 31 30 108 
56 48 40 32 31 63 
56 48 40 32 124 
56 55 54 53 45 44 36 35 34 33 72 
56 55 54 53 45 44 36 35 34 100 
56 55 54 53 45 44 36 35 157 
56 55 54 53 45 44 36 188 
56 55 54 53 45 37 156 
56 48 40 39 38 111 
56 48 40 39 73 
56 48 40 119 
56 55 54 53 45 44 43 42 41 67 
56 55 54 53 45 44 43 42 74 
56 55 54 53 45 44 43 155 
56 55 54 53 45 44 146 
56 55 54 53 45 158 
56 55 54 46 98 
56 48 47 77 
56 48 147 
56 55 54 53 52 51 50 49 67 
56 55 54 53 52 51 50 87 
56 55 54 53 52 51 150 
56 55 54 53 52 178 
56 55 54 53 157 
56 55 54 108 
56 55 67 
56 55 54 53 52 51 50 49 57 101 
56 55 54 53 52 51 50 58 77 
56 55 54 53 61 60 59 129 
56 55 54 53 61 60 119 
56 55 54 53 61 125 
56 55 54 62 60 
56 64 63 71 
56 64 176 
57 58 59 51 43  1 53 
57 58 59 51  3  2 77 
57 58 59 51  3 184 
57 58 59 51  3  4 193 
57 58 59 60 61 53 45 37 29 21 13  5 166 
57 58 59 60 61 53 45 46 38 30 22 14  6 133 
57 58 59 60 61 53 54 55 47 39 31 23 15  7 69 
57 58 59 60 61 53 54 55 47 39 31 23 15 16  8 100 
57 58 59 51  3  2 10  9 72 
57 58 59 51  3  2 10 76 
57 58 59 51  3 11 137 
57 58 59 51  3  4 12 196 
57 58 59 60 61 53 45 37 29 21 13 160 
57 58 59 60 61 53 45 46 38 30 22 14 105 
57 58 59 60 61 53 54 55 47 39 31 23 15 82 
57 58 59 60 61 53 54 55 47 39 31 23 15 16 122 
57 58 59 51  3  2 10  9 17 63 
57 58 59 51  3  2 10 18 64 
57 58 59 51  3 11 19 139 
57 58 59 51  3  4 12 20 164 
57 58 59 60 61 53 45 37 29 21 128 
57 58 59 60 61 53 45 46 38 30 22 102 
57 58 59 60 61 53 54 55 47 39 31 23 63 
57 58 59 60 61 53 54 55 47 39 31 23 24 116 
57 58 59 51  3  2 10 18 26 25 74 
57 58 59 51  3  2 10 18 26 65 
57 58 59 51  3 11 19 27 138 
57 58 59 51  3  4 12 20 28 170 
57 58 59 60 61 53 45 37 29 151 
57 58 59 60 61 53 45 46 38 30 107 
57 58 59 60 61 53 54 55 47 39 31 78 
57 58 59 60 61 53 54 55 47 48 40 32 129 
57 49 41 33 62 
57 49 41 42 34 66 
57 49 41 42 34 35 162 
57 49 41 42 34 35 36 187 
57 58 59 60 61 53 45 37 166 
57 58 59 60 61 53 45 46 38 111 
57 58 59 60 61 53 54 55 47 39 77 
57 58 59 60 61 53 54 55 47 48 40 123 
57 49 41 85 
57 49 41 42 69 
57 58 59 51 43 140 
57 58 59 51 43 44 186 
57 58 59 60 61 53 45 147 
57 58 59 60 61 53 45 46 102 
57 58 59 60 61 53 54 55 47 66 
57 58 59 60 61 53 54 55 47 48 106 
57 49 68 
57 58 50 75 
57 58 59 51 134 
57 58 59 60 52 207 
57 58 59 60 61 53 151 
57 58 59 60 61 53 54 112 
57 58 59 60 61 53 54 55 69 
57 58 59 60 61 53 54 55 56 126 
57 58 64 
57 58 59 136 
57 58 59 60 117 
57 58 59 60 61 102 
57 58 59 60 61 62 72 
57 58 59 60 61 62 63 47 
57 58 59 60 61 62 63 64 190 
58 50 42 43  1 48 
58 59 51  3  2 76 
58 59 51  3 132 
58 59 51  3  4 176 
58 50 42 43 35 36 37 29 21 13  5 174 
58 50 42 43 35 36 37 38 30 22 14  6 148 
58 50 42 43 35 36 37 38 39 31 23 15  7 73 
58 50 42 43 35 36 37 38 39 31 23 15  7  8 107 
58 50 42 43  1  9 76 
58 59 51  3  2 10 73 
58 59 51  3 11 155 
58 59 51  3  4 12 176 
58 50 42 43 35 36 37 29 21 13 151 
58 50 42 43 35 36 37 38 30 22 14 106 
58 50 42 43 35 36 37 38 39 31 23 15 75 
58 50 42 43 35 36 37 38 39 31 23 15 16 129 
58 50 42 43  1  9 17 77 
58 59 51  3 11 19 18 72 
58 59 51  3 11 19 132 
58 59 51  3  4 12 20 187 
58 50 42 43 35 36 37 29 21 179 
58 50 42 43 35 36 37 38 30 22 101 
58 50 42 43 35 36 37 38 39 31 23 77 
58 59 60 61 62 54 55 56 48 40 32 24 110 
58 50 42 43  1  9 17 25 69 
58 59 51  3 11 19 18 26 66 
58 59 51  3 11 19 27 146 
58 59 51  3  4 12 20 28 171 
58 50 42 43 35 36 37 29 149 
58 50 42 43 35 36 37 38 30 117 
58 50 42 43 35 36 37 38 39 31 65 
58 59 60 61 62 54 55 56 48 40 32 126 
58 50 42 34 33 81 
58 50 42 34 80 
58 50 42 43 35 145 
58 50 42 43 35 36 192 
58 50 42 43 35 36 37 148 
58 50 42 43 35 36 37 38 116 
58 50 42 43 35 36 37 38 39 65 
58 59 60 61 62 54 55 56 48 40 126 
58 50 42 41 77 
58 50 42 66 
58 50 42 43 134 
58 50 42 43 44 185 
58 50 42 43 44 45 160 
58 50 42 43 44 45 46 102 
58 59 60 61 62 54 55 47 84 
58 59 60 61 62 54 55 56 48 134 
58 57 49 90 
58 50 76 
58 59 51 155 
58 59 60 52 192 
58 59 60 61 53 155 
58 59 60 61 62 54 100 
58 59 60 61 62 54 55 76 
58 59 60 61 62 54 55 56 117 
58 57 98 
58 59 114 
58 59 60 149 
58 59 60 61 102 
58 59 60 61 62 66 
58 59 60 61 62 63 57 
58 59 60 61 62 63 64 160 
59 51 43  1 54 
59 51  3  2 80 
59 51  3 128 
59 51  3  4 187 
59 51 43 35 36 37 29 21 13  5 151 
59 60 61 62 54 46 38 30 22 14  6 144 
59 60 61 62 54 55 47 39 31 23 15  7 63 
59 60 61 62 54 55 47 39 31 23 15 16  8 92 
59 51  3 11 10  9 87 
59 51  3 11 10 75 
59 51  3 11 135 
59 51  3  4 12 171 
59 51 43 35 36 37 29 21 13 152 
59 60 61 62 54 46 38 30 22 14 104 
59 60 61 62 54 55 47 39 31 23 15 70 
59 60 61 62 54 55 47 39 31 23 15 16 136 
59 51  3 11 19 18 17 65 
59 51  3 11 19 18 53 
59 51  3 11 19 145 
59 51  3  4 12 20 160 
59 51 43 35 36 37 29 21 171 
59 60 61 62 54 46 38 30 22 105 
59 60 61 62 54 55 47 39 31 23 55 
59 60 61 62 63 64 56 48 40 32 24 135 
59 51  3 11 19 27 26 25 78 
59 51  3 11 19 27 26 55 
59 51  3 11 19 27 144 
59 51  3  4 12 20 28 171 
59 51 43 35 36 37 29 138 
59 60 61 62 54 46 38 30 127 
59 60 61 62 54 55 47 39 31 68 
59 60 61 62 63 64 56 48 40 32 117 
59 58 57 49 41 33 75 
59 51 43 35 34 86 
59 51 43 35 157 
59 51 43 35 36 191 
59 51 43 35 36 37 144 
59 60 61 62 54 46 38 92 
59 60 61 62 54 55 47 39 77 
59 60 61 62 63 64 56 48 40 114 
59 58 57 49 41 74 
59 51 43 42 88 
59 51 43 163 
59 51 43 44 175 
59 60 61 53 45 154 
59 60 61 62 54 46 107 
59 60 61 62 54 55 47 77 
59 60 61 62 63 64 56 48 107 
59 58 57 49 77 
59 58 50 73 
59 51 149 
59 60 52 171 
59 60 61 53 157 
59 60 61 62 54 105 
59 60 61 62 54 55 69 
59 60 61 62 63 64 56 136 
59 58 57 111 
59 58 66 
59 60 124 
59 60 61 108 
59 60 61 62 79 
59 60 61 62 63 61 
59 60 61 62 63 64 150 
60 61 53 45 37 29  1 49 
60 59 51  3  2 81 
60 59 51  3 140 
60 59 51  3  4 210 
60 61 53 45 37 29 21 13  5 135 
60 61 62 54 46 38 30 22 14  6 128 
60 61 62 54 46 47 39 31 23 15  7 72 
60 61 62 54 46 47 39 31 23 15  7  8 95 
60 61 53 45 37 29  1  9 76 
60 59 51  3 11 10 84 
60 59 51  3 11 147 
60 59 51  3  4 12 168 
60 61 53 45 37 29 21 13 168 
60 61 62 54 46 38 30 22 14 95 
60 61 62 54 46 47 39 31 23 15 63 
60 61 62 54 46 47 48 40 32 24 16 134 
60 59 51  3 11 19 18 17 65 
60 59 51  3 11 19 18 75 
60 59 51  3 11 19 125 
60 59 51  3  4 12 20 169 
60 61 53 45 37 29 21 148 
60 61 62 54 46 38 30 22 110 
60 61 62 54 46 47 39 31 23 53 
60 61 62 54 46 47 48 40 32 24 108 
60 59 51  3 11 19 18 17 25 59 
60 59 51  3 11 19 27 26 75 
60 59 51  3 11 19 27 150 
60 59 51  3  4 12 20 28 161 
60 61 53 45 37 29 160 
60 61 62 54 46 38 30 97 
60 61 62 54 46 47 39 31 67 
60 61 62 54 46 47 48 40 32 118 
60 59 58 50 42 41 33 72 
60 59 58 50 42 34 67 
60 52 44 43 35 140 
60 52 44 36 201 
60 61 53 45 37 156 
60 61 62 54 46 38 107 
60 61 62 54 46 47 39 65 
60 61 62 54 46 47 48 40 128 
60 59 58 50 42 41 63 
60 59 58 50 42 96 
60 52 44 43 158 
60 52 44 188 
60 61 53 45 146 
60 61 62 54 46 98 
60 61 62 54 46 47 81 
60 61 62 54 46 47 48 106 
60 59 58 57 49 67 
60 59 58 50 83 
60 59 51 167 
60 52 171 
60 61 53 184 
60 61 62 54 118 
60 61 62 54 55 71 
60 61 62 63 64 56 123 
60 59 58 57 122 
60 59 58 77 
60 59 126 
60 61 100 
60 61 62 88 
60 61 62 63 69 
60 61 62 63 64 184 
61 53 45 37 29  1 43 
61 60 59 51  3  2 82 
61 60 59 51  3 159 
61 60 59 51  3  4 192 
61 53 45 37 29 21 13  5 171 
61 53 45 37 38 30 22 14  6 127 
61 53 45 37 38 30 31 23 15  7 76 
61 53 45 37 38 30 31 23 15  7  8 99 
61 53 45 37 29  1  9 74 
61 60 59 51  3  2 10 69 
61 60 59 51  3 11 139 
61 60 59 51  3  4 12 167 
61 53 45 37 29 21 13 167 
61 53 45 37 38 30 22 14 96 
61 53 45 37 38 30 31 23 15 68 
61 53 54 55 47 48 40 32 24 16 123 
61 53 45 37 29  1  9 17 75 
61 60 59 51  3  2 10 18 83 
61 60 59 51  3 11 19 151 
61 60 59 51  3  4 12 20 158 
61 53 45 37 29 21 166 
61 53 45 37 38 30 22 121 
61 53 45 37 38 30 31 23 87 
61 53 54 55 47 48 40 32 24 111 
61 53 45 37 29  1  9 17 25 68 
61 60 59 51  3  2 10 18 26 92 
61 60 59 51  3 11 19 27 133 
61 60 59 51  3  4 12 20 28 184 
61 53 45 37 29 152 
61 53 45 37 38 30 102 
61 53 45 37 38 30 31 64 
61 53 54 55 47 48 40 32 122 
61 60 59 51 50 42 34 33 78 
61 60 59 51 50 42 34 67 
61 53 45 44 36 35 148 
61 53 45 44 36 172 
61 53 45 37 174 
61 53 45 37 38 89 
61 53 54 55 47 39 72 
61 53 54 55 47 48 40 145 
61 60 59 51 50 42 41 85 
61 60 59 51 50 42 77 
61 53 45 44 43 157 
61 53 45 44 192 
61 53 45 145 
61 53 54 46 104 
61 53 54 55 47 70 
61 53 54 55 47 48 138 
61 60 59 58 57 49 84 
61 60 59 51 50 79 
61 60 59 51 141 
61 60 52 176 
61 53 157 
61 53 54 103 
61 53 54 55 56 
61 53 54 55 56 129 
61 60 59 58 57 109 
61 60 59 58 72 
61 60 59 115 
61 60 152 
61 62 78 
61 62 63 60 
61 62 63 64 179 
62 54 46 38 30 29  1 46 
62 61 60 59 51  3  2 80 
62 61 60 59 51  3 168 
62 61 60 59 51  3  4 173 
62 54 46 38 30 22 14  6  5 134 
62 54 46 38 30 22 14  6 147 
62 54 55 47 39 31 23 15  7 60 
62 54 55 47 39 31 23 15  7  8 96 
62 54 46 38 30 29  1  9 77 
62 61 60 59 51  3  2 10 75 
62 61 60 59 51  3 11 151 
62 61 60 59 51  3 11 12 172 
62 54 46 38 30 22 21 13 157 
62 54 46 38 30 22 14 111 
62 54 55 47 39 31 23 15 72 
62 54 55 47 39 31 23 15 16 111 
62 54 46 38 30 29  1  9 17 73 
62 61 60 59 51  3  2 10 18 68 
62 61 60 59 51  3 11 19 138 
62 61 60 59 51  3 11 19 20 171 
62 54 46 38 30 22 21 162 
62 54 46 38 30 22 85 
62 54 55 47 39 31 23 54 
62 54 55 47 39 31 23 24 104 
62 54 46 38 30 29  1  9 17 25 75 
62 61 60 59 51  3  2 10 18 26 69 
62 61 60 59 51  3 11 19 27 157 
62 61 60 59 51  3 11 19 20 28 195 
62 54 46 38 30 29 161 
62 54 46 38 30 128 
62 54 55 47 39 31 66 
62 54 55 47 48 40 32 122 
62 61 60 59 58 50 42 41 33 84 
62 61 60 59 58 50 42 34 74 
62 61 60 52 44 36 35 145 
62 61 60 52 44 36 182 
62 54 46 45 37 158 
62 54 46 38 102 
62 54 55 47 39 59 
62 54 55 47 48 40 121 
62 61 60 59 58 50 42 41 79 
62 61 60 59 58 50 42 75 
62 61 60 52 44 43 140 
62 61 60 52 44 166 
62 54 46 45 176 
62 54 46 116 
62 54 55 47 61 
62 54 55 47 48 143 
62 61 60 59 58 57 49 72 
62 61 60 59 58 50 76 
62 61 60 59 51 146 
62 61 60 52 182 
62 54 53 162 
62 54 110 
62 54 55 88 
62 54 55 56 123 
62 61 60 59 58 57 95 
62 61 60 59 58 71 
62 61 60 59 129 
62 61 60 146 
62 61 116 
62 63 59 
62 63 64 176 
63 55 47 39 38 37 29  1 44 
63 62 61 60 52 51  3  2 93 
63 62 61 60 52 51  3 165 
63 62 61 60 52 51  3  4 175 
63 55 47 39 31 23 15 14 13  5 152 
63 55 47 39 31 23 15 14  6 127 
63 55 47 39 31 23 15  7 72 
63 55 47 39 31 23 15 16  8 105 
63 55 47 39 38 37 29  1  9 88 
63 62 61 60 52 51  3  2 10 60 
63 62 61 60 52 51  3 11 148 
63 62 61 60 52 51  3 11 12 172 
63 55 47 39 31 23 15 14 13 144 
63 55 47 39 31 23 15 14 104 
63 55 47 39 31 23 15 64 
63 55 47 39 31 23 15 16 123 
63 55 47 39 38 37 29  1  9 17 67 
63 62 61 60 52 51  3  2 10 18 76 
63 62 61 60 52 51  3 11 19 140 
63 62 61 60 52 51  3 11 12 20 187 
63 55 47 39 31 23 22 21 156 
63 55 47 39 31 23 22 100 
63 55 47 39 31 23 75 
63 55 47 48 40 32 24 115 
63 55 47 39 38 37 29  1  9 17 25 63 
63 62 61 60 52 51  3  2 10 18 26 72 
63 62 61 60 52 51  3 11 19 27 145 
63 62 61 60 52 51  3 11 12 20 28 164 
63 55 47 39 38 37 29 151 
63 55 47 39 31 30 119 
63 55 47 39 31 69 
63 55 47 48 40 32 112 
63 62 61 60 52 44 36 35 34 33 69 
63 62 61 60 52 44 36 35 34 84 
63 62 61 60 52 44 36 35 140 
63 62 61 60 52 44 36 174 
63 55 47 39 38 37 141 
63 55 47 39 38 116 
63 55 47 39 67 
63 55 47 48 40 128 
63 62 61 60 52 51 43 42 41 78 
63 62 61 60 52 51 43 42 70 
63 62 61 60 52 51 43 134 
63 62 61 60 52 44 177 
63 55 54 53 45 169 
63 55 47 46 123 
63 55 47 57 
63 55 47 48 116 
63 62 61 60 59 58 57 49 76 
63 62 61 60 59 58 50 83 
63 62 61 60 52 51 143 
63 62 61 60 52 188 
63 55 54 53 161 
63 55 54 127 
63 55 74 
63 64 56 118 
63 62 61 60 59 58 57 100 
63 62 61 60 59 58 71 
63 62 61 60 59 124 
63 62 61 60 145 
63 62 61 136 
63 62 74 
63 64 171 
64 56 48 47 39 38 30 29  1 39 
64 63 62 61 60 59 51  3  2 85 
64 63 62 61 60 59 51  3 155 
64 63 62 61 60 59 51  3  4 191 
64 56 48 40 32 24 23 15 14 13  5 178 
64 56 48 40 32 24 23 15  7  6 144 
64 56 48 40 32 24 23 15  7 62 
64 56 48 40 32 24 16  8 108 
64 56 48 47 39 38 30 29  1  9 69 
64 63 62 61 60 59 51  3 11 10 70 
64 63 62 61 60 59 51  3 11 157 
64 63 62 61 60 59 51  3  4 12 196 
64 56 48 40 32 24 23 15 14 13 169 
64 56 48 40 32 24 23 15 14 102 
64 56 48 40 32 24 23 15 69 
64 56 48 40 32 24 16 116 
64 56 48 47 39 38 30 29  1  9 17 50 
64 63 62 61 60 59 51  3 11 10 18 68 
64 63 62 61 60 59 51  3 11 19 119 
64 63 62 61 60 59 51  3  4 12 20 158 
64 56 48 40 32 24 23 22 21 164 
64 56 48 40 32 24 23 22 92 
64 56 48 40 32 24 23 70 
64 56 48 40 32 24 117 
64 56 48 47 39 38 30 29  1  9 17 25 73 
64 63 62 61 60 59 51  3 11 19 27 26 72 
64 63 62 61 60 59 51  3 11 19 27 143 
64 63 62 61 60 59 51  3 11 19 27 28 195 
64 56 48 47 39 38 30 29 145 
64 56 48 47 39 38 30 105 
64 56 48 40 32 31 71 
64 56 48 40 32 103 
64 56 48 47 46 45 44 43 42 34 33 66 
64 56 48 47 46 45 44 43 42 34 81 
64 56 48 47 46 45 37 36 35 124 
64 56 48 47 46 45 37 36 183 
64 56 48 47 46 45 37 155 
64 56 48 47 39 38 117 
64 56 48 47 39 64 
64 56 48 40 117 
64 56 48 47 46 45 44 43 42 41 63 
64 56 48 47 46 45 44 43 42 77 
64 56 48 47 46 45 44 43 131 
64 56 48 47 46 45 44 165 
64 56 48 47 46 45 157 
64 56 48 47 46 110 
64 56 48 47 74 
64 56 48 121 
64 63 62 61 60 59 58 57 49 76 
64 63 62 61 60 59 51 50 68 
64 63 62 61 60 59 51 133 
64 63 55 54 53 52 188 
64 63 55 54 53 145 
64 63 55 54 137 
64 63 55 76 
64 56 134 
64 63 62 61 60 59 58 57 105 
64 63 62 61 60 59 58 84 
64 63 62 61 60 59 147 
64 63 62 61 60 137 
64 63 62 61 99 
64 63 62 71 
64 63 57 
