 1  2 80 
 1  3 127 
 1  3  4 173 
 1  5 141 
 1  5  6 113 
 1  7 76 
 1  7  8 122 
 1  9 77 
 1  9 10 85 
 1  3 11 131 
 1  3  4 12 179 
 1  5 13 162 
 1  5  6 14 118 
 1  7 15 67 
 1  7 15 16 123 
 1 17 78 
 1 17 18 68 
 1 19 131 
 1 19 20 156 
 1 21 127 
 1 21 22 88 
 1 23 83 
 1 23 24 144 
 1 17 25 91 
 1 17 18 26 87 
 1 19 27 134 
 1 19 20 28 209 
 1 21 29 127 
 1 21 29 30 117 
 1 23 31 82 
 1 23 31 32 111 
 1 33 104 
 1 33 34 89 
 1 35 141 
 1 35 36 164 
 1 37 152 
 1 37 38 101 
 1 39 80 
 1 39 40 132 
 1 33 41 98 
 1 33 34 42 85 
 1 35 43 148 
 1 35 36 44 161 
 1 37 45 184 
 1 37 45 46 121 
 1 39 47 78 
 1 39 47 48 129 
 1 49 83 
 1 49 50 77 
 1 51 132 
 1 51 52 163 
 1 53 153 
 1 53 54 99 
 1 55 67 
 1 55 56 127 
 1 49 57 116 
 1 49 57 58 84 
 1 51 59 131 
 1 51 59 60 157 
 1 53 61 124 
 1 53 54 62 79 
 1 55 63 72 
 1 55 63 64 139 
 2  1 82 
 2  1  3 138 
 2  1  3  4 192 
 2  1  5 149 
 2  1  5  6 116 
 2  1  7 87 
 2  1  7  8 116 
 2 10  9 97 
 2 10 79 
 2  1  3 11 148 
 2  1  3  4 12 205 
 2  1  5 13 143 
 2  1  5  6 14 107 
 2  1  7 15 81 
 2  1  7 15 16 115 
 2  1 17 81 
 2  1 17 18 72 
 2  1 19 136 
 2  1 19 20 181 
 2  1 21 144 
 2  1 21 22 108 
 2  1 23 84 
 2  1 23 24 132 
 2  1 17 25 85 
 2  1 17 18 26 88 
 2  1 19 27 144 
 2  1 19 20 28 174 
 2  1 21 29 125 
 2  1 21 22 30 99 
 2  1 23 31 84 
 2  1 23 31 32 134 
 2  1 33 90 
 2  1 33 34 80 
 2  1 35 133 
 2  1 35 36 175 
 2  1 37 128 
 2  1 37 38 129 
 2  1 39 110 
 2  1 39 40 122 
 2  1 33 41 93 
 2  1 33 34 42 100 
 2  1 35 43 125 
 2  1 35 36 44 188 
 2  1 37 45 144 
 2  1 37 45 46 120 
 2  1 39 47 86 
 2  1 39 47 48 142 
 2  1 49 95 
 2  1 49 50 76 
 2  1 51 132 
 2  1 51 52 155 
 2  1 53 162 
 2  1 53 54 116 
 2  1 55 78 
 2  1 55 56 139 
 2  1 49 57 128 
 2  1 49 57 58 76 
 2  1 51 59 115 
 2  1 51 59 60 150 
 2  1 53 61 121 
 2  1 53 54 62 86 
 2  1 55 63 71 
 2  1 55 63 64 169 
 3  1 69 
 3  1  2 82 
 3  4 164 
 3  1  5 171 
 3  1  5  6 128 
 3  1  7 97 
 3  1  7  8 114 
 3  1  9 68 
 3  1  9 10 95 
 3 11 138 
 3 11 12 166 
 3  1  5 13 148 
 3  1  5  6 14 85 
 3  1  7 15 68 
 3  1  7  8 16 124 
 3  1 17 87 
 3  1 17 18 77 
 3  1 19 139 
 3  1 19 20 166 
 3  1 21 148 
 3  1 21 22 116 
 3  1 23 79 
 3  1 23 24 126 
 3  1 17 25 78 
 3  1 17 18 26 80 
 3  1 19 27 131 
 3  1 19 20 28 191 
 3  1 21 29 123 
 3  1 21 22 30 117 
 3  1 23 31 90 
 3  1 23 31 32 122 
 3  1 33 91 
 3  1 33 34 113 
 3  1 35 111 
 3  1 35 36 167 
 3  1 37 134 
 3  1 37 38 108 
 3  1 39 94 
 3  1 39 40 137 
 3  1 33 41 82 
 3  1 33 34 42 83 
 3  1 35 43 144 
 3  1 35 36 44 156 
 3  1 37 45 148 
 3  1 37 45 46 133 
 3  1 39 47 98 
 3  1 39 47 48 134 
 3  1 49 85 
 3  1 49 50 104 
 3  1 51 128 
 3  1 51 52 161 
 3  1 53 156 
 3  1 53 54 107 
 3  1 55 78 
 3  1 55 56 128 
 3  1 49 57 125 
 3  1 49 57 58 90 
 3  1 51 59 121 
 3  1 51 59 60 129 
 3  1 53 61 113 
 3  1 53 54 62 76 
 3  1 55 63 75 
 3  1 55 63 64 162 
 4  3  1 82 
 4  3  1  2 76 
 4  3 131 
 4  3  1  5 153 
 4  3  1  5  6 105 
 4  3  1  7 89 
 4  3  1  7  8 117 
 4  3  1  9 82 
 4  3  1  9 10 98 
 4 12 11 130 
 4 12 139 
 4  3  1  5 13 154 
 4  3  1  5  6 14 105 
 4  3  1  7 15 79 
 4  3  1  7 15 16 121 
 4  3  1 17 72 
 4  3  1 17 18 94 
 4  3  1 19 150 
 4  3  1 19 20 165 
 4  3  1 21 161 
 4  3  1 21 22 116 
 4  3  1 23 80 
 4  3  1 23 24 123 
 4  3  1 17 25 83 
 4  3  1 17 18 26 106 
 4  3  1 19 27 136 
 4  3  1 19 20 28 180 
 4  3  1 21 29 136 
 4  3  1 21 22 30 107 
 4  3  1 23 31 97 
 4  3  1 23 31 32 119 
 4  3  1 33 96 
 4  3  1 33 34 87 
 4  3  1 35 136 
 4  3  1 35 36 135 
 4  3  1 37 154 
 4  3  1 37 38 109 
 4  3  1 39 81 
 4  3  1 39 40 148 
 4  3  1 33 41 102 
 4  3  1 33 34 42 100 
 4  3  1 35 43 145 
 4  3  1 35 36 44 153 
 4  3  1 37 45 124 
 4  3  1 37 45 46 110 
 4  3  1 39 47 72 
 4  3  1 39 47 48 129 
 4  3  1 49 95 
 4  3  1 49 50 91 
 4  3  1 51 132 
 4  3  1 51 52 169 
 4  3  1 53 150 
 4  3  1 53 54 104 
 4  3  1 55 80 
 4  3  1 55 56 123 
 4  3  1 49 57 105 
 4  3  1 49 57 58 81 
 4  3  1 51 59 136 
 4  3  1 51 59 60 141 
 4  3  1 53 61 111 
 4  3  1 53 54 62 82 
 4  3  1 55 63 80 
 4  3  1 55 63 64 159 
 5  1 75 
 5  1  2 90 
 5  1  3 130 
 5  1  3  4 178 
 5  6 115 
 5  1  7 97 
 5  1  7  8 108 
 5  1  9 87 
 5  1  9 10 63 
 5  1  3 11 131 
 5  1  3  4 12 167 
 5 13 134 
 5 13 14 115 
 5  1  7 15 82 
 5  1  7  8 16 127 
 5  1 17 65 
 5  1 17 18 88 
 5  1 19 131 
 5  1 19 20 172 
 5  1 21 144 
 5  1 21 22 99 
 5  1 23 71 
 5  1 23 24 126 
 5  1 17 25 92 
 5  1 17 25 26 85 
 5  1 19 27 147 
 5  1 19 20 28 168 
 5  1 21 29 157 
 5  1 21 22 30 116 
 5  1 23 31 85 
 5  1 23 31 32 130 
 5  1 33 93 
 5  1 33 34 82 
 5  1 35 125 
 5  1 35 36 161 
 5  1 37 135 
 5  1 37 38 118 
 5  1 39 80 
 5  1 39 40 131 
 5  1 33 41 100 
 5  1 33 34 42 83 
 5  1 35 43 129 
 5  1 35 36 44 170 
 5  1 37 45 134 
 5  1 37 45 46 130 
 5  1 39 47 106 
 5  1 39 47 48 123 
 5  1 49 92 
 5  1 49 50 87 
 5  1 51 130 
 5  1 51 52 166 
 5  1 53 163 
 5  1 53 54 108 
 5  1 55 87 
 5  1 55 56 147 
 5  1 49 57 121 
 5  1 49 50 58 74 
 5  1 51 59 128 
 5  1 51 59 60 125 
 5  1 53 61 119 
 5  1 53 54 62 77 
 5  1 55 63 68 
 5  1 55 63 64 182 
 6  5  1 77 
 6  5  1  2 88 
 6  5  1  3 136 
 6  5  1  3  4 173 
 6  5 148 
 6  5  1  7 76 
 6  5  1  7  8 92 
 6  5  1  9 79 
 6  5  1  9 10 79 
 6  5  1  3 11 131 
 6  5  1  3  4 12 171 
 6 14 13 138 
 6 14 103 
 6  5  1  7 15 68 
 6  5  1  7  8 16 147 
 6  5  1 17 69 
 6  5  1 17 18 81 
 6  5  1 19 136 
 6  5  1 19 20 182 
 6  5  1 21 131 
 6  5  1 21 22 120 
 6  5  1 23 63 
 6  5  1 23 24 116 
 6  5  1 17 25 71 
 6  5  1 17 25 26 91 
 6  5  1 19 27 141 
 6  5  1 19 20 28 171 
 6  5  1 21 29 124 
 6  5  1 21 22 30 109 
 6  5  1 23 31 94 
 6  5  1 23 31 32 133 
 6  5  1 33 92 
 6  5  1 33 34 91 
 6  5  1 35 129 
 6  5  1 35 36 156 
 6  5  1 37 176 
 6  5  1 37 38 119 
 6  5  1 39 80 
 6  5  1 39 40 129 
 6  5  1 33 41 88 
 6  5  1 33 34 42 98 
 6  5  1 35 43 119 
 6  5  1 35 36 44 157 
 6  5  1 37 45 144 
 6  5  1 37 45 46 104 
 6  5  1 39 47 80 
 6  5  1 39 47 48 126 
 6  5  1 49 92 
 6  5  1 49 50 90 
 6  5  1 51 141 
 6  5  1 51 52 165 
 6  5  1 53 137 
 6  5  1 53 54 135 
 6  5  1 55 90 
 6  5  1 55 56 134 
 6  5  1 49 57 120 
 6  5  1 49 57 58 79 
 6  5  1 51 59 127 
 6  5  1 51 59 60 132 
 6  5  1 53 61 112 
 6  5  1 53 54 62 65 
 6  5  1 55 63 66 
 6  5  1 55 63 64 160 
 7  1 75 
 7  1  2 99 
 7  1  3 138 
 7  1  3  4 181 
 7  1  5 129 
 7  1  5  6 128 
 7  8 111 
 7  1  9 79 
 7  1  9 10 87 
 7  1  3 11 153 
 7  1  3  4 12 157 
 7  1  5 13 149 
 7  1  5  6 14 115 
 7 15 71 
 7 15 16 127 
 7  1 17 79 
 7  1 17 18 88 
 7  1 19 142 
 7  1 19 20 145 
 7  1 21 128 
 7  1 21 22 114 
 7  1 23 60 
 7  1 23 24 138 
 7  1 17 25 92 
 7  1 17 18 26 93 
 7  1 19 27 118 
 7  1 19 20 28 162 
 7  1 21 29 143 
 7  1 21 22 30 84 
 7  1 23 31 83 
 7  1 23 31 32 142 
 7  1 33 79 
 7  1 33 34 97 
 7  1 35 157 
 7  1 35 36 160 
 7  1 37 170 
 7  1 37 38 116 
 7  1 39 84 
 7  1 39 40 131 
 7  1 33 41 82 
 7  1 33 34 42 99 
 7  1 35 43 146 
 7  1 35 36 44 162 
 7  1 37 45 146 
 7  1 37 45 46 138 
 7  1 39 47 96 
 7  1 39 47 48 130 
 7  1 49 94 
 7  1 49 50 79 
 7  1 51 143 
 7  1 51 52 151 
 7  1 53 157 
 7  1 53 54 121 
 7  1 55 74 
 7  1 55 56 124 
 7  1 49 57 113 
 7  1 49 50 58 76 
 7  1 51 59 109 
 7  1 51 59 60 126 
 7  1 53 61 100 
 7  1 53 54 62 76 
 7  1 55 63 73 
 7  1 55 63 64 177 
 8  7  1 82 
 8  7  1  2 100 
 8  7  1  3 126 
 8  7  1  3  4 182 
 8  7  1  5 146 
 8  7  1  5  6 124 
 8  7 97 
 8  7  1  9 75 
 8  7  1  9 10 83 
 8  7  1  3 11 153 
 8  7  1  3  4 12 171 
 8  7  1  5 13 131 
 8  7  1  5  6 14 113 
 8  7 15 80 
 8 16 104 
 8  7  1 17 76 
 8  7  1 17 18 95 
 8  7  1 19 141 
 8  7  1 19 20 152 
 8  7  1 21 140 
 8  7  1 21 22 124 
 8  7  1 23 59 
 8  7  1 23 24 108 
 8  7  1 17 25 83 
 8  7  1 17 18 26 87 
 8  7  1 19 27 145 
 8  7  1 19 20 28 165 
 8  7  1 21 29 132 
 8  7  1 21 29 30 113 
 8  7  1 23 31 102 
 8  7  1 23 31 32 132 
 8  7  1 33 77 
 8  7  1 33 34 103 
 8  7  1 35 143 
 8  7  1 35 36 178 
 8  7  1 37 152 
 8  7  1 37 38 104 
 8  7  1 39 82 
 8  7  1 39 40 138 
 8  7  1 33 41 89 
 8  7  1 33 34 42 94 
 8  7  1 35 43 129 
 8  7  1 35 36 44 145 
 8  7  1 37 45 119 
 8  7  1 37 45 46 118 
 8  7  1 39 47 81 
 8  7  1 39 47 48 130 
 8  7  1 49 101 
 8  7  1 49 50 65 
 8  7  1 51 121 
 8  7  1 51 52 187 
 8  7  1 53 136 
 8  7  1 53 54 103 
 8  7  1 55 88 
 8  7  1 55 56 137 
 8  7  1 49 57 115 
 8  7  1 49 50 58 91 
 8  7  1 51 59 107 
 8  7  1 51 59 60 149 
 8  7  1 53 61 130 
 8  7  1 53 54 62 76 
 8  7  1 55 63 87 
 8  7  1 55 63 64 179 
 9  1 94 
 9 10  2 97 
 9  1  3 123 
 9  1  3  4 188 
 9  1  5 139 
 9  1  5  6 120 
 9  1  7 86 
 9  1  7  8 103 
 9 10 73 
 9  1  3 11 169 
 9  1  3  4 12 185 
 9  1  5 13 135 
 9  1  5  6 14 99 
 9  1  7 15 78 
 9  1  7  8 16 128 
 9  1 17 78 
 9  1 17 18 61 
 9  1 19 136 
 9  1 19 20 164 
 9  1 21 137 
 9  1 21 22 108 
 9  1 23 80 
 9  1 23 24 140 
 9  1 17 25 83 
 9  1 17 18 26 95 
 9  1 19 27 134 
 9  1 19 27 28 181 
 9  1 21 29 156 
 9  1 21 29 30 112 
 9  1 23 31 94 
 9  1 23 31 32 115 
 9  1 33 61 
 9  1 33 34 80 
 9  1 35 131 
 9  1 35 36 172 
 9  1 37 157 
 9  1 37 38 106 
 9  1 39 89 
 9  1 39 40 144 
 9  1 33 41 85 
 9  1 33 34 42 99 
 9  1 35 43 155 
 9  1 35 36 44 165 
 9  1 37 45 142 
 9  1 37 45 46 105 
 9  1 39 47 82 
 9  1 39 47 48 124 
 9  1 49 87 
 9  1 49 50 94 
 9  1 51 136 
 9  1 51 52 159 
 9  1 53 154 
 9  1 53 54 130 
 9  1 55 98 
 9  1 55 56 158 
 9  1 49 57 124 
 9  1 49 57 58 93 
 9  1 51 59 128 
 9  1 51 52 60 124 
 9  1 53 61 119 
 9  1 53 54 62 80 
 9  1 55 63 67 
 9  1 55 63 64 172 
10  9  1 76 
10  2 93 
10  9  1  3 115 
10  9  1  3  4 165 
10  9  1  5 167 
10  9  1  5  6 124 
10  9  1  7 86 
10  9  1  7  8 120 
10  9 83 
10  9  1  3 11 149 
10  9  1  3  4 12 153 
10  9  1  5 13 124 
10  9  1  5  6 14 111 
10  9  1  7 15 75 
10  9  1  7  8 16 117 
10  9  1 17 72 
10  9  1 17 18 70 
10  9  1 19 170 
10  9  1 19 20 193 
10  9  1 21 144 
10  9  1 21 22 128 
10  9  1 23 77 
10  9  1 23 24 120 
10  9  1 17 25 88 
10  9  1 17 18 26 100 
10  9  1 19 27 134 
10  9  1 19 20 28 156 
10  9  1 21 29 125 
10  9  1 21 29 30 106 
10  9  1 23 31 99 
10  9  1 23 31 32 139 
10  9  1 33 100 
10  9  1 33 34 90 
10  9  1 35 145 
10  9  1 35 36 150 
10  9  1 37 138 
10  9  1 37 38 112 
10  9  1 39 74 
10  9  1 39 40 111 
10  9  1 33 41 93 
10  9  1 33 34 42 97 
10  9  1 35 43 130 
10  9  1 35 36 44 191 
10  9  1 37 45 131 
10  9  1 37 45 46 137 
10  9  1 39 47 91 
10  9  1 39 47 48 138 
10  9  1 49 82 
10  9  1 49 50 103 
10  9  1 51 120 
10  9  1 51 52 170 
10  9  1 53 159 
10  9  1 53 54 123 
10  9  1 55 69 
10  9  1 55 56 140 
10  9  1 49 57 95 
10  9  1 49 50 58 74 
10  9  1 51 59 105 
10  9  1 51 59 60 128 
10  9  1 53 61 104 
10  9  1 53 54 62 71 
10  9  1 55 63 79 
10  9  1 55 63 64 158 
11  3  1 76 
11  3  1  2 97 
11  3 133 
11 12  4 179 
11  3  1  5 153 
11  3  1  5  6 120 
11  3  1  7 80 
11  3  1  7  8 125 
11  3  1  9 79 
11  3  1  9 10 68 
11 12 178 
11  3  1  5 13 158 
11  3  1  5  6 14 115 
11  3  1  7 15 69 
11  3  1  7  8 16 104 
11  3  1 17 65 
11  3  1 17 18 75 
11  3  1 19 141 
11  3  1 19 20 154 
11  3  1 21 154 
11  3  1 21 22 98 
11  3  1 23 72 
11  3  1 23 24 136 
11  3  1 17 25 97 
11  3  1 17 18 26 80 
11  3  1 19 27 127 
11  3  1 19 20 28 139 
11  3  1 21 29 150 
11  3  1 21 22 30 116 
11  3  1 23 31 82 
11  3  1 23 31 32 122 
11  3  1 33 85 
11  3  1 33 34 90 
11  3  1 35 146 
11  3  1 35 36 169 
11  3  1 37 142 
11  3  1 37 38 121 
11  3  1 39 77 
11  3  1 39 40 135 
11  3  1 33 41 83 
11  3  1 33 34 42 92 
11  3  1 35 43 122 
11  3  1 35 36 44 170 
11  3  1 37 45 165 
11  3  1 37 45 46 113 
11  3  1 39 47 81 
11  3  1 39 47 48 111 
11  3  1 49 90 
11  3  1 49 50 85 
11  3  1 51 133 
11  3  1 51 52 156 
11  3  1 53 149 
11  3  1 53 54 117 
11  3  1 55 88 
11  3  1 55 56 132 
11  3  1 49 57 103 
11  3  1 49 57 58 73 
11  3  1 51 59 104 
11  3  1 51 59 60 139 
11  3  1 53 61 117 
11  3  1 53 54 62 87 
11  3  1 55 63 84 
11  3  1 55 63 64 164 
12  4  3  1 86 
12  4  3  1  2 102 
12  4  3 126 
12  4 179 
12  4  3  1  5 138 
12  4  3  1  5  6 125 
12  4  3  1  7 80 
12  4  3  1  7  8 119 
12  4  3  1  9 88 
12  4  3  1  9 10 93 
12 11 153 
12  4  3  1  5 13 163 
12  4  3  1  5  6 14 111 
12  4  3  1  7 15 64 
12  4  3  1  7 15 16 134 
12  4  3  1 17 82 
12  4  3  1 17 18 85 
12  4  3  1 19 141 
12  4  3  1 19 20 152 
12  4  3  1 21 155 
12  4  3  1 21 22 104 
12  4  3  1 23 86 
12  4  3  1 23 24 121 
12  4  3  1 17 25 86 
12  4  3  1 17 18 26 86 
12  4  3  1 19 27 149 
12  4  3  1 19 20 28 174 
12  4  3  1 21 29 142 
12  4  3  1 21 22 30 110 
12  4  3  1 23 31 91 
12  4  3  1 23 31 32 108 
12  4  3  1 33 78 
12  4  3  1 33 34 96 
12  4  3  1 35 122 
12  4  3  1 35 36 160 
12  4  3  1 37 146 
12  4  3  1 37 38 107 
12  4  3  1 39 78 
12  4  3  1 39 40 137 
12  4  3  1 33 41 93 
12  4  3  1 33 34 42 96 
12  4  3  1 35 43 137 
12  4  3  1 35 36 44 172 
12  4  3  1 37 45 171 
12  4  3  1 37 45 46 110 
12  4  3  1 39 47 74 
12  4  3  1 39 47 48 134 
12  4  3  1 49 107 
12  4  3  1 49 50 86 
12  4  3  1 51 131 
12  4  3  1 51 52 169 
12  4  3  1 53 169 
12  4  3  1 53 54 108 
12  4  3  1 55 77 
12  4  3  1 55 56 131 
12  4  3  1 49 57 119 
12  4  3  1 49 57 58 66 
12  4  3  1 51 59 109 
12  4  3  1 51 59 60 127 
12  4  3  1 53 61 122 
12  4  3  1 53 54 62 74 
12  4  3  1 55 63 70 
12  4  3  1 55 63 64 162 
13  5  1 84 
13  5  1  2 87 
13  5  1  3 127 
13  5  1  3  4 192 
13  5 141 
13 14  6 112 
13  5  1  7 75 
13  5  1  7  8 109 
13  5  1  9 69 
13  5  1  9 10 78 
13  5  1  3 11 139 
13  5  1  3  4 12 174 
13 14 127 
13  5  1  7 15 74 
13  5  1  7  8 16 121 
13  5  1 17 85 
13  5  1 17 18 73 
13  5  1 19 149 
13  5  1 19 20 167 
13  5  1 21 132 
13  5  1 21 22 116 
13  5  1 23 79 
13  5  1 23 24 139 
13  5  1 17 25 86 
13  5  1 17 18 26 84 
13  5  1 19 27 158 
13  5  1 19 20 28 183 
13  5  1 21 29 143 
13  5  1 21 22 30 108 
13  5  1 23 31 83 
13  5  1 23 31 32 142 
13  5  1 33 99 
13  5  1 33 34 92 
13  5  1 35 149 
13  5  1 35 36 182 
13  5  1 37 171 
13  5  1 37 38 119 
13  5  1 39 85 
13  5  1 39 40 136 
13  5  1 33 41 88 
13  5  1 33 34 42 84 
13  5  1 35 43 121 
13  5  1 35 36 44 195 
13  5  1 37 45 140 
13  5  1 37 45 46 107 
13  5  1 39 47 78 
13  5  1 39 47 48 145 
13  5  1 49 77 
13  5  1 49 50 79 
13  5  1 51 147 
13  5  1 51 52 159 
13  5  1 53 140 
13  5  1 53 54 125 
13  5  1 55 77 
13  5  1 55 56 151 
13  5  1 49 57 118 
13  5  1 49 57 58 69 
13  5  1 51 59 120 
13  5  1 51 59 60 138 
13  5  1 53 61 138 
13  5  1 53 54 62 71 
13  5  1 55 63 65 
13  5  1 55 63 64 138 
14 13  5  1 76 
14 13  5  1  2 107 
14 13  5  1  3 142 
14 13  5  1  3  4 174 
14 13  5 135 
14  6 119 
14 13  5  1  7 84 
14 13  5  1  7  8 114 
14 13  5  1  9 79 
14 13  5  1  9 10 84 
14 13  5  1  3 11 124 
14 13  5  1  3  4 12 188 
14 13 150 
14 13  5  1  7 15 68 
14 13  5  1  7  8 16 125 
14 13  5  1 17 82 
14 13  5  1 17 18 65 
14 13  5  1 19 148 
14 13  5  1 19 20 171 
14 13  5  1 21 141 
14 13  5  1 21 22 105 
14 13  5  1 23 67 
14 13  5  1 23 24 132 
14 13  5  1 17 25 98 
14 13  5  1 17 18 26 92 
14 13  5  1 19 27 137 
14 13  5  1 19 20 28 185 
14 13  5  1 21 29 129 
14 13  5  1 21 22 30 121 
14 13  5  1 23 31 73 
14 13  5  1 23 31 32 141 
14 13  5  1 33 77 
14 13  5  1 33 34 100 
14 13  5  1 35 150 
14 13  5  1 35 36 160 
14 13  5  1 37 143 
14 13  5  1 37 38 112 
14 13  5  1 39 78 
14 13  5  1 39 40 143 
14 13  5  1 33 41 106 
14 13  5  1 33 34 42 92 
14 13  5  1 35 43 129 
14 13  5  1 35 36 44 174 
14 13  5  1 37 45 146 
14 13  5  1 37 45 46 111 
14 13  5  1 39 47 100 
14 13  5  1 39 47 48 146 
14 13  5  1 49 89 
14 13  5  1 49 50 95 
14 13  5  1 51 139 
14 13  5  1 51 52 154 
14 13  5  1 53 154 
14 13  5  1 53 54 124 
14 13  5  1 55 77 
14 13  5  1 55 56 117 
14 13  5  1 49 57 109 
14 13  5  1 49 57 58 87 
14 13  5  1 51 59 101 
14 13  5  1 51 59 60 140 
14 13  5  1 53 61 111 
14 13  5  1 53 54 62 75 
14 13  5  1 55 63 71 
14 13  5  1 55 63 64 160 
15  7  1 81 
15  7  1  2 97 
15  7  1  3 133 
15  7  1  3  4 187 
15  7  1  5 138 
15  7  1  5  6 104 
15  7 77 
15  7  8 113 
15  7  1  9 76 
15  7  1  9 10 82 
15  7  1  3 11 142 
15  7  1  3 11 12 193 
15  7  1  5 13 123 
15  7  1  5  6 14 100 
15 16 132 
15  7  1 17 60 
15  7  1 17 18 77 
15  7  1 19 140 
15  7  1 19 20 168 
15  7  1 21 142 
15  7  1 21 22 105 
15  7  1 23 84 
15  7  1 23 24 132 
15  7  1 17 25 94 
15  7  1 17 18 26 86 
15  7  1 19 27 126 
15  7  1 19 20 28 159 
15  7  1 21 29 141 
15  7  1 21 29 30 112 
15  7  1 23 31 87 
15  7  1 23 31 32 133 
15  7  1 33 92 
15  7  1 33 34 94 
15  7  1 35 121 
15  7  1 35 36 152 
15  7  1 37 153 
15  7  1 37 38 116 
15  7  1 39 82 
15  7  1 39 40 126 
15  7  1 33 41 84 
15  7  1 33 34 42 81 
15  7  1 35 43 119 
15  7  1 35 36 44 209 
15  7  1 37 45 164 
15  7  1 37 45 46 115 
15  7  1 39 47 81 
15  7  1 39 47 48 112 
15  7  1 49 88 
15  7  1 49 50 82 
15  7  1 51 134 
15  7  1 51 52 153 
15  7  1 53 152 
15  7  1 53 54 120 
15  7  1 55 68 
15  7  1 55 56 139 
15  7  1 49 57 107 
15  7  1 49 57 58 93 
15  7  1 51 59 124 
15  7  1 51 59 60 139 
15  7  1 53 61 113 
15  7  1 53 54 62 80 
15  7  1 55 63 54 
15  7  1 55 63 64 148 
16 15  7  1 79 
16 15  7  1  2 91 
16 15  7  1  3 135 
16 15  7  1  3  4 173 
16 15  7  1  5 172 
16 15  7  1  5  6 108 
16 15  7 92 
16  8 104 
16 15  7  1  9 80 
16 15  7  1  9 10 98 
16 15  7  1  3 11 165 
16 15  7  1  3  4 12 162 
16 15  7  1  5 13 150 
16 15  7  1  5  6 14 117 
16 15 71 
16 15  7  1 17 75 
16 15  7  1 17 18 71 
16 15  7  1 19 121 
16 15  7  1 19 20 137 
16 15  7  1 21 163 
16 15  7  1 21 22 119 
16 15  7  1 23 73 
16 15  7  1 23 24 123 
16 15  7  1 17 25 68 
16 15  7  1 17 18 26 84 
16 15  7  1 19 27 123 
16 15  7  1 19 20 28 186 
16 15  7  1 21 29 141 
16 15  7  1 21 22 30 107 
16 15  7  1 23 31 81 
16 15  7  1 23 31 32 107 
16 15  7  1 33 75 
16 15  7  1 33 34 90 
16 15  7  1 35 145 
16 15  7  1 35 36 179 
16 15  7  1 37 169 
16 15  7  1 37 38 108 
16 15  7  1 39 92 
16 15  7  1 39 40 129 
16 15  7  1 33 41 96 
16 15  7  1 33 34 42 88 
16 15  7  1 35 43 141 
16 15  7  1 35 36 44 170 
16 15  7  1 37 45 164 
16 15  7  1 37 38 46 125 
16 15  7  1 39 47 74 
16 15  7  1 39 47 48 142 
16 15  7  1 49 90 
16 15  7  1 49 50 90 
16 15  7  1 51 135 
16 15  7  1 51 52 174 
16 15  7  1 53 138 
16 15  7  1 53 54 106 
16 15  7  1 55 82 
16 15  7  1 55 56 116 
16 15  7  1 49 57 134 
16 15  7  1 49 50 58 85 
16 15  7  1 51 59 126 
16 15  7  1 51 59 60 142 
16 15  7  1 53 61 111 
16 15  7  1 53 54 62 88 
16 15  7  1 55 63 73 
16 15  7  1 55 63 64 178 
17  1 85 
17  1  2 76 
17  1  3 111 
17  1  3  4 198 
17  1  5 144 
17  1  5  6 127 
17  1  7 89 
17  1  7  8 94 
17  1  9 68 
17  1  9 10 75 
17  1  3 11 138 
17  1  3 11 12 179 
17  1  5 13 143 
17  1  5  6 14 109 
17  1  7 15 65 
17  1  7 15 16 115 
17 18 85 
17  1 19 123 
17  1 19 20 166 
17  1 21 139 
17  1 21 22 98 
17  1 23 87 
17  1 23 24 122 
17 25 88 
17 18 26 85 
17  1 19 27 153 
17  1 19 20 28 157 
17  1 21 29 146 
17  1 21 22 30 111 
17  1 23 31 85 
17  1 23 31 32 125 
17  1 33 97 
17  1 33 34 94 
17  1 35 143 
17  1 35 36 165 
17  1 37 128 
17  1 37 38 112 
17  1 39 77 
17  1 39 40 131 
17  1 33 41 85 
17  1 33 34 42 89 
17  1 35 43 131 
17  1 35 36 44 172 
17  1 37 45 133 
17  1 37 38 46 113 
17  1 39 47 108 
17  1 39 47 48 116 
17  1 49 74 
17  1 49 50 87 
17  1 51 148 
17  1 51 52 182 
17  1 53 126 
17  1 53 54 116 
17  1 55 65 
17  1 55 56 120 
17  1 49 57 103 
17  1 49 50 58 84 
17  1 51 59 96 
17  1 51 59 60 128 
17  1 53 61 116 
17  1 53 54 62 74 
17  1 55 63 84 
17  1 55 63 64 157 
18 17  1 79 
18 17  1  2 97 
18 17  1  3 143 
18 17  1  3  4 155 
18 17  1  5 155 
18 17  1  5  6 131 
18 17  1  7 90 
18 17  1  7  8 106 
18 17  1  9 80 
18 17  1  9 10 68 
18 17  1  3 11 159 
18 17  1  3 11 12 159 
18 17  1  5 13 160 
18 17  1  5  6 14 110 
18 17  1  7 15 69 
18 17  1  7 15 16 128 
18 17 76 
18 17  1 19 165 
18 17  1 19 20 181 
18 17  1 21 148 
18 17  1 21 22 100 
18 17  1 23 72 
18 17  1 23 24 121 
18 26 25 82 
18 26 104 
18 17  1 19 27 141 
18 17  1 19 20 28 166 
18 17  1 21 29 159 
18 17  1 21 22 30 114 
18 17  1 23 31 100 
18 17  1 23 31 32 140 
18 17  1 33 73 
18 17  1 33 34 87 
18 17  1 35 129 
18 17  1 35 36 147 
18 17  1 37 158 
18 17  1 37 38 124 
18 17  1 39 79 
18 17  1 39 40 154 
18 17  1 33 41 79 
18 17  1 33 34 42 89 
18 17  1 35 43 137 
18 17  1 35 36 44 167 
18 17  1 37 45 164 
18 17  1 37 38 46 121 
18 17  1 39 47 97 
18 17  1 39 47 48 119 
18 17  1 49 86 
18 17  1 49 50 94 
18 17  1 51 115 
18 17  1 51 52 172 
18 17  1 53 130 
18 17  1 53 54 142 
18 17  1 55 75 
18 17  1 55 56 150 
18 17  1 49 57 123 
18 17  1 49 57 58 85 
18 17  1 51 59 92 
18 17  1 51 59 60 129 
18 17  1 53 61 123 
18 17  1 53 61 62 92 
18 17  1 55 63 64 
18 17  1 55 63 64 170 
19  1 78 
19  1  2 88 
19  1  3 124 
19  1  3  4 197 
19  1  5 142 
19  1  5  6 132 
19  1  7 83 
19  1  7  8 91 
19  1  9 77 
19  1  2 10 111 
19  1  3 11 132 
19  1  3  4 12 170 
19  1  5 13 130 
19  1  5  6 14 104 
19  1  7 15 84 
19  1  7  8 16 129 
19  1 17 83 
19  1 17 18 83 
19 20 147 
19  1 21 149 
19  1 21 22 102 
19  1 23 86 
19  1 23 24 129 
19  1 17 25 80 
19  1 17 25 26 99 
19 27 140 
19 20 28 167 
19  1 21 29 143 
19  1 21 29 30 131 
19  1 23 31 80 
19  1 23 31 32 135 
19  1 33 73 
19  1 33 34 89 
19  1 35 121 
19  1 35 36 168 
19  1 37 143 
19  1 37 38 110 
19  1 39 97 
19  1 39 40 143 
19  1 33 41 90 
19  1 33 34 42 95 
19  1 35 43 131 
19  1 35 36 44 188 
19  1 37 45 164 
19  1 37 38 46 134 
19  1 39 47 85 
19  1 39 47 48 134 
19  1 49 85 
19  1 49 50 70 
19  1 51 149 
19  1 51 52 180 
19  1 53 153 
19  1 53 54 122 
19  1 55 67 
19  1 55 56 124 
19  1 49 57 110 
19  1 49 50 58 79 
19  1 51 59 102 
19  1 51 59 60 131 
19  1 53 61 111 
19  1 53 54 62 72 
19  1 55 63 78 
19  1 55 63 64 146 
20 19  1 74 
20 19  1  2 94 
20 19  1  3 160 
20 19  1  3  4 196 
20 19  1  5 147 
20 19  1  5  6 114 
20 19  1  7 80 
20 19  1  7  8 111 
20 19  1  9 90 
20 19  1  9 10 84 
20 19  1  3 11 150 
20 19  1  3  4 12 165 
20 19  1  5 13 119 
20 19  1  5  6 14 108 
20 19  1  7 15 63 
20 19  1  7  8 16 101 
20 19  1 17 86 
20 19  1 17 18 72 
20 19 128 
20 19  1 21 141 
20 19  1 21 22 107 
20 19  1 23 80 
20 19  1 23 24 124 
20 19  1 17 25 78 
20 19  1 17 25 26 89 
20 28 27 126 
20 28 180 
20 19  1 21 29 132 
20 19  1 21 29 30 115 
20 19  1 23 31 85 
20 19  1 23 31 32 114 
20 19  1 33 91 
20 19  1 33 34 92 
20 19  1 35 133 
20 19  1 35 36 174 
20 19  1 37 132 
20 19  1 37 38 100 
20 19  1 39 76 
20 19  1 39 40 134 
20 19  1 33 41 88 
20 19  1 33 34 42 88 
20 19  1 35 43 118 
20 19  1 35 36 44 171 
20 19  1 37 45 138 
20 19  1 37 38 46 109 
20 19  1 39 47 91 
20 19  1 39 47 48 152 
20 19  1 49 83 
20 19  1 49 50 97 
20 19  1 51 140 
20 19  1 51 52 175 
20 19  1 53 149 
20 19  1 53 54 127 
20 19  1 55 73 
20 19  1 55 56 132 
20 19  1 49 57 123 
20 19  1 49 57 58 90 
20 19  1 51 59 115 
20 19  1 51 59 60 109 
20 19  1 53 61 123 
20 19  1 53 54 62 98 
20 19  1 55 63 69 
20 19  1 55 63 64 158 
21  1 72 
21  1  2 98 
21  1  3 124 
21  1  3  4 162 
21  1  5 148 
21  1  5  6 122 
21  1  7 77 
21  1  7  8 103 
21  1  9 76 
21  1  2 10 84 
21  1  3 11 160 
21  1  3  4 12 171 
21  1  5 13 156 
21  1  5  6 14 99 
21  1  7 15 74 
21  1  7  8 16 132 
21  1 17 71 
21  1 17 18 78 
21  1 19 144 
21  1 19 20 150 
21 22 110 
21  1 23 84 
21  1 23 24 116 
21  1 17 25 77 
21  1 17 25 26 76 
21  1 19 27 142 
21  1 19 27 28 147 
21 29 143 
21 22 30 103 
21  1 23 31 65 
21  1 23 31 32 131 
21  1 33 83 
21  1 33 34 94 
21  1 35 119 
21  1 35 36 159 
21  1 37 133 
21  1 37 38 110 
21  1 39 81 
21  1 39 40 127 
21  1 33 41 92 
21  1 33 34 42 94 
21  1 35 43 115 
21  1 35 36 44 154 
21  1 37 45 162 
21  1 37 38 46 110 
21  1 39 47 89 
21  1 39 47 48 134 
21  1 49 85 
21  1 49 50 98 
21  1 51 130 
21  1 51 52 150 
21  1 53 132 
21  1 53 54 117 
21  1 55 71 
21  1 55 56 147 
21  1 49 57 122 
21  1 49 57 58 90 
21  1 51 59 121 
21  1 51 59 60 143 
21  1 53 61 133 
21  1 53 54 62 86 
21  1 55 63 76 
21  1 55 63 64 146 
22 21  1 82 
22 21  1  2 95 
22 21  1  3 135 
22 21  1  3  4 197 
22 21  1  5 138 
22 21  1  5  6 114 
22 21  1  7 92 
22 21  1  7  8 99 
22 21  1  9 92 
22 21  1  2 10 67 
22 21  1  3 11 120 
22 21  1  3  4 12 175 
22 21  1  5 13 156 
22 21  1  5  6 14 109 
22 21  1  7 15 71 
22 21  1  7  8 16 117 
22 21  1 17 53 
22 21  1 17 18 66 
22 21  1 19 138 
22 21  1 19 20 176 
22 21 147 
22 21  1 23 64 
22 21  1 23 24 124 
22 21  1 17 25 75 
22 21  1 17 25 26 85 
22 21  1 19 27 169 
22 21  1 19 27 28 162 
22 30 29 152 
22 30 120 
22 21  1 23 31 88 
22 21  1 23 31 32 134 
22 21  1 33 89 
22 21  1 33 34 100 
22 21  1 35 135 
22 21  1 35 36 156 
22 21  1 37 152 
22 21  1 37 38 98 
22 21  1 39 84 
22 21  1 39 40 140 
22 21  1 33 41 101 
22 21  1 33 34 42 84 
22 21  1 35 43 121 
22 21  1 35 36 44 155 
22 21  1 37 45 133 
22 21  1 37 38 46 103 
22 21  1 39 47 77 
22 21  1 39 47 48 124 
22 21  1 49 80 
22 21  1 49 50 76 
22 21  1 51 133 
22 21  1 51 52 166 
22 21  1 53 155 
22 21  1 53 54 111 
22 21  1 55 80 
22 21  1 55 56 155 
22 21  1 49 57 105 
22 21  1 49 57 58 98 
22 21  1 51 59 114 
22 21  1 51 59 60 157 
22 21  1 53 61 124 
22 21  1 53 54 62 69 
22 21  1 55 63 63 
22 21  1 55 63 64 155 
23  1 78 
23  1  2 85 
23  1  3 133 
23  1  3  4 187 
23  1  5 163 
23  1  5  6 108 
23  1  7 90 
23  1  7  8 110 
23  1  9 71 
23  1  2 10 94 
23  1  3 11 126 
23  1  3  4 12 194 
23  1  5 13 124 
23  1  5  6 14 106 
23  1  7 15 78 
23  1  7  8 16 131 
23  1 17 87 
23  1 17 18 75 
23  1 19 133 
23  1 19 20 169 
23  1 21 138 
23  1 21 22 111 
23 24 133 
23  1 17 25 78 
23  1 17 25 26 68 
23  1 19 27 126 
23  1 19 20 28 134 
23  1 21 29 152 
23  1 21 29 30 102 
23 31 74 
23 31 32 134 
23  1 33 74 
23  1 33 34 82 
23  1 35 128 
23  1 35 36 140 
23  1 37 146 
23  1 37 38 124 
23  1 39 83 
23  1 39 40 130 
23  1 33 41 101 
23  1 33 34 42 94 
23  1 35 43 131 
23  1 35 36 44 168 
23  1 37 45 146 
23  1 37 38 46 113 
23  1 39 47 68 
23  1 39 47 48 132 
23  1 49 84 
23  1 49 50 108 
23  1 51 140 
23  1 51 52 162 
23  1 53 144 
23  1 53 54 127 
23  1 55 80 
23  1 55 56 109 
23  1 49 57 109 
23  1 49 50 58 89 
23  1 51 59 121 
23  1 51 59 60 129 
23  1 53 61 123 
23  1 53 54 62 64 
23  1 55 63 64 
23  1 55 63 64 193 
24 23  1 74 
24 23  1  2 92 
24 23  1  3 122 
24 23  1  3  4 184 
24 23  1  5 158 
24 23  1  5  6 122 
24 23  1  7 90 
24 23  1  7  8 113 
24 23  1  9 83 
24 23  1  2 10 86 
24 23  1  3 11 149 
24 23  1  3  4 12 176 
24 23  1  5 13 126 
24 23  1  5  6 14 108 
24 23  1  7 15 74 
24 23  1  7  8 16 123 
24 23  1 17 67 
24 23  1 17 18 78 
24 23  1 19 139 
24 23  1 19 20 141 
24 23  1 21 148 
24 23  1 21 22 106 
24 23 78 
24 23  1 17 25 94 
24 23  1 17 25 26 76 
24 23  1 19 27 119 
24 23  1 19 20 28 155 
24 23  1 21 29 124 
24 23  1 21 29 30 117 
24 23 31 79 
24 32 141 
24 23  1 33 90 
24 23  1 33 34 90 
24 23  1 35 130 
24 23  1 35 36 191 
24 23  1 37 136 
24 23  1 37 38 114 
24 23  1 39 75 
24 23  1 39 40 129 
24 23  1 33 41 100 
24 23  1 33 34 42 100 
24 23  1 35 43 132 
24 23  1 35 36 44 169 
24 23  1 37 45 170 
24 23  1 37 38 46 120 
24 23  1 39 47 101 
24 23  1 39 47 48 133 
24 23  1 49 85 
24 23  1 49 50 94 
24 23  1 51 136 
24 23  1 51 52 151 
24 23  1 53 131 
24 23  1 53 54 110 
24 23  1 55 75 
24 23  1 55 56 130 
24 23  1 49 57 117 
24 23  1 49 57 58 84 
24 23  1 51 59 122 
24 23  1 51 59 60 134 
24 23  1 53 61 119 
24 23  1 53 54 62 69 
24 23  1 55 63 60 
24 23  1 55 63 64 159 
25 17  1 84 
25 17  1  2 84 
25 17  1  3 130 
25 17  1  3  4 179 
25 17  1  5 147 
25 17  1  5  6 123 
25 17  1  7 78 
25 17  1  7  8 107 
25 17  1  9 76 
25 17  1  2 10 72 
25 17  1  3 11 138 
25 17  1  3  4 12 160 
25 17  1  5 13 148 
25 17  1  5 13 14 109 
25 17  1  7 15 60 
25 17  1  7  8 16 129 
25 17 82 
25 26 18 69 
25 17  1 19 138 
25 17  1 19 20 159 
25 17  1 21 145 
25 17  1 21 22 118 
25 17  1 23 69 
25 17  1 23 24 151 
25 26 98 
25 17  1 19 27 147 
25 17  1 19 20 28 159 
25 17  1 21 29 134 
25 17  1 21 22 30 116 
25 17  1 23 31 73 
25 17  1 23 31 32 120 
25 17  1 33 103 
25 17  1 33 34 103 
25 17  1 35 132 
25 17  1 35 36 141 
25 17  1 37 170 
25 17  1 37 38 108 
25 17  1 39 67 
25 17  1 39 40 147 
25 17  1 33 41 95 
25 17  1 33 34 42 91 
25 17  1 35 43 123 
25 17  1 35 36 44 161 
25 17  1 37 45 155 
25 17  1 37 38 46 137 
25 17  1 39 47 95 
25 17  1 39 47 48 130 
25 17  1 49 84 
25 17  1 49 50 77 
25 17  1 51 129 
25 17  1 51 52 174 
25 17  1 53 158 
25 17  1 53 54 92 
25 17  1 55 70 
25 17  1 55 56 144 
25 17  1 49 57 132 
25 17  1 49 57 58 75 
25 17  1 51 59 135 
25 17  1 51 59 60 120 
25 17  1 53 61 114 
25 17  1 53 54 62 69 
25 17  1 55 63 93 
25 17  1 55 63 64 158 
26 18 17  1 77 
26 18 17  1  2 95 
26 18 17  1  3 136 
26 18 17  1  3  4 178 
26 18 17  1  5 141 
26 18 17  1  5  6 122 
26 18 17  1  7 104 
26 18 17  1  7  8 102 
26 18 17  1  9 89 
26 18 17  1  9 10 80 
26 18 17  1  3 11 124 
26 18 17  1  3  4 12 173 
26 18 17  1  5 13 145 
26 18 17  1  5 13 14 102 
26 18 17  1  7 15 58 
26 18 17  1  7  8 16 136 
26 18 17 75 
26 18 76 
26 18 17  1 19 128 
26 18 17  1 19 20 188 
26 18 17  1 21 136 
26 18 17  1 21 22 98 
26 18 17  1 23 63 
26 18 17  1 23 24 130 
26 25 69 
26 18 17  1 19 27 139 
26 18 17  1 19 20 28 173 
26 18 17  1 21 29 156 
26 18 17  1 21 22 30 101 
26 18 17  1 23 31 80 
26 18 17  1 23 31 32 126 
26 18 17  1 33 78 
26 18 17  1 33 34 97 
26 18 17  1 35 146 
26 18 17  1 35 36 180 
26 18 17  1 37 153 
26 18 17  1 37 38 106 
26 18 17  1 39 73 
26 18 17  1 39 40 138 
26 18 17  1 33 41 93 
26 18 17  1 33 34 42 90 
26 18 17  1 35 43 129 
26 18 17  1 35 36 44 150 
26 18 17  1 37 45 125 
26 18 17  1 37 38 46 110 
26 18 17  1 39 47 81 
26 18 17  1 39 47 48 139 
26 18 17  1 49 87 
26 18 17  1 49 50 98 
26 18 17  1 51 117 
26 18 17  1 51 52 156 
26 18 17  1 53 145 
26 18 17  1 53 54 128 
26 18 17  1 55 64 
26 18 17  1 55 56 126 
26 18 17  1 49 57 103 
26 18 17  1 49 57 58 96 
26 18 17  1 51 59 105 
26 18 17  1 51 59 60 120 
26 18 17  1 53 61 108 
26 18 17  1 53 54 62 92 
26 18 17  1 55 63 69 
26 18 17  1 55 63 64 169 
27 19  1 95 
27 19  1  2 88 
27 19  1  3 140 
27 19  1  3  4 191 
27 19  1  5 150 
27 19  1  5  6 125 
27 19  1  7 73 
27 19  1  7  8 112 
27 19  1  9 77 
27 19  1  2 10 90 
27 19  1  3 11 139 
27 19  1  3  4 12 156 
27 19  1  5 13 146 
27 19  1  5  6 14 111 
27 19  1  7 15 75 
27 19  1  7 15 16 136 
27 19  1 17 73 
27 19  1 17 18 80 
27 19 163 
27 28 20 168 
27 19  1 21 156 
27 19  1 21 22 97 
27 19  1 23 80 
27 19  1 23 24 115 
27 19  1 17 25 80 
27 19  1 17 18 26 90 
27 28 144 
27 19  1 21 29 148 
27 19  1 21 29 30 119 
27 19  1 23 31 105 
27 19  1 23 31 32 145 
27 19  1 33 93 
27 19  1 33 34 92 
27 19  1 35 127 
27 19  1 35 36 176 
27 19  1 37 139 
27 19  1 37 38 133 
27 19  1 39 91 
27 19  1 39 40 155 
27 19  1 33 41 83 
27 19  1 33 34 42 86 
27 19  1 35 43 135 
27 19  1 35 36 44 175 
27 19  1 37 45 129 
27 19  1 37 38 46 106 
27 19  1 39 47 74 
27 19  1 39 47 48 117 
27 19  1 49 91 
27 19  1 49 50 80 
27 19  1 51 149 
27 19  1 51 52 172 
27 19  1 53 140 
27 19  1 53 54 128 
27 19  1 55 65 
27 19  1 55 56 127 
27 19  1 49 57 118 
27 19  1 49 57 58 73 
27 19  1 51 59 106 
27 19  1 51 59 60 136 
27 19  1 53 61 113 
27 19  1 53 54 62 66 
27 19  1 55 63 58 
27 19  1 55 63 64 172 
28 20 19  1 84 
28 20 19  1  2 99 
28 20 19  1  3 131 
28 20 19  1  3  4 191 
28 20 19  1  5 158 
28 20 19  1  5  6 113 
28 20 19  1  7 89 
28 20 19  1  7  8 112 
28 20 19  1  9 86 
28 20 19  1  9 10 82 
28 20 19  1  3 11 119 
28 20 19  1  3  4 12 179 
28 20 19  1  5 13 121 
28 20 19  1  5 13 14 96 
28 20 19  1  7 15 85 
28 20 19  1  7 15 16 141 
28 20 19  1 17 92 
28 20 19  1 17 18 71 
28 20 19 144 
28 20 173 
28 20 19  1 21 142 
28 20 19  1 21 22 96 
28 20 19  1 23 70 
28 20 19  1 23 24 128 
28 20 19  1 17 25 93 
28 20 19  1 17 18 26 104 
28 27 150 
28 20 19  1 21 29 144 
28 20 19  1 21 29 30 119 
28 20 19  1 23 31 76 
28 20 19  1 23 31 32 147 
28 20 19  1 33 72 
28 20 19  1 33 34 108 
28 20 19  1 35 139 
28 20 19  1 35 36 180 
28 20 19  1 37 140 
28 20 19  1 37 38 103 
28 20 19  1 39 82 
28 20 19  1 39 40 134 
28 20 19  1 33 41 78 
28 20 19  1 33 34 42 93 
28 20 19  1 35 43 138 
28 20 19  1 35 36 44 161 
28 20 19  1 37 45 154 
28 20 19  1 37 38 46 115 
28 20 19  1 39 47 77 
28 20 19  1 39 47 48 123 
28 20 19  1 49 63 
28 20 19  1 49 50 89 
28 20 19  1 51 124 
28 20 19  1 51 52 162 
28 20 19  1 53 146 
28 20 19  1 53 54 127 
28 20 19  1 55 77 
28 20 19  1 55 56 138 
28 20 19  1 49 57 121 
28 20 19  1 49 57 58 81 
28 20 19  1 51 59 103 
28 20 19  1 51 59 60 138 
28 20 19  1 53 61 128 
28 20 19  1 53 54 62 72 
28 20 19  1 55 63 66 
28 20 19  1 55 63 64 144 
29 21  1 74 
29 21  1  2 98 
29 21  1  3 111 
29 21  1  3  4 196 
29 21  1  5 149 
29 21  1  5  6 135 
29 21  1  7 98 
29 21  1  7  8 115 
29 21  1  9 74 
29 21  1  2 10 87 
29 21  1  3 11 147 
29 21  1  3  4 12 170 
29 21  1  5 13 144 
29 21  1  5  6 14 110 
29 21  1  7 15 73 
29 21  1  7  8 16 124 
29 21  1 17 76 
29 21  1 17 18 93 
29 21  1 19 162 
29 21  1 19 20 167 
29 21 143 
29 30 22 116 
29 21  1 23 67 
29 21  1 23 24 124 
29 21  1 17 25 78 
29 21  1 17 25 26 66 
29 21  1 19 27 141 
29 21  1 19 20 28 171 
29 30 119 
29 21  1 23 31 76 
29 21  1 23 31 32 128 
29 21  1 33 104 
29 21  1 33 34 93 
29 21  1 35 135 
29 21  1 35 36 167 
29 21  1 37 158 
29 21  1 37 38 110 
29 21  1 39 85 
29 21  1 39 40 134 
29 21  1 33 41 89 
29 21  1 33 34 42 84 
29 21  1 35 43 146 
29 21  1 35 36 44 163 
29 21  1 37 45 160 
29 21  1 37 38 46 108 
29 21  1 39 47 89 
29 21  1 39 47 48 141 
29 21  1 49 76 
29 21  1 49 50 92 
29 21  1 51 122 
29 21  1 51 52 156 
29 21  1 53 142 
29 21  1 53 54 113 
29 21  1 55 81 
29 21  1 55 56 131 
29 21  1 49 57 117 
29 21  1 49 57 58 85 
29 21  1 51 59 109 
29 21  1 51 59 60 138 
29 21  1 53 61 122 
29 21  1 53 54 62 68 
29 21  1 55 63 63 
29 21  1 55 63 64 156 
30 22 21  1 76 
30 22 21  1  2 82 
30 22 21  1  3 135 
30 22 21  1  3  4 191 
30 22 21  1  5 145 
30 22 21  1  5  6 124 
30 22 21  1  7 92 
30 22 21  1  7  8 112 
30 22 21  1  9 83 
30 22 21  1  9 10 81 
30 22 21  1  3 11 114 
30 22 21  1  3 11 12 177 
30 22 21  1  5 13 138 
30 22 21  1  5  6 14 105 
30 22 21  1  7 15 66 
30 22 21  1  7  8 16 154 
30 22 21  1 17 76 
30 22 21  1 17 18 66 
30 22 21  1 19 147 
30 22 21  1 19 20 168 
30 22 21 131 
30 22 103 
30 22 21  1 23 80 
30 22 21  1 23 24 130 
30 22 21  1 17 25 83 
30 22 21  1 17 25 26 83 
30 22 21  1 19 27 129 
30 22 21  1 19 20 28 169 
30 29 139 
30 22 21  1 23 31 100 
30 22 21  1 23 31 32 121 
30 22 21  1 33 91 
30 22 21  1 33 34 87 
30 22 21  1 35 148 
30 22 21  1 35 36 179 
30 22 21  1 37 142 
30 22 21  1 37 38 114 
30 22 21  1 39 79 
30 22 21  1 39 40 148 
30 22 21  1 33 41 81 
30 22 21  1 33 34 42 102 
30 22 21  1 35 43 142 
30 22 21  1 35 36 44 156 
30 22 21  1 37 45 133 
30 22 21  1 37 38 46 100 
30 22 21  1 39 47 74 
30 22 21  1 39 47 48 117 
30 22 21  1 49 87 
30 22 21  1 49 50 83 
30 22 21  1 51 133 
30 22 21  1 51 52 170 
30 22 21  1 53 155 
30 22 21  1 53 54 106 
30 22 21  1 55 71 
30 22 21  1 55 56 142 
30 22 21  1 49 57 92 
30 22 21  1 49 57 58 82 
30 22 21  1 51 59 120 
30 22 21  1 51 59 60 114 
30 22 21  1 53 61 133 
30 22 21  1 53 54 62 86 
30 22 21  1 55 63 74 
30 22 21  1 55 63 64 176 
31 23  1 77 
31 23  1  2 100 
31 23  1  3 134 
31 23  1  3  4 160 
31 23  1  5 134 
31 23  1  5  6 119 
31 23  1  7 108 
31 23  1  7  8 134 
31 23  1  9 75 
31 23  1  2 10 79 
31 23  1  3 11 147 
31 23  1  3  4 12 172 
31 23  1  5 13 148 
31 23  1  5 13 14 116 
31 23  1  7 15 75 
31 23  1  7  8 16 129 
31 23  1 17 91 
31 23  1 17 18 89 
31 23  1 19 126 
31 23  1 19 20 172 
31 23  1 21 156 
31 23  1 21 22 97 
31 23 84 
31 23 24 126 
31 23  1 17 25 74 
31 23  1 17 25 26 74 
31 23  1 19 27 152 
31 23  1 19 20 28 147 
31 23  1 21 29 122 
31 23  1 21 29 30 116 
31 32 134 
31 23  1 33 80 
31 23  1 33 34 100 
31 23  1 35 120 
31 23  1 35 36 169 
31 23  1 37 133 
31 23  1 37 38 102 
31 23  1 39 77 
31 23  1 39 40 129 
31 23  1 33 41 87 
31 23  1 33 34 42 100 
31 23  1 35 43 133 
31 23  1 35 36 44 176 
31 23  1 37 45 132 
31 23  1 37 38 46 98 
31 23  1 39 47 100 
31 23  1 39 47 48 123 
31 23  1 49 87 
31 23  1 49 50 85 
31 23  1 51 118 
31 23  1 51 52 177 
31 23  1 53 141 
31 23  1 53 54 132 
31 23  1 55 80 
31 23  1 55 56 136 
31 23  1 49 57 109 
31 23  1 49 50 58 87 
31 23  1 51 59 138 
31 23  1 51 59 60 132 
31 23  1 53 61 97 
31 23  1 53 54 62 78 
31 23  1 55 63 70 
31 23  1 55 63 64 158 
32 31 23  1 77 
32 31 23  1  2 95 
32 31 23  1  3 135 
32 31 23  1  3  4 164 
32 31 23  1  5 156 
32 31 23  1  5  6 101 
32 31 23  1  7 105 
32 31 23  1  7  8 110 
32 31 23  1  9 81 
32 31 23  1  9 10 89 
32 31 23  1  3 11 132 
32 31 23  1  3  4 12 148 
32 31 23  1  5 13 158 
32 31 23  1  5  6 14 104 
32 31 23  1  7 15 61 
32 31 23  1  7  8 16 132 
32 31 23  1 17 84 
32 31 23  1 17 18 68 
32 31 23  1 19 130 
32 31 23  1 19 20 135 
32 31 23  1 21 156 
32 31 23  1 21 22 101 
32 31 23 72 
32 24 128 
32 31 23  1 17 25 80 
32 31 23  1 17 25 26 93 
32 31 23  1 19 27 135 
32 31 23  1 19 20 28 158 
32 31 23  1 21 29 146 
32 31 23  1 21 29 30 124 
32 31 87 
32 31 23  1 33 91 
32 31 23  1 33 34 94 
32 31 23  1 35 130 
32 31 23  1 35 36 191 
32 31 23  1 37 125 
32 31 23  1 37 38 102 
32 31 23  1 39 83 
32 31 23  1 39 40 114 
32 31 23  1 33 41 97 
32 31 23  1 33 34 42 92 
32 31 23  1 35 43 154 
32 31 23  1 35 36 44 151 
32 31 23  1 37 45 143 
32 31 23  1 37 38 46 127 
32 31 23  1 39 47 95 
32 31 23  1 39 47 48 139 
32 31 23  1 49 79 
32 31 23  1 49 50 85 
32 31 23  1 51 123 
32 31 23  1 51 52 155 
32 31 23  1 53 151 
32 31 23  1 53 54 129 
32 31 23  1 55 68 
32 31 23  1 55 56 146 
32 31 23  1 49 57 114 
32 31 23  1 49 57 58 97 
32 31 23  1 51 59 116 
32 31 23  1 51 59 60 135 
32 31 23  1 53 61 121 
32 31 23  1 53 54 62 88 
32 31 23  1 55 63 76 
32 31 23  1 55 63 64 178 
33  1 76 
33  1  2 96 
33  1  3 119 
33  1  3  4 179 
33  1  5 153 
33  1  5  6 122 
33  1  7 88 
33  1  7  8 114 
33  1  9 97 
33  1  2 10 90 
33  1  3 11 132 
33  1  3  4 12 186 
33  1  5 13 123 
33  1  5 13 14 101 
33  1  7 15 54 
33  1  7 15 16 131 
33  1 17 69 
33  1 17 18 92 
33  1 19 150 
33  1 19 20 166 
33  1 21 148 
33  1 21 22 116 
33  1 23 81 
33  1 23 24 116 
33  1 17 25 82 
33  1 17 18 26 96 
33  1 19 27 117 
33  1 19 20 28 178 
33  1 21 29 149 
33  1 21 29 30 103 
33  1 23 31 80 
33  1 23 31 32 127 
33 34 94 
33  1 35 140 
33  1 35 36 175 
33  1 37 148 
33  1 37 38 117 
33  1 39 83 
33  1 39 40 116 
33 41 88 
33 34 42 104 
33  1 35 43 130 
33  1 35 36 44 172 
33  1 37 45 137 
33  1 37 38 46 95 
33  1 39 47 86 
33  1 39 47 48 120 
33  1 49 85 
33  1 49 50 94 
33  1 51 142 
33  1 51 52 156 
33  1 53 142 
33  1 53 54 125 
33  1 55 85 
33  1 55 56 108 
33  1 49 57 118 
33  1 49 57 58 92 
33  1 51 59 132 
33  1 51 59 60 126 
33  1 53 61 105 
33  1 53 54 62 82 
33  1 55 63 74 
33  1 55 63 64 164 
34 33  1 78 
34 33  1  2 92 
34 33  1  3 151 
34 33  1  3  4 170 
34 33  1  5 164 
34 33  1  5  6 123 
34 33  1  7 83 
34 33  1  7  8 107 
34 33  1  9 86 
34 33  1  9 10 84 
34 33  1  3 11 136 
34 33  1  3 11 12 163 
34 33  1  5 13 152 
34 33  1  5  6 14 116 
34 33  1  7 15 79 
34 33  1  7 15 16 126 
34 33  1 17 70 
34 33  1 17 18 82 
34 33  1 19 156 
34 33  1 19 20 156 
34 33  1 21 148 
34 33  1 21 22 116 
34 33  1 23 64 
34 33  1 23 24 126 
34 33  1 17 25 75 
34 33  1 17 18 26 87 
34 33  1 19 27 153 
34 33  1 19 20 28 190 
34 33  1 21 29 150 
34 33  1 21 29 30 103 
34 33  1 23 31 75 
34 33  1 23 31 32 142 
34 33 81 
34 33  1 35 115 
34 33  1 35 36 163 
34 33  1 37 148 
34 33  1 37 38 132 
34 33  1 39 89 
34 33  1 39 40 157 
34 42 41 99 
34 42 109 
34 33  1 35 43 149 
34 33  1 35 36 44 143 
34 33  1 37 45 136 
34 33  1 37 38 46 134 
34 33  1 39 47 82 
34 33  1 39 47 48 124 
34 33  1 49 82 
34 33  1 49 50 89 
34 33  1 51 133 
34 33  1 51 52 178 
34 33  1 53 132 
34 33  1 53 54 119 
34 33  1 55 85 
34 33  1 55 56 134 
34 33  1 49 57 122 
34 33  1 49 50 58 75 
34 33  1 51 59 114 
34 33  1 51 59 60 140 
34 33  1 53 61 101 
34 33  1 53 54 62 72 
34 33  1 55 63 66 
34 33  1 55 63 64 197 
35  1 83 
35  1  2 87 
35  1  3 131 
35  1  3  4 183 
35  1  5 154 
35  1  5  6 117 
35  1  7 97 
35  1  7  8 96 
35  1  9 82 
35  1  2 10 80 
35  1  3 11 127 
35  1  3  4 12 162 
35  1  5 13 137 
35  1  5  6 14 117 
35  1  7 15 65 
35  1  7  8 16 126 
35  1 17 62 
35  1 17 18 75 
35  1 19 149 
35  1 19 20 162 
35  1 21 148 
35  1 21 22 116 
35  1 23 69 
35  1 23 24 126 
35  1 17 25 77 
35  1 17 18 26 77 
35  1 19 27 164 
35  1 19 20 28 183 
35  1 21 29 138 
35  1 21 29 30 101 
35  1 23 31 79 
35  1 23 24 32 135 
35  1 33 87 
35  1 33 34 103 
35 36 176 
35  1 37 156 
35  1 37 38 134 
35  1 39 76 
35  1 39 40 119 
35  1 33 41 91 
35  1 33 41 42 89 
35 43 139 
35 36 44 152 
35  1 37 45 163 
35  1 37 38 46 119 
35  1 39 47 89 
35  1 39 47 48 127 
35  1 49 84 
35  1 49 50 89 
35  1 51 131 
35  1 51 52 155 
35  1 53 160 
35  1 53 54 106 
35  1 55 73 
35  1 55 56 145 
35  1 49 57 132 
35  1 49 57 58 85 
35  1 51 59 129 
35  1 51 52 60 124 
35  1 53 61 106 
35  1 53 54 62 68 
35  1 55 63 70 
35  1 55 63 64 150 
36 35  1 92 
36 35  1  2 95 
36 35  1  3 128 
36 35  1  3  4 169 
36 35  1  5 172 
36 35  1  5  6 123 
36 35  1  7 92 
36 35  1  7  8 110 
36 35  1  9 88 
36 35  1  9 10 72 
36 35  1  3 11 127 
36 35  1  3  4 12 180 
36 35  1  5 13 153 
36 35  1  5  6 14 100 
36 35  1  7 15 84 
36 35  1  7  8 16 123 
36 35  1 17 60 
36 35  1 17 18 62 
36 35  1 19 146 
36 35  1 19 20 135 
36 35  1 21 139 
36 35  1 21 22 109 
36 35  1 23 73 
36 35  1 23 24 119 
36 35  1 17 25 83 
36 35  1 17 18 26 89 
36 35  1 19 27 128 
36 35  1 19 20 28 178 
36 35  1 21 29 162 
36 35  1 21 29 30 116 
36 35  1 23 31 73 
36 35  1 23 31 32 123 
36 35  1 33 83 
36 35  1 33 34 93 
36 35 136 
36 35  1 37 152 
36 35  1 37 38 106 
36 35  1 39 90 
36 35  1 39 40 143 
36 35  1 33 41 89 
36 35  1 33 41 42 101 
36 44 43 117 
36 44 153 
36 35  1 37 45 133 
36 35  1 37 38 46 115 
36 35  1 39 47 81 
36 35  1 39 47 48 112 
36 35  1 49 76 
36 35  1 49 50 85 
36 35  1 51 124 
36 35  1 51 52 188 
36 35  1 53 153 
36 35  1 53 54 113 
36 35  1 55 71 
36 35  1 55 56 132 
36 35  1 49 57 111 
36 35  1 49 50 58 77 
36 35  1 51 59 98 
36 35  1 51 59 60 137 
36 35  1 53 61 103 
36 35  1 53 54 62 73 
36 35  1 55 63 66 
36 35  1 55 63 64 172 
37  1 79 
37  1  2 100 
37  1  3 126 
37  1  3  4 176 
37  1  5 146 
37  1  5  6 117 
37  1  7 78 
37  1  7  8 113 
37  1  9 85 
37  1  2 10 75 
37  1  3 11 129 
37  1  3  4 12 190 
37  1  5 13 136 
37  1  5  6 14 108 
37  1  7 15 70 
37  1  7 15 16 124 
37  1 17 72 
37  1 17 18 74 
37  1 19 129 
37  1 19 20 191 
37  1 21 129 
37  1 21 22 100 
37  1 23 70 
37  1 23 24 128 
37  1 17 25 81 
37  1 17 25 26 101 
37  1 19 27 156 
37  1 19 27 28 163 
37  1 21 29 147 
37  1 21 29 30 102 
37  1 23 31 74 
37  1 23 24 32 134 
37  1 33 94 
37  1 33 34 89 
37  1 35 114 
37  1 35 36 155 
37 38 109 
37  1 39 68 
37  1 39 40 136 
37  1 33 41 78 
37  1 33 41 42 90 
37  1 35 43 130 
37  1 35 43 44 163 
37 45 138 
37 38 46 127 
37  1 39 47 72 
37  1 39 47 48 141 
37  1 49 91 
37  1 49 50 77 
37  1 51 146 
37  1 51 52 176 
37  1 53 165 
37  1 53 54 115 
37  1 55 85 
37  1 55 56 133 
37  1 49 57 107 
37  1 49 57 58 86 
37  1 51 59 133 
37  1 51 59 60 133 
37  1 53 61 112 
37  1 53 54 62 82 
37  1 55 63 76 
37  1 55 63 64 170 
38 37  1 88 
38 37  1  2 109 
38 37  1  3 139 
38 37  1  3  4 161 
38 37  1  5 177 
38 37  1  5  6 128 
38 37  1  7 90 
38 37  1  7  8 113 
38 37  1  9 76 
38 37  1  2 10 84 
38 37  1  3 11 149 
38 37  1  3  4 12 150 
38 37  1  5 13 150 
38 37  1  5  6 14 105 
38 37  1  7 15 82 
38 37  1  7  8 16 119 
38 37  1 17 75 
38 37  1 17 18 76 
38 37  1 19 140 
38 37  1 19 20 175 
38 37  1 21 148 
38 37  1 21 22 114 
38 37  1 23 61 
38 37  1 23 24 125 
38 37  1 17 25 78 
38 37  1 17 18 26 84 
38 37  1 19 27 108 
38 37  1 19 20 28 168 
38 37  1 21 29 145 
38 37  1 21 29 30 107 
38 37  1 23 31 72 
38 37  1 23 24 32 109 
38 37  1 33 96 
38 37  1 33 34 90 
38 37  1 35 146 
38 37  1 35 36 171 
38 37 148 
38 37  1 39 85 
38 37  1 39 40 152 
38 37  1 33 41 87 
38 37  1 33 34 42 91 
38 37  1 35 43 129 
38 37  1 35 43 44 184 
38 46 45 151 
38 46 121 
38 37  1 39 47 84 
38 37  1 39 47 48 157 
38 37  1 49 85 
38 37  1 49 50 86 
38 37  1 51 140 
38 37  1 51 52 145 
38 37  1 53 115 
38 37  1 53 54 99 
38 37  1 55 95 
38 37  1 55 56 144 
38 37  1 49 57 131 
38 37  1 49 50 58 69 
38 37  1 51 59 100 
38 37  1 51 59 60 126 
38 37  1 53 61 118 
38 37  1 53 54 62 77 
38 37  1 55 63 85 
38 37  1 55 63 64 184 
39  1 68 
39  1  2 110 
39  1  3 139 
39  1  3  4 161 
39  1  5 155 
39  1  5  6 112 
39  1  7 91 
39  1  7  8 100 
39  1  9 88 
39  1  9 10 83 
39  1  3 11 143 
39  1  3 11 12 185 
39  1  5 13 151 
39  1  5  6 14 116 
39  1  7 15 66 
39  1  7 15 16 125 
39  1 17 74 
39  1 17 18 84 
39  1 19 128 
39  1 19 20 167 
39  1 21 138 
39  1 21 22 96 
39  1 23 76 
39  1 23 24 135 
39  1 17 25 84 
39  1 17 25 26 96 
39  1 19 27 142 
39  1 19 20 28 191 
39  1 21 29 131 
39  1 21 29 30 112 
39  1 23 31 100 
39  1 23 24 32 137 
39  1 33 86 
39  1 33 34 80 
39  1 35 140 
39  1 35 36 164 
39  1 37 147 
39  1 37 38 125 
39 40 135 
39  1 33 41 81 
39  1 33 34 42 93 
39  1 35 43 124 
39  1 35 43 44 179 
39  1 37 45 149 
39  1 37 45 46 107 
39 47 81 
39 47 48 118 
39  1 49 71 
39  1 49 50 97 
39  1 51 130 
39  1 51 52 171 
39  1 53 165 
39  1 53 54 111 
39  1 55 67 
39  1 55 56 133 
39  1 49 57 116 
39  1 49 57 58 74 
39  1 51 59 116 
39  1 51 59 60 123 
39  1 53 61 114 
39  1 53 54 62 71 
39  1 55 63 91 
39  1 55 63 64 145 
40 39  1 77 
40 39  1  2 87 
40 39  1  3 131 
40 39  1  3  4 174 
40 39  1  5 160 
40 39  1  5  6 123 
40 39  1  7 90 
40 39  1  7  8 126 
40 39  1  9 85 
40 39  1  9 10 81 
40 39  1  3 11 138 
40 39  1  3 11 12 179 
40 39  1  5 13 132 
40 39  1  5  6 14 117 
40 39  1  7 15 64 
40 39  1  7 15 16 134 
40 39  1 17 72 
40 39  1 17 18 86 
40 39  1 19 133 
40 39  1 19 20 161 
40 39  1 21 124 
40 39  1 21 22 109 
40 39  1 23 77 
40 39  1 23 24 116 
40 39  1 17 25 81 
40 39  1 17 25 26 93 
40 39  1 19 27 154 
40 39  1 19 20 28 153 
40 39  1 21 29 126 
40 39  1 21 29 30 121 
40 39  1 23 31 100 
40 39  1 23 24 32 136 
40 39  1 33 83 
40 39  1 33 34 102 
40 39  1 35 152 
40 39  1 35 36 168 
40 39  1 37 151 
40 39  1 37 38 99 
40 39 84 
40 39  1 33 41 88 
40 39  1 33 34 42 90 
40 39  1 35 43 137 
40 39  1 35 43 44 184 
40 39  1 37 45 146 
40 39  1 37 45 46 95 
40 48 47 92 
40 48 139 
40 39  1 49 93 
40 39  1 49 50 79 
40 39  1 51 158 
40 39  1 51 52 167 
40 39  1 53 146 
40 39  1 53 54 112 
40 39  1 55 90 
40 39  1 55 56 125 
40 39  1 49 57 113 
40 39  1 49 57 58 86 
40 39  1 51 59 106 
40 39  1 51 59 60 134 
40 39  1 53 61 101 
40 39  1 53 54 62 75 
40 39  1 55 63 73 
40 39  1 55 63 64 168 
41 33  1 78 
41 33  1  2 98 
41 33  1  3 156 
41 33  1  3  4 170 
41 33  1  5 163 
41 33  1  5  6 101 
41 33  1  7 80 
41 33  1  7  8 104 
41 33  1  9 96 
41 33  1  9 10 83 
41 33  1  3 11 153 
41 33  1  3 11 12 164 
41 33  1  5 13 155 
41 33  1  5  6 14 119 
41 33  1  7 15 96 
41 33  1  7 15 16 120 
41 33  1 17 79 
41 33  1 17 18 87 
41 33  1 19 143 
41 33  1 19 20 169 
41 33  1 21 146 
41 33  1 21 22 102 
41 33  1 23 84 
41 33  1 23 24 135 
41 33  1 17 25 86 
41 33  1 17 25 26 73 
41 33  1 19 27 141 
41 33  1 19 20 28 147 
41 33  1 21 29 138 
41 33  1 21 29 30 110 
41 33  1 23 31 81 
41 33  1 23 24 32 127 
41 33 92 
41 42 34 91 
41 33  1 35 158 
41 33  1 35 36 176 
41 33  1 37 141 
41 33  1 37 38 132 
41 33  1 39 86 
41 33  1 39 40 143 
41 42 93 
41 33  1 35 43 132 
41 33  1 35 36 44 167 
41 33  1 37 45 139 
41 33  1 37 38 46 97 
41 33  1 39 47 86 
41 33  1 39 47 48 139 
41 33  1 49 83 
41 33  1 49 50 77 
41 33  1 51 140 
41 33  1 51 52 156 
41 33  1 53 144 
41 33  1 53 54 139 
41 33  1 55 72 
41 33  1 55 56 123 
41 33  1 49 57 111 
41 33  1 49 57 58 60 
41 33  1 51 59 117 
41 33  1 51 59 60 149 
41 33  1 53 61 110 
41 33  1 53 54 62 95 
41 33  1 55 63 80 
41 33  1 55 63 64 152 
42 34 33  1 90 
42 34 33  1  2 95 
42 34 33  1  3 146 
42 34 33  1  3  4 166 
42 34 33  1  5 157 
42 34 33  1  5  6 115 
42 34 33  1  7 107 
42 34 33  1  7  8 115 
42 34 33  1  9 81 
42 34 33  1  9 10 93 
42 34 33  1  3 11 124 
42 34 33  1  3 11 12 166 
42 34 33  1  5 13 136 
42 34 33  1  5  6 14 102 
42 34 33  1  7 15 74 
42 34 33  1  7  8 16 145 
42 34 33  1 17 70 
42 34 33  1 17 18 66 
42 34 33  1 19 152 
42 34 33  1 19 20 168 
42 34 33  1 21 152 
42 34 33  1 21 22 110 
42 34 33  1 23 68 
42 34 33  1 23 24 122 
42 34 33  1 17 25 70 
42 34 33  1 17 25 26 75 
42 34 33  1 19 27 126 
42 34 33  1 19 20 28 181 
42 34 33  1 21 29 134 
42 34 33  1 21 29 30 103 
42 34 33  1 23 31 69 
42 34 33  1 23 24 32 134 
42 34 33 91 
42 34 81 
42 34 33  1 35 134 
42 34 33  1 35 36 185 
42 34 33  1 37 151 
42 34 33  1 37 38 105 
42 34 33  1 39 86 
42 34 33  1 39 40 137 
42 41 82 
42 34 33  1 35 43 140 
42 34 33  1 35 36 44 175 
42 34 33  1 37 45 149 
42 34 33  1 37 38 46 128 
42 34 33  1 39 47 79 
42 34 33  1 39 40 48 144 
42 34 33  1 49 90 
42 34 33  1 49 50 93 
42 34 33  1 51 144 
42 34 33  1 51 52 157 
42 34 33  1 53 135 
42 34 33  1 53 54 87 
42 34 33  1 55 56 
42 34 33  1 55 56 143 
42 34 33  1 49 57 131 
42 34 33  1 49 57 58 89 
42 34 33  1 51 59 128 
42 34 33  1 51 59 60 132 
42 34 33  1 53 61 113 
42 34 33  1 53 54 62 76 
42 34 33  1 55 63 79 
42 34 33  1 55 63 64 167 
43 35  1 80 
43 35  1  2 101 
43 35  1  3 132 
43 35  1  3  4 172 
43 35  1  5 155 
43 35  1  5  6 133 
43 35  1  7 94 
43 35  1  7  8 113 
43 35  1  9 73 
43 35  1  2 10 99 
43 35  1  3 11 140 
43 35  1  3  4 12 169 
43 35  1  5 13 143 
43 35  1  5  6 14 120 
43 35  1  7 15 76 
43 35  1  7  8 16 136 
43 35  1 17 86 
43 35  1 17 18 74 
43 35  1 19 137 
43 35  1 19 20 164 
43 35  1 21 146 
43 35  1 21 22 94 
43 35  1 23 64 
43 35  1 23 24 124 
43 35  1 17 25 76 
43 35  1 17 18 26 80 
43 35  1 19 27 138 
43 35  1 19 27 28 173 
43 35  1 21 29 150 
43 35  1 21 29 30 121 
43 35  1 23 31 94 
43 35  1 23 24 32 135 
43 35  1 33 86 
43 35  1 33 34 77 
43 35 149 
43 44 36 153 
43 35  1 37 171 
43 35  1 37 38 127 
43 35  1 39 79 
43 35  1 39 40 125 
43 35  1 33 41 96 
43 35  1 33 41 42 100 
43 44 152 
43 35  1 37 45 158 
43 35  1 37 38 46 116 
43 35  1 39 47 75 
43 35  1 39 47 48 117 
43 35  1 49 82 
43 35  1 49 50 86 
43 35  1 51 127 
43 35  1 51 52 180 
43 35  1 53 127 
43 35  1 53 54 117 
43 35  1 55 74 
43 35  1 55 56 129 
43 35  1 49 57 123 
43 35  1 49 50 58 82 
43 35  1 51 59 127 
43 35  1 51 59 60 132 
43 35  1 53 61 113 
43 35  1 53 54 62 87 
43 35  1 55 63 86 
43 35  1 55 63 64 166 
44 36 35  1 76 
44 36 35  1  2 84 
44 36 35  1  3 124 
44 36 35  1  3  4 188 
44 36 35  1  5 151 
44 36 35  1  5  6 120 
44 36 35  1  7 84 
44 36 35  1  7  8 96 
44 36 35  1  9 69 
44 36 35  1  2 10 90 
44 36 35  1  3 11 126 
44 36 35  1  3  4 12 173 
44 36 35  1  5 13 145 
44 36 35  1  5  6 14 110 
44 36 35  1  7 15 87 
44 36 35  1  7  8 16 165 
44 36 35  1 17 106 
44 36 35  1 17 18 90 
44 36 35  1 19 135 
44 36 35  1 19 20 152 
44 36 35  1 21 136 
44 36 35  1 21 22 108 
44 36 35  1 23 73 
44 36 35  1 23 24 137 
44 36 35  1 17 25 95 
44 36 35  1 17 25 26 77 
44 36 35  1 19 27 126 
44 36 35  1 19 20 28 142 
44 36 35  1 21 29 122 
44 36 35  1 21 29 30 116 
44 36 35  1 23 31 75 
44 36 35  1 23 31 32 139 
44 36 35  1 33 81 
44 36 35  1 33 34 77 
44 36 35 122 
44 36 179 
44 36 35  1 37 154 
44 36 35  1 37 38 119 
44 36 35  1 39 84 
44 36 35  1 39 40 134 
44 36 35  1 33 41 93 
44 36 35  1 33 34 42 113 
44 43 140 
44 36 35  1 37 45 140 
44 36 35  1 37 38 46 129 
44 36 35  1 39 47 75 
44 36 35  1 39 47 48 136 
44 36 35  1 49 97 
44 36 35  1 49 50 84 
44 36 35  1 51 132 
44 36 35  1 51 52 154 
44 36 35  1 53 184 
44 36 35  1 53 54 118 
44 36 35  1 55 79 
44 36 35  1 55 56 140 
44 36 35  1 49 57 102 
44 36 35  1 49 50 58 105 
44 36 35  1 51 59 126 
44 36 35  1 51 59 60 124 
44 36 35  1 53 61 123 
44 36 35  1 53 54 62 71 
44 36 35  1 55 63 80 
44 36 35  1 55 63 64 164 
45 37  1 74 
45 37  1  2 92 
45 37  1  3 154 
45 37  1  3  4 183 
45 37  1  5 168 
45 37  1  5  6 122 
45 37  1  7 95 
45 37  1  7  8 101 
45 37  1  9 79 
45 37  1  9 10 84 
45 37  1  3 11 119 
45 37  1  3  4 12 163 
45 37  1  5 13 136 
45 37  1  5  6 14 98 
45 37  1  7 15 58 
45 37  1  7  8 16 140 
45 37  1 17 63 
45 37  1 17 18 75 
45 37  1 19 132 
45 37  1 19 20 165 
45 37  1 21 138 
45 37  1 21 22 118 
45 37  1 23 68 
45 37  1 23 24 130 
45 37  1 17 25 79 
45 37  1 17 18 26 82 
45 37  1 19 27 143 
45 37  1 19 27 28 157 
45 37  1 21 29 135 
45 37  1 21 29 30 114 
45 37  1 23 31 76 
45 37  1 23 24 32 125 
45 37  1 33 103 
45 37  1 33 34 86 
45 37  1 35 122 
45 37  1 35 36 151 
45 37 148 
45 46 38 131 
45 37  1 39 68 
45 37  1 39 40 129 
45 37  1 33 41 94 
45 37  1 33 41 42 107 
45 37  1 35 43 131 
45 37  1 35 43 44 160 
45 46 113 
45 37  1 39 47 77 
45 37  1 39 47 48 136 
45 37  1 49 83 
45 37  1 49 50 76 
45 37  1 51 129 
45 37  1 51 52 157 
45 37  1 53 162 
45 37  1 53 54 131 
45 37  1 55 67 
45 37  1 55 56 113 
45 37  1 49 57 106 
45 37  1 49 57 58 67 
45 37  1 51 59 119 
45 37  1 51 59 60 153 
45 37  1 53 61 107 
45 37  1 53 54 62 78 
45 37  1 55 63 69 
45 37  1 55 63 64 162 
46 38 37  1 75 
46 38 37  1  2 110 
46 38 37  1  3 131 
46 38 37  1  3  4 156 
46 38 37  1  5 174 
46 38 37  1  5  6 98 
46 38 37  1  7 81 
46 38 37  1  7  8 117 
46 38 37  1  9 83 
46 38 37  1  2 10 83 
46 38 37  1  3 11 129 
46 38 37  1  3  4 12 162 
46 38 37  1  5 13 147 
46 38 37  1  5  6 14 88 
46 38 37  1  7 15 63 
46 38 37  1  7  8 16 135 
46 38 37  1 17 71 
46 38 37  1 17 18 71 
46 38 37  1 19 143 
46 38 37  1 19 20 160 
46 38 37  1 21 132 
46 38 37  1 21 22 123 
46 38 37  1 23 85 
46 38 37  1 23 24 157 
46 38 37  1 17 25 71 
46 38 37  1 17 25 26 96 
46 38 37  1 19 27 131 
46 38 37  1 19 20 28 172 
46 38 37  1 21 29 134 
46 38 37  1 21 29 30 108 
46 38 37  1 23 31 79 
46 38 37  1 23 24 32 128 
46 38 37  1 33 86 
46 38 37  1 33 34 85 
46 38 37  1 35 125 
46 38 37  1 35 36 158 
46 38 37 140 
46 38 103 
46 38 37  1 39 79 
46 38 37  1 39 40 148 
46 38 37  1 33 41 84 
46 38 37  1 33 41 42 88 
46 38 37  1 35 43 150 
46 38 37  1 35 43 44 166 
46 45 145 
46 38 37  1 39 47 74 
46 38 37  1 39 47 48 141 
46 38 37  1 49 69 
46 38 37  1 49 50 95 
46 38 37  1 51 131 
46 38 37  1 51 52 192 
46 38 37  1 53 136 
46 38 37  1 53 54 109 
46 38 37  1 55 92 
46 38 37  1 55 56 150 
46 38 37  1 49 57 117 
46 38 37  1 49 50 58 68 
46 38 37  1 51 59 101 
46 38 37  1 51 59 60 130 
46 38 37  1 53 61 107 
46 38 37  1 53 54 62 75 
46 38 37  1 55 63 77 
46 38 37  1 55 63 64 168 
47 39  1 76 
47 39  1  2 102 
47 39  1  3 141 
47 39  1  3  4 167 
47 39  1  5 137 
47 39  1  5  6 115 
47 39  1  7 83 
47 39  1  7  8 101 
47 39  1  9 87 
47 39  1  2 10 84 
47 39  1  3 11 145 
47 39  1  3  4 12 165 
47 39  1  5 13 151 
47 39  1  5 13 14 114 
47 39  1  7 15 74 
47 39  1  7  8 16 127 
47 39  1 17 81 
47 39  1 17 18 77 
47 39  1 19 139 
47 39  1 19 20 154 
47 39  1 21 144 
47 39  1 21 22 96 
47 39  1 23 74 
47 39  1 23 24 147 
47 39  1 17 25 95 
47 39  1 17 25 26 82 
47 39  1 19 27 139 
47 39  1 19 27 28 171 
47 39  1 21 29 139 
47 39  1 21 29 30 98 
47 39  1 23 31 84 
47 39  1 23 24 32 129 
47 39  1 33 97 
47 39  1 33 34 93 
47 39  1 35 125 
47 39  1 35 36 143 
47 39  1 37 136 
47 39  1 37 38 101 
47 39 86 
47 48 40 129 
47 39  1 33 41 97 
47 39  1 33 34 42 75 
47 39  1 35 43 153 
47 39  1 35 43 44 146 
47 39  1 37 45 134 
47 39  1 37 45 46 100 
47 48 119 
47 39  1 49 75 
47 39  1 49 50 98 
47 39  1 51 147 
47 39  1 51 52 159 
47 39  1 53 142 
47 39  1 53 54 109 
47 39  1 55 92 
47 39  1 55 56 129 
47 39  1 49 57 131 
47 39  1 49 57 58 96 
47 39  1 51 59 118 
47 39  1 51 59 60 135 
47 39  1 53 61 125 
47 39  1 53 54 62 67 
47 39  1 55 63 69 
47 39  1 55 63 64 149 
48 47 39  1 87 
48 47 39  1  2 83 
48 47 39  1  3 127 
48 47 39  1  3  4 198 
48 47 39  1  5 156 
48 47 39  1  5  6 103 
48 47 39  1  7 87 
48 47 39  1  7  8 93 
48 47 39  1  9 80 
48 47 39  1  2 10 87 
48 47 39  1  3 11 134 
48 47 39  1  3 11 12 195 
48 47 39  1  5 13 121 
48 47 39  1  5  6 14 94 
48 47 39  1  7 15 61 
48 47 39  1  7 15 16 133 
48 47 39  1 17 92 
48 47 39  1 17 18 90 
48 47 39  1 19 134 
48 47 39  1 19 20 161 
48 47 39  1 21 136 
48 47 39  1 21 22 125 
48 47 39  1 23 79 
48 47 39  1 23 24 120 
48 47 39  1 17 25 96 
48 47 39  1 17 18 26 84 
48 47 39  1 19 27 154 
48 47 39  1 19 20 28 164 
48 47 39  1 21 29 146 
48 47 39  1 21 29 30 114 
48 47 39  1 23 31 83 
48 47 39  1 23 24 32 116 
48 47 39  1 33 98 
48 47 39  1 33 34 114 
48 47 39  1 35 125 
48 47 39  1 35 36 160 
48 47 39  1 37 141 
48 47 39  1 37 38 116 
48 47 39 88 
48 40 140 
48 47 39  1 33 41 85 
48 47 39  1 33 41 42 103 
48 47 39  1 35 43 132 
48 47 39  1 35 36 44 189 
48 47 39  1 37 45 140 
48 47 39  1 37 45 46 107 
48 47 105 
48 47 39  1 49 76 
48 47 39  1 49 50 94 
48 47 39  1 51 150 
48 47 39  1 51 52 173 
48 47 39  1 53 129 
48 47 39  1 53 54 122 
48 47 39  1 55 64 
48 47 39  1 55 56 136 
48 47 39  1 49 57 124 
48 47 39  1 49 57 58 78 
48 47 39  1 51 59 140 
48 47 39  1 51 59 60 143 
48 47 39  1 53 61 110 
48 47 39  1 53 54 62 69 
48 47 39  1 55 63 56 
48 47 39  1 55 63 64 170 
49  1 81 
49  1  2 83 
49  1  3 125 
49  1  3  4 160 
49  1  5 136 
49  1  5  6 133 
49  1  7 84 
49  1  7  8 116 
49  1  9 91 
49  1  9 10 90 
49  1  3 11 125 
49  1  3 11 12 166 
49  1  5 13 147 
49  1  5  6 14 100 
49  1  7 15 79 
49  1  7 15 16 135 
49  1 17 67 
49  1 17 18 69 
49  1 19 136 
49  1 19 20 174 
49  1 21 146 
49  1 21 22 109 
49  1 23 68 
49  1 23 24 134 
49  1 17 25 82 
49  1 17 25 26 95 
49  1 19 27 154 
49  1 19 27 28 155 
49  1 21 29 137 
49  1 21 29 30 116 
49  1 23 31 88 
49  1 23 24 32 134 
49  1 33 80 
49  1 33 34 85 
49  1 35 137 
49  1 35 36 153 
49  1 37 169 
49  1 37 38 96 
49  1 39 82 
49  1 39 40 112 
49  1 33 41 88 
49  1 33 41 42 87 
49  1 35 43 138 
49  1 35 36 44 203 
49  1 37 45 149 
49  1 37 45 46 109 
49  1 39 47 95 
49  1 39 47 48 116 
49 50 80 
49  1 51 123 
49  1 51 52 163 
49  1 53 134 
49  1 53 54 123 
49  1 55 73 
49  1 55 56 136 
49 57 111 
49 50 58 78 
49  1 51 59 111 
49  1 51 59 60 129 
49  1 53 61 132 
49  1 53 54 62 83 
49  1 55 63 68 
49  1 55 63 64 179 
50 49  1 83 
50 49  1  2 106 
50 49  1  3 140 
50 49  1  3  4 195 
50 49  1  5 152 
50 49  1  5  6 121 
50 49  1  7 82 
50 49  1  7  8 125 
50 49  1  9 69 
50 49  1  9 10 73 
50 49  1  3 11 123 
50 49  1  3 11 12 182 
50 49  1  5 13 153 
50 49  1  5  6 14 116 
50 49  1  7 15 68 
50 49  1  7  8 16 132 
50 49  1 17 70 
50 49  1 17 18 100 
50 49  1 19 124 
50 49  1 19 20 186 
50 49  1 21 133 
50 49  1 21 22 115 
50 49  1 23 83 
50 49  1 23 24 127 
50 49  1 17 25 84 
50 49  1 17 18 26 79 
50 49  1 19 27 137 
50 49  1 19 20 28 165 
50 49  1 21 29 150 
50 49  1 21 29 30 104 
50 49  1 23 31 92 
50 49  1 23 24 32 141 
50 49  1 33 91 
50 49  1 33 34 96 
50 49  1 35 139 
50 49  1 35 36 196 
50 49  1 37 150 
50 49  1 37 38 111 
50 49  1 39 87 
50 49  1 39 40 139 
50 49  1 33 41 97 
50 49  1 33 41 42 106 
50 49  1 35 43 161 
50 49  1 35 36 44 143 
50 49  1 37 45 132 
50 49  1 37 45 46 121 
50 49  1 39 47 84 
50 49  1 39 40 48 159 
50 49 87 
50 49  1 51 125 
50 49  1 51 52 178 
50 49  1 53 169 
50 49  1 53 54 124 
50 49  1 55 59 
50 49  1 55 56 140 
50 58 57 119 
50 58 94 
50 49  1 51 59 116 
50 49  1 51 59 60 142 
50 49  1 53 61 118 
50 49  1 53 54 62 68 
50 49  1 55 63 66 
50 49  1 55 63 64 175 
51  1 68 
51  1  2 83 
51  1  3 122 
51  1  3  4 179 
51  1  5 150 
51  1  5  6 114 
51  1  7 81 
51  1  7  8 100 
51  1  9 77 
51  1  9 10 92 
51  1  3 11 142 
51  1  3 11 12 180 
51  1  5 13 130 
51  1  5  6 14 112 
51  1  7 15 62 
51  1  7  8 16 124 
51  1 17 69 
51  1 17 18 77 
51  1 19 143 
51  1 19 20 170 
51  1 21 127 
51  1 21 22 90 
51  1 23 84 
51  1 23 24 126 
51  1 17 25 75 
51  1 17 18 26 100 
51  1 19 27 153 
51  1 19 27 28 132 
51  1 21 29 146 
51  1 21 29 30 101 
51  1 23 31 69 
51  1 23 31 32 135 
51  1 33 100 
51  1 33 34 90 
51  1 35 135 
51  1 35 36 164 
51  1 37 147 
51  1 37 38 119 
51  1 39 83 
51  1 39 40 144 
51  1 33 41 84 
51  1 33 41 42 94 
51  1 35 43 150 
51  1 35 43 44 145 
51  1 37 45 160 
51  1 37 45 46 113 
51  1 39 47 98 
51  1 39 47 48 152 
51  1 49 90 
51  1 49 50 87 
51 52 166 
51  1 53 133 
51  1 53 54 110 
51  1 55 72 
51  1 55 56 137 
51  1 49 57 131 
51  1 49 50 58 84 
51 59 120 
51 59 60 141 
51  1 53 61 112 
51  1 53 54 62 75 
51  1 55 63 60 
51  1 55 63 64 158 
52 51  1 81 
52 51  1  2 103 
52 51  1  3 132 
52 51  1  3  4 171 
52 51  1  5 152 
52 51  1  5  6 130 
52 51  1  7 80 
52 51  1  7  8 109 
52 51  1  9 81 
52 51  1  2 10 74 
52 51  1  3 11 118 
52 51  1  3 11 12 146 
52 51  1  5 13 119 
52 51  1  5  6 14 101 
52 51  1  7 15 73 
52 51  1  7 15 16 118 
52 51  1 17 69 
52 51  1 17 18 70 
52 51  1 19 156 
52 51  1 19 20 176 
52 51  1 21 132 
52 51  1 21 22 105 
52 51  1 23 64 
52 51  1 23 24 144 
52 51  1 17 25 79 
52 51  1 17 18 26 83 
52 51  1 19 27 134 
52 51  1 19 27 28 164 
52 51  1 21 29 140 
52 51  1 21 29 30 121 
52 51  1 23 31 84 
52 51  1 23 24 32 137 
52 51  1 33 85 
52 51  1 33 34 85 
52 51  1 35 135 
52 51  1 35 36 162 
52 51  1 37 148 
52 51  1 37 38 105 
52 51  1 39 87 
52 51  1 39 40 129 
52 51  1 33 41 92 
52 51  1 33 41 42 114 
52 51  1 35 43 117 
52 51  1 35 43 44 187 
52 51  1 37 45 137 
52 51  1 37 45 46 126 
52 51  1 39 47 80 
52 51  1 39 40 48 128 
52 51  1 49 69 
52 51  1 49 50 87 
52 51 109 
52 51  1 53 141 
52 51  1 53 54 124 
52 51  1 55 70 
52 51  1 55 56 138 
52 51  1 49 57 106 
52 51  1 49 50 58 93 
52 60 59 115 
52 60 129 
52 51  1 53 61 109 
52 51  1 53 54 62 76 
52 51  1 55 63 77 
52 51  1 55 63 64 174 
53  1 87 
53  1  2 97 
53  1  3 133 
53  1  3  4 188 
53  1  5 134 
53  1  5  6 124 
53  1  7 90 
53  1  7  8 101 
53  1  9 93 
53  1  2 10 102 
53  1  3 11 143 
53  1  3  4 12 151 
53  1  5 13 152 
53  1  5  6 14 111 
53  1  7 15 72 
53  1  7 15 16 106 
53  1 17 88 
53  1 17 18 75 
53  1 19 136 
53  1 19 20 157 
53  1 21 143 
53  1 21 22 115 
53  1 23 76 
53  1 23 24 121 
53  1 17 25 74 
53  1 17 18 26 73 
53  1 19 27 150 
53  1 19 20 28 149 
53  1 21 29 121 
53  1 21 29 30 104 
53  1 23 31 98 
53  1 23 24 32 128 
53  1 33 87 
53  1 33 34 102 
53  1 35 150 
53  1 35 36 189 
53  1 37 155 
53  1 37 38 115 
53  1 39 86 
53  1 39 40 130 
53  1 33 41 90 
53  1 33 41 42 108 
53  1 35 43 136 
53  1 35 36 44 212 
53  1 37 45 147 
53  1 37 45 46 105 
53  1 39 47 91 
53  1 39 40 48 151 
53  1 49 98 
53  1 49 50 98 
53  1 51 142 
53  1 51 52 181 
53 54 133 
53  1 55 92 
53  1 55 56 159 
53  1 49 57 122 
53  1 49 50 58 100 
53  1 51 59 116 
53  1 51 59 60 142 
53 61 120 
53 61 62 64 
53  1 55 63 87 
53  1 55 63 64 180 
54 53  1 77 
54 53  1  2 89 
54 53  1  3 131 
54 53  1  3  4 155 
54 53  1  5 146 
54 53  1  5  6 120 
54 53  1  7 94 
54 53  1  7  8 104 
54 53  1  9 59 
54 53  1  2 10 93 
54 53  1  3 11 130 
54 53  1  3  4 12 174 
54 53  1  5 13 136 
54 53  1  5  6 14 117 
54 53  1  7 15 71 
54 53  1  7  8 16 130 
54 53  1 17 69 
54 53  1 17 18 76 
54 53  1 19 118 
54 53  1 19 20 150 
54 53  1 21 148 
54 53  1 21 22 103 
54 53  1 23 79 
54 53  1 23 24 112 
54 53  1 17 25 84 
54 53  1 17 18 26 83 
54 53  1 19 27 142 
54 53  1 19 20 28 172 
54 53  1 21 29 151 
54 53  1 21 29 30 114 
54 53  1 23 31 73 
54 53  1 23 31 32 147 
54 53  1 33 90 
54 53  1 33 34 82 
54 53  1 35 122 
54 53  1 35 36 156 
54 53  1 37 157 
54 53  1 37 38 108 
54 53  1 39 79 
54 53  1 39 40 122 
54 53  1 33 41 96 
54 53  1 33 41 42 91 
54 53  1 35 43 131 
54 53  1 35 43 44 133 
54 53  1 37 45 156 
54 53  1 37 45 46 109 
54 53  1 39 47 96 
54 53  1 39 47 48 164 
54 53  1 49 79 
54 53  1 49 50 76 
54 53  1 51 130 
54 53  1 51 52 164 
54 53 145 
54 53  1 55 73 
54 53  1 55 56 135 
54 53  1 49 57 107 
54 53  1 49 50 58 65 
54 53  1 51 59 116 
54 53  1 51 59 60 149 
54 62 61 106 
54 62 78 
54 53  1 55 63 63 
54 53  1 55 63 64 167 
55  1 85 
55  1  2 100 
55  1  3 140 
55  1  3  4 166 
55  1  5 155 
55  1  5  6 111 
55  1  7 98 
55  1  7  8 122 
55  1  9 85 
55  1  2 10 75 
55  1  3 11 131 
55  1  3  4 12 144 
55  1  5 13 155 
55  1  5  6 14 102 
55  1  7 15 94 
55  1  7  8 16 129 
55  1 17 73 
55  1 17 18 87 
55  1 19 144 
55  1 19 20 171 
55  1 21 174 
55  1 21 22 91 
55  1 23 74 
55  1 23 24 136 
55  1 17 25 72 
55  1 17 18 26 88 
55  1 19 27 124 
55  1 19 20 28 154 
55  1 21 29 149 
55  1 21 29 30 132 
55  1 23 31 86 
55  1 23 24 32 101 
55  1 33 82 
55  1 33 34 98 
55  1 35 136 
55  1 35 36 190 
55  1 37 170 
55  1 37 38 143 
55  1 39 84 
55  1 39 40 149 
55  1 33 41 85 
55  1 33 41 42 101 
55  1 35 43 146 
55  1 35 36 44 142 
55  1 37 45 138 
55  1 37 45 46 120 
55  1 39 47 79 
55  1 39 47 48 138 
55  1 49 75 
55  1 49 50 81 
55  1 51 145 
55  1 51 52 170 
55  1 53 177 
55  1 53 54 119 
55 56 168 
55  1 49 57 140 
55  1 49 50 58 79 
55  1 51 59 102 
55  1 51 59 60 152 
55  1 53 61 117 
55  1 53 54 62 92 
55 63 68 
55 63 64 163 
56 55  1 99 
56 55  1  2 86 
56 55  1  3 149 
56 55  1  3  4 193 
56 55  1  5 135 
56 55  1  5  6 114 
56 55  1  7 85 
56 55  1  7  8 97 
56 55  1  9 86 
56 55  1  2 10 93 
56 55  1  3 11 145 
56 55  1  3  4 12 148 
56 55  1  5 13 155 
56 55  1  5  6 14 98 
56 55  1  7 15 68 
56 55  1  7  8 16 109 
56 55  1 17 73 
56 55  1 17 18 75 
56 55  1 19 135 
56 55  1 19 20 158 
56 55  1 21 147 
56 55  1 21 22 121 
56 55  1 23 61 
56 55  1 23 24 129 
56 55  1 17 25 80 
56 55  1 17 18 26 101 
56 55  1 19 27 148 
56 55  1 19 20 28 167 
56 55  1 21 29 130 
56 55  1 21 29 30 87 
56 55  1 23 31 91 
56 55  1 23 24 32 128 
56 55  1 33 93 
56 55  1 33 34 89 
56 55  1 35 152 
56 55  1 35 36 188 
56 55  1 37 153 
56 55  1 37 38 113 
56 55  1 39 93 
56 55  1 39 40 148 
56 55  1 33 41 87 
56 55  1 33 41 42 89 
56 55  1 35 43 126 
56 55  1 35 43 44 172 
56 55  1 37 45 138 
56 55  1 37 45 46 123 
56 55  1 39 47 81 
56 55  1 39 47 48 124 
56 55  1 49 91 
56 55  1 49 50 76 
56 55  1 51 144 
56 55  1 51 52 171 
56 55  1 53 135 
56 55  1 53 54 101 
56 55 71 
56 55  1 49 57 106 
56 55  1 49 50 58 102 
56 55  1 51 59 136 
56 55  1 51 59 60 140 
56 55  1 53 61 106 
56 55  1 53 54 62 78 
56 64 63 81 
56 64 152 
57 49  1 89 
57 49  1  2 101 
57 49  1  3 143 
57 49  1  3  4 172 
57 49  1  5 171 
57 49  1  5  6 95 
57 49  1  7 93 
57 49  1  7  8 105 
57 49  1  9 63 
57 49  1  2 10 87 
57 49  1  3 11 137 
57 49  1  3  4 12 157 
57 49  1  5 13 127 
57 49  1  5  6 14 106 
57 49  1  7 15 82 
57 49  1  7  8 16 125 
57 49  1 17 80 
57 49  1 17 18 74 
57 49  1 19 121 
57 49  1 19 20 178 
57 49  1 21 129 
57 49  1 21 22 113 
57 49  1 23 70 
57 49  1 23 24 113 
57 49  1 17 25 92 
57 49  1 17 18 26 91 
57 49  1 19 27 124 
57 49  1 19 20 28 134 
57 49  1 21 29 151 
57 49  1 21 29 30 126 
57 49  1 23 31 83 
57 49  1 23 24 32 124 
57 49  1 33 111 
57 49  1 33 34 91 
57 49  1 35 132 
57 49  1 35 36 166 
57 49  1 37 143 
57 49  1 37 38 94 
57 49  1 39 88 
57 49  1 39 40 113 
57 49  1 33 41 87 
57 49  1 33 41 42 92 
57 49  1 35 43 130 
57 49  1 35 43 44 174 
57 49  1 37 45 128 
57 49  1 37 45 46 106 
57 49  1 39 47 87 
57 49  1 39 40 48 135 
57 49 85 
57 58 50 86 
57 49  1 51 146 
57 49  1 51 52 190 
57 49  1 53 153 
57 49  1 53 54 111 
57 49  1 55 74 
57 49  1 55 56 121 
57 58 89 
57 49  1 51 59 117 
57 49  1 51 59 60 135 
57 49  1 53 61 122 
57 49  1 53 54 62 65 
57 49  1 55 63 60 
57 49  1 55 63 64 157 
58 57 49  1 71 
58 57 49  1  2 99 
58 57 49  1  3 111 
58 57 49  1  3  4 176 
58 57 49  1  5 132 
58 57 49  1  5  6 130 
58 57 49  1  7 84 
58 57 49  1  7  8 119 
58 57 49  1  9 100 
58 57 49  1  9 10 115 
58 57 49  1  3 11 117 
58 57 49  1  3 11 12 184 
58 57 49  1  5 13 130 
58 57 49  1  5  6 14 111 
58 57 49  1  7 15 74 
58 57 49  1  7  8 16 126 
58 57 49  1 17 91 
58 57 49  1 17 18 74 
58 57 49  1 19 139 
58 57 49  1 19 20 184 
58 57 49  1 21 135 
58 57 49  1 21 22 95 
58 57 49  1 23 79 
58 57 49  1 23 24 125 
58 57 49  1 17 25 71 
58 57 49  1 17 18 26 78 
58 57 49  1 19 27 141 
58 57 49  1 19 20 28 169 
58 57 49  1 21 29 123 
58 57 49  1 21 29 30 103 
58 57 49  1 23 31 85 
58 57 49  1 23 24 32 148 
58 57 49  1 33 84 
58 57 49  1 33 34 97 
58 57 49  1 35 118 
58 57 49  1 35 36 183 
58 57 49  1 37 159 
58 57 49  1 37 38 127 
58 57 49  1 39 90 
58 57 49  1 39 40 140 
58 57 49  1 33 41 105 
58 57 49  1 33 41 42 107 
58 57 49  1 35 43 140 
58 57 49  1 35 43 44 163 
58 57 49  1 37 45 145 
58 57 49  1 37 45 46 114 
58 57 49  1 39 47 80 
58 57 49  1 39 47 48 125 
58 57 49 94 
58 50 84 
58 57 49  1 51 124 
58 57 49  1 51 52 157 
58 57 49  1 53 137 
58 57 49  1 53 54 104 
58 57 49  1 55 79 
58 57 49  1 55 56 129 
58 57 106 
58 57 49  1 51 59 108 
58 57 49  1 51 59 60 113 
58 57 49  1 53 61 130 
58 57 49  1 53 54 62 67 
58 57 49  1 55 63 69 
58 57 49  1 55 63 64 151 
59 51  1 73 
59 51  1  2 96 
59 51  1  3 120 
59 51  1  3  4 189 
59 51  1  5 159 
59 51  1  5  6 132 
59 51  1  7 99 
59 51  1  7  8 97 
59 51  1  9 76 
59 51  1  2 10 83 
59 51  1  3 11 142 
59 51  1  3  4 12 175 
59 51  1  5 13 128 
59 51  1  5  6 14 105 
59 51  1  7 15 61 
59 51  1  7  8 16 127 
59 51  1 17 72 
59 51  1 17 18 79 
59 51  1 19 148 
59 51  1 19 20 155 
59 51  1 21 164 
59 51  1 21 22 110 
59 51  1 23 83 
59 51  1 23 24 126 
59 51  1 17 25 88 
59 51  1 17 18 26 90 
59 51  1 19 27 145 
59 51  1 19 20 28 173 
59 51  1 21 29 135 
59 51  1 21 29 30 127 
59 51  1 23 31 67 
59 51  1 23 24 32 135 
59 51  1 33 87 
59 51  1 33 34 100 
59 51  1 35 116 
59 51  1 35 36 156 
59 51  1 37 174 
59 51  1 37 38 104 
59 51  1 39 82 
59 51  1 39 40 121 
59 51  1 33 41 90 
59 51  1 33 41 42 92 
59 51  1 35 43 144 
59 51  1 35 43 44 167 
59 51  1 37 45 148 
59 51  1 37 45 46 121 
59 51  1 39 47 78 
59 51  1 39 40 48 156 
59 51  1 49 77 
59 51  1 49 50 82 
59 51 127 
59 60 52 156 
59 51  1 53 130 
59 51  1 53 54 114 
59 51  1 55 73 
59 51  1 55 56 121 
59 51  1 49 57 96 
59 51  1 49 50 58 96 
59 60 132 
59 51  1 53 61 110 
59 51  1 53 54 62 74 
59 51  1 55 63 79 
59 51  1 55 63 64 145 
60 59 51  1 84 
60 59 51  1  2 81 
60 59 51  1  3 121 
60 59 51  1  3  4 181 
60 59 51  1  5 155 
60 59 51  1  5  6 119 
60 59 51  1  7 95 
60 59 51  1  7  8 113 
60 59 51  1  9 79 
60 59 51  1  9 10 65 
60 59 51  1  3 11 117 
60 59 51  1  3 11 12 160 
60 59 51  1  5 13 162 
60 59 51  1  5  6 14 106 
60 59 51  1  7 15 89 
60 59 51  1  7  8 16 124 
60 59 51  1 17 79 
60 59 51  1 17 18 71 
60 59 51  1 19 140 
60 59 51  1 19 20 168 
60 59 51  1 21 147 
60 59 51  1 21 22 123 
60 59 51  1 23 72 
60 59 51  1 23 24 121 
60 59 51  1 17 25 83 
60 59 51  1 17 18 26 92 
60 59 51  1 19 27 135 
60 59 51  1 19 20 28 178 
60 59 51  1 21 29 156 
60 59 51  1 21 29 30 134 
60 59 51  1 23 31 82 
60 59 51  1 23 24 32 115 
60 59 51  1 33 88 
60 59 51  1 33 34 100 
60 59 51  1 35 121 
60 59 51  1 35 36 170 
60 59 51  1 37 149 
60 59 51  1 37 38 110 
60 59 51  1 39 81 
60 59 51  1 39 40 140 
60 59 51  1 33 41 102 
60 59 51  1 33 41 42 89 
60 59 51  1 35 43 137 
60 59 51  1 35 43 44 175 
60 59 51  1 37 45 142 
60 59 51  1 37 45 46 105 
60 59 51  1 39 47 89 
60 59 51  1 39 40 48 124 
60 59 51  1 49 104 
60 59 51  1 49 50 101 
60 59 51 130 
60 52 152 
60 59 51  1 53 135 
60 59 51  1 53 54 104 
60 59 51  1 55 72 
60 59 51  1 55 56 136 
60 59 51  1 49 57 119 
60 59 51  1 49 50 58 78 
60 59 106 
60 59 51  1 53 61 125 
60 59 51  1 53 54 62 61 
60 59 51  1 55 63 67 
60 59 51  1 55 63 64 180 
61 53  1 82 
61 53  1  2 90 
61 53  1  3 108 
61 53  1  3  4 178 
61 53  1  5 144 
61 53  1  5  6 119 
61 53  1  7 99 
61 53  1  7  8 108 
61 53  1  9 83 
61 53  1  9 10 73 
61 53  1  3 11 151 
61 53  1  3 11 12 173 
61 53  1  5 13 158 
61 53  1  5  6 14 104 
61 53  1  7 15 81 
61 53  1  7  8 16 135 
61 53  1 17 74 
61 53  1 17 18 87 
61 53  1 19 154 
61 53  1 19 20 158 
61 53  1 21 141 
61 53  1 21 22 120 
61 53  1 23 88 
61 53  1 23 24 132 
61 53  1 17 25 88 
61 53  1 17 18 26 84 
61 53  1 19 27 131 
61 53  1 19 20 28 165 
61 53  1 21 29 145 
61 53  1 21 29 30 105 
61 53  1 23 31 86 
61 53  1 23 24 32 129 
61 53  1 33 83 
61 53  1 33 34 90 
61 53  1 35 131 
61 53  1 35 36 171 
61 53  1 37 142 
61 53  1 37 38 125 
61 53  1 39 86 
61 53  1 39 40 112 
61 53  1 33 41 84 
61 53  1 33 41 42 102 
61 53  1 35 43 140 
61 53  1 35 43 44 144 
61 53  1 37 45 132 
61 53  1 37 45 46 110 
61 53  1 39 47 70 
61 53  1 39 40 48 137 
61 53  1 49 93 
61 53  1 49 50 87 
61 53  1 51 156 
61 53  1 51 52 156 
61 53 145 
61 62 54 130 
61 53  1 55 70 
61 53  1 55 56 150 
61 53  1 49 57 119 
61 53  1 49 50 58 84 
61 53  1 51 59 115 
61 53  1 51 59 60 131 
61 62 68 
61 53  1 55 63 68 
61 53  1 55 63 64 187 
62 61 53  1 83 
62 61 53  1  2 84 
62 61 53  1  3 142 
62 61 53  1  3  4 188 
62 61 53  1  5 169 
62 61 53  1  5  6 94 
62 61 53  1  7 77 
62 61 53  1  7  8 106 
62 61 53  1  9 86 
62 61 53  1  2 10 82 
62 61 53  1  3 11 144 
62 61 53  1  3  4 12 162 
62 61 53  1  5 13 146 
62 61 53  1  5  6 14 135 
62 61 53  1  7 15 67 
62 61 53  1  7  8 16 139 
62 61 53  1 17 80 
62 61 53  1 17 18 75 
62 61 53  1 19 124 
62 61 53  1 19 20 166 
62 61 53  1 21 132 
62 61 53  1 21 22 123 
62 61 53  1 23 75 
62 61 53  1 23 24 132 
62 61 53  1 17 25 82 
62 61 53  1 17 18 26 75 
62 61 53  1 19 27 123 
62 61 53  1 19 20 28 176 
62 61 53  1 21 29 140 
62 61 53  1 21 29 30 103 
62 61 53  1 23 31 96 
62 61 53  1 23 24 32 132 
62 61 53  1 33 93 
62 61 53  1 33 34 92 
62 61 53  1 35 158 
62 61 53  1 35 36 171 
62 61 53  1 37 137 
62 61 53  1 37 38 104 
62 61 53  1 39 85 
62 61 53  1 39 40 129 
62 61 53  1 33 41 94 
62 61 53  1 33 41 42 82 
62 61 53  1 35 43 118 
62 61 53  1 35 43 44 166 
62 61 53  1 37 45 136 
62 61 53  1 37 45 46 113 
62 61 53  1 39 47 87 
62 61 53  1 39 47 48 147 
62 61 53  1 49 87 
62 61 53  1 49 50 80 
62 61 53  1 51 140 
62 61 53  1 51 52 160 
62 61 53 140 
62 54 120 
62 61 53  1 55 67 
62 61 53  1 55 56 126 
62 61 53  1 49 57 115 
62 61 53  1 49 50 58 82 
62 61 53  1 51 59 117 
62 61 53  1 51 59 60 152 
62 61 118 
62 61 53  1 55 63 57 
62 61 53  1 55 63 64 154 
63 55  1 87 
63 55  1  2 100 
63 55  1  3 149 
63 55  1  3  4 152 
63 55  1  5 143 
63 55  1  5  6 125 
63 55  1  7 89 
63 55  1  7  8 120 
63 55  1  9 96 
63 55  1  2 10 92 
63 55  1  3 11 117 
63 55  1  3  4 12 166 
63 55  1  5 13 142 
63 55  1  5  6 14 120 
63 55  1  7 15 58 
63 55  1  7  8 16 119 
63 55  1 17 70 
63 55  1 17 18 80 
63 55  1 19 124 
63 55  1 19 20 156 
63 55  1 21 127 
63 55  1 21 22 95 
63 55  1 23 83 
63 55  1 23 24 137 
63 55  1 17 25 100 
63 55  1 17 18 26 90 
63 55  1 19 27 128 
63 55  1 19 20 28 157 
63 55  1 21 29 131 
63 55  1 21 29 30 111 
63 55  1 23 31 97 
63 55  1 23 24 32 144 
63 55  1 33 76 
63 55  1 33 34 83 
63 55  1 35 123 
63 55  1 35 36 163 
63 55  1 37 132 
63 55  1 37 38 102 
63 55  1 39 93 
63 55  1 39 40 125 
63 55  1 33 41 100 
63 55  1 33 41 42 115 
63 55  1 35 43 137 
63 55  1 35 43 44 174 
63 55  1 37 45 137 
63 55  1 37 45 46 109 
63 55  1 39 47 83 
63 55  1 39 47 48 133 
63 55  1 49 94 
63 55  1 49 50 89 
63 55  1 51 127 
63 55  1 51 52 217 
63 55  1 53 150 
63 55  1 53 54 95 
63 55 67 
63 64 56 137 
63 55  1 49 57 100 
63 55  1 49 50 58 81 
63 55  1 51 59 116 
63 55  1 51 59 60 123 
63 55  1 53 61 125 
63 55  1 53 54 62 69 
63 64 151 
64 63 55  1 79 
64 63 55  1  2 87 
64 63 55  1  3 131 
64 63 55  1  3  4 169 
64 63 55  1  5 148 
64 63 55  1  5  6 110 
64 63 55  1  7 85 
64 63 55  1  7  8 116 
64 63 55  1  9 82 
64 63 55  1  9 10 85 
64 63 55  1  3 11 127 
64 63 55  1  3 11 12 178 
64 63 55  1  5 13 162 
64 63 55  1  5  6 14 105 
64 63 55  1  7 15 76 
64 63 55  1  7  8 16 142 
64 63 55  1 17 68 
64 63 55  1 17 18 72 
64 63 55  1 19 140 
64 63 55  1 19 20 179 
64 63 55  1 21 139 
64 63 55  1 21 22 116 
64 63 55  1 23 71 
64 63 55  1 23 24 112 
64 63 55  1 17 25 89 
64 63 55  1 17 18 26 80 
64 63 55  1 19 27 125 
64 63 55  1 19 20 28 155 
64 63 55  1 21 29 123 
64 63 55  1 21 29 30 118 
64 63 55  1 23 31 94 
64 63 55  1 23 24 32 109 
64 63 55  1 33 92 
64 63 55  1 33 34 85 
64 63 55  1 35 124 
64 63 55  1 35 36 176 
64 63 55  1 37 140 
64 63 55  1 37 38 112 
64 63 55  1 39 93 
64 63 55  1 39 40 135 
64 63 55  1 33 41 104 
64 63 55  1 33 41 42 96 
64 63 55  1 35 43 127 
64 63 55  1 35 43 44 161 
64 63 55  1 37 45 140 
64 63 55  1 37 45 46 107 
64 63 55  1 39 47 72 
64 63 55  1 39 47 48 131 
64 63 55  1 49 111 
64 63 55  1 49 50 89 
64 63 55  1 51 145 
64 63 55  1 51 52 169 
64 63 55  1 53 159 
64 63 55  1 53 54 97 
64 63 55 61 
64 56 140 
64 63 55  1 49 57 116 
64 63 55  1 49 50 58 87 
64 63 55  1 51 59 116 
64 63 55  1 51 59 60 133 
64 63 55  1 53 61 124 
64 63 55  1 53 54 62 76 
64 63 67 
