 1  2 72 
 1  3 57 
 1  3  4 47 
 1  5 66 
 1  5  6 47 
 1  7 60 
 1  7  8 53 
 1  9 49 
 1  2 10 58 
 1  3 11 68 
 1  3 11 12 68 
 1  5 13 50 
 1  5  6 14 57 
 1  7 15 60 
 1  7  8 16 56 
 1 17 52 
 1 17 18 56 
 1 19 57 
 1 19 20 60 
 1 21 46 
 1 21 22 64 
 1 23 63 
 1 23 24 60 
 1 17 25 44 
 1 17 25 26 61 
 1 19 27 57 
 1 19 20 28 64 
 1 21 29 55 
 1 21 29 30 50 
 1 23 31 72 
 1 23 31 32 40 
 1 33 61 
 1 33 34 57 
 1 35 44 
 1 35 36 60 
 1 37 62 
 1 37 38 66 
 1 39 49 
 1 39 40 52 
 1 33 41 66 
 1 33 41 42 55 
 1 35 43 54 
 1 35 43 44 46 
 1 37 45 65 
 1 37 45 46 68 
 1 39 47 58 
 1 39 47 48 63 
 1 49 62 
 1 49 50 64 
 1 51 51 
 1 51 52 50 
 1 53 45 
 1 53 54 53 
 1 55 58 
 1 55 56 68 
 1 49 57 53 
 1 49 57 58 63 
 1 51 59 72 
 1 51 59 60 74 
 1 53 61 65 
 1 53 54 62 48 
 1 55 63 58 
 1 55 63 64 62 
 2  1 63 
 2  1  3 60 
 2  1  3  4 63 
 2  1  5 55 
 2  1  5  6 60 
 2  1  7 54 
 2  1  7  8 58 
 2 10  9 46 
 2 10 69 
 2  1  3 11 68 
 2  1  3 11 12 44 
 2  1  5 13 39 
 2  1  5  6 14 57 
 2  1  7 15 67 
 2  1  7  8 16 56 
 2  1 17 64 
 2  1 17 18 64 
 2  1 19 63 
 2  1 19 20 50 
 2  1 21 59 
 2  1 21 22 61 
 2  1 23 54 
 2  1 23 24 60 
 2  1 17 25 64 
 2  1 17 25 26 56 
 2  1 19 27 52 
 2  1 19 20 28 66 
 2  1 21 29 52 
 2  1 21 29 30 59 
 2  1 23 31 59 
 2  1 23 31 32 56 
 2  1 33 59 
 2  1 33 34 62 
 2  1 35 59 
 2  1 35 36 59 
 2  1 37 49 
 2  1 37 38 59 
 2  1 39 63 
 2  1 39 40 74 
 2  1 33 41 51 
 2  1 33 41 42 69 
 2  1 35 43 67 
 2  1 35 43 44 59 
 2  1 37 45 56 
 2  1 37 45 46 57 
 2  1 39 47 54 
 2  1 39 47 48 42 
 2  1 49 51 
 2  1 49 50 77 
 2  1 51 59 
 2  1 51 52 54 
 2  1 53 73 
 2  1 53 54 66 
 2  1 55 64 
 2  1 55 56 61 
 2  1 49 57 53 
 2  1 49 57 58 55 
 2  1 51 59 73 
 2  1 51 52 60 58 
 2  1 53 61 60 
 2  1 53 54 62 72 
 2  1 55 63 65 
 2  1 55 63 64 69 
 3  1 66 
 3  1  2 67 
 3  4 51 
 3  1  5 58 
 3  1  5  6 45 
 3  1  7 57 
 3  1  7  8 59 
 3  1  9 58 
 3  1  2 10 44 
 3 11 57 
 3 11 12 61 
 3  1  5 13 60 
 3  1  5  6 14 58 
 3  1  7 15 42 
 3  1  7  8 16 60 
 3  1 17 48 
 3  1 17 18 63 
 3  1 19 47 
 3  1 19 20 66 
 3  1 21 68 
 3  1 21 22 65 
 3  1 23 55 
 3  1 23 24 53 
 3  1 17 25 63 
 3  1 17 25 26 51 
 3  1 19 27 54 
 3  1 19 20 28 54 
 3  1 21 29 59 
 3  1 21 29 30 76 
 3  1 23 31 51 
 3  1 23 31 32 45 
 3  1 33 73 
 3  1 33 34 67 
 3  1 35 56 
 3  1 35 36 69 
 3  1 37 59 
 3  1 37 38 48 
 3  1 39 71 
 3  1 39 40 41 
 3  1 33 41 61 
 3  1 33 41 42 59 
 3  1 35 43 64 
 3  1 35 43 44 53 
 3  1 37 45 60 
 3  1 37 45 46 76 
 3  1 39 47 53 
 3  1 39 47 48 82 
 3  1 49 53 
 3  1 49 50 56 
 3  1 51 59 
 3  1 51 52 52 
 3  1 53 54 
 3  1 53 54 48 
 3  1 55 43 
 3  1 55 56 57 
 3  1 49 57 56 
 3  1 49 57 58 59 
 3  1 51 59 66 
 3  1 51 59 60 67 
 3  1 53 61 64 
 3  1 53 54 62 55 
 3  1 55 63 73 
 3  1 55 56 64 68 
 4  3  1 45 
 4  3  1  2 45 
 4  3 76 
 4  3  1  5 68 
 4  3  1  5  6 59 
 4  3  1  7 53 
 4  3  1  7  8 52 
 4  3  1  9 53 
 4  3  1  2 10 59 
 4 12 11 49 
 4 12 49 
 4  3  1  5 13 49 
 4  3  1  5  6 14 50 
 4  3  1  7 15 45 
 4  3  1  7  8 16 68 
 4  3  1 17 69 
 4  3  1 17 18 69 
 4  3  1 19 61 
 4  3  1 19 20 58 
 4  3  1 21 46 
 4  3  1 21 22 72 
 4  3  1 23 60 
 4  3  1 23 24 70 
 4  3  1 17 25 56 
 4  3  1 17 25 26 45 
 4  3  1 19 27 68 
 4  3  1 19 20 28 52 
 4  3  1 21 29 58 
 4  3  1 21 29 30 69 
 4  3  1 23 31 48 
 4  3  1 23 31 32 46 
 4  3  1 33 61 
 4  3  1 33 34 63 
 4  3  1 35 61 
 4  3  1 35 36 55 
 4  3  1 37 63 
 4  3  1 37 38 60 
 4  3  1 39 70 
 4  3  1 39 40 57 
 4  3  1 33 41 74 
 4  3  1 33 41 42 67 
 4  3  1 35 43 51 
 4  3  1 35 43 44 66 
 4  3  1 37 45 62 
 4  3  1 37 45 46 65 
 4  3  1 39 47 60 
 4  3  1 39 47 48 64 
 4  3  1 49 55 
 4  3  1 49 50 58 
 4  3  1 51 61 
 4  3  1 51 52 50 
 4  3  1 53 68 
 4  3  1 53 54 77 
 4  3  1 55 55 
 4  3  1 55 56 47 
 4  3  1 49 57 57 
 4  3  1 49 57 58 57 
 4  3  1 51 59 65 
 4  3  1 51 52 60 51 
 4  3  1 53 61 78 
 4  3  1 53 61 62 83 
 4  3  1 55 63 71 
 4  3  1 55 56 64 53 
 5  1 62 
 5  1  2 56 
 5  1  3 55 
 5  1  3  4 55 
 5  6 61 
 5  1  7 47 
 5  1  7  8 57 
 5  1  9 62 
 5  1  2 10 60 
 5  1  3 11 66 
 5  1  3  4 12 51 
 5 13 54 
 5  6 14 68 
 5  1  7 15 58 
 5  1  7  8 16 49 
 5  1 17 48 
 5  1 17 18 73 
 5  1 19 57 
 5  1 19 20 48 
 5  1 21 70 
 5  1 21 22 74 
 5  1 23 62 
 5  1 23 24 66 
 5  1 17 25 64 
 5  1 17 25 26 69 
 5  1 19 27 50 
 5  1 19 20 28 54 
 5  1 21 29 58 
 5  1 21 29 30 70 
 5  1 23 31 52 
 5  1 23 31 32 50 
 5  1 33 60 
 5  1 33 34 64 
 5  1 35 60 
 5  1 35 36 55 
 5  1 37 58 
 5  1 37 38 65 
 5  1 39 39 
 5  1 39 40 65 
 5  1 33 41 58 
 5  1 33 41 42 53 
 5  1 35 43 57 
 5  1 35 43 44 53 
 5  1 37 45 47 
 5  1 37 45 46 48 
 5  1 39 47 50 
 5  1 39 47 48 58 
 5  1 49 39 
 5  1 49 50 56 
 5  1 51 48 
 5  1 51 52 68 
 5  1 53 56 
 5  1 53 54 71 
 5  1 55 58 
 5  1 55 56 68 
 5  1 49 57 58 
 5  1 49 57 58 46 
 5  1 51 59 63 
 5  1 51 52 60 55 
 5  1 53 61 62 
 5  1 53 61 62 61 
 5  1 55 63 51 
 5  1 55 63 64 75 
 6  5  1 69 
 6  5  1  2 66 
 6  5  1  3 55 
 6  5  1  3  4 58 
 6  5 61 
 6  5  1  7 73 
 6  5  1  7  8 47 
 6  5  1  9 57 
 6  5  1  9 10 59 
 6  5  1  3 11 60 
 6  5  1  3  4 12 50 
 6 14 13 71 
 6 14 61 
 6  5  1  7 15 68 
 6  5  1  7 15 16 57 
 6  5  1 17 59 
 6  5  1 17 18 55 
 6  5  1 19 72 
 6  5  1 19 20 52 
 6  5  1 21 49 
 6  5  1 21 22 76 
 6  5  1 23 77 
 6  5  1 23 24 56 
 6  5  1 17 25 73 
 6  5  1 17 25 26 51 
 6  5  1 19 27 63 
 6  5  1 19 20 28 57 
 6  5  1 21 29 53 
 6  5  1 21 29 30 40 
 6  5  1 23 31 48 
 6  5  1 23 31 32 57 
 6  5  1 33 59 
 6  5  1 33 34 50 
 6  5  1 35 72 
 6  5  1 35 36 57 
 6  5  1 37 58 
 6  5  1 37 38 56 
 6  5  1 39 50 
 6  5  1 39 40 57 
 6  5  1 33 41 49 
 6  5  1 33 41 42 56 
 6  5  1 35 43 58 
 6  5  1 35 43 44 45 
 6  5  1 37 45 56 
 6  5  1 37 45 46 55 
 6  5  1 39 47 34 
 6  5  1 39 47 48 66 
 6  5  1 49 57 
 6  5  1 49 50 64 
 6  5  1 51 68 
 6  5  1 51 52 49 
 6  5  1 53 56 
 6  5  1 53 54 54 
 6  5  1 55 60 
 6  5  1 55 56 52 
 6  5  1 49 57 47 
 6  5  1 49 57 58 66 
 6  5  1 51 59 60 
 6  5  1 51 59 60 62 
 6  5  1 53 61 69 
 6  5  1 53 54 62 53 
 6  5  1 55 63 43 
 6  5  1 55 56 64 53 
 7  1 45 
 7  1  2 55 
 7  1  3 67 
 7  1  3  4 60 
 7  1  5 60 
 7  1  5  6 52 
 7  8 57 
 7  1  9 62 
 7  1  2 10 56 
 7  1  3 11 68 
 7  1  3  4 12 66 
 7  1  5 13 57 
 7  1  5  6 14 41 
 7 15 46 
 7  8 16 56 
 7  1 17 63 
 7  1 17 18 49 
 7  1 19 77 
 7  1 19 20 47 
 7  1 21 46 
 7  1 21 22 54 
 7  1 23 66 
 7  1 23 24 62 
 7  1 17 25 55 
 7  1 17 25 26 62 
 7  1 19 27 58 
 7  1 19 20 28 50 
 7  1 21 29 67 
 7  1 21 29 30 45 
 7  1 23 31 56 
 7  1 23 31 32 71 
 7  1 33 68 
 7  1 33 34 42 
 7  1 35 52 
 7  1 35 36 73 
 7  1 37 52 
 7  1 37 38 54 
 7  1 39 76 
 7  1 39 40 54 
 7  1 33 41 55 
 7  1 33 41 42 61 
 7  1 35 43 60 
 7  1 35 43 44 62 
 7  1 37 45 59 
 7  1 37 45 46 39 
 7  1 39 47 59 
 7  1 39 47 48 50 
 7  1 49 65 
 7  1 49 50 67 
 7  1 51 66 
 7  1 51 52 68 
 7  1 53 40 
 7  1 53 54 48 
 7  1 55 62 
 7  1 55 56 56 
 7  1 49 57 63 
 7  1 49 57 58 60 
 7  1 51 59 62 
 7  1 51 52 60 64 
 7  1 53 61 60 
 7  1 53 54 62 51 
 7  1 55 63 64 
 7  1 55 63 64 68 
 8  7  1 62 
 8  7  1  2 51 
 8  7  1  3 55 
 8  7  1  3  4 53 
 8  7  1  5 53 
 8  7  1  5  6 61 
 8  7 52 
 8  7  1  9 63 
 8  7  1  9 10 55 
 8  7  1  3 11 60 
 8  7  1  3 11 12 66 
 8  7  1  5 13 63 
 8  7  1  5 13 14 64 
 8 16 15 63 
 8 16 76 
 8  7  1 17 50 
 8  7  1 17 18 60 
 8  7  1 19 59 
 8  7  1 19 20 51 
 8  7  1 21 61 
 8  7  1 21 22 69 
 8  7  1 23 58 
 8  7  1 23 24 53 
 8  7  1 17 25 56 
 8  7  1 17 25 26 65 
 8  7  1 19 27 59 
 8  7  1 19 20 28 71 
 8  7  1 21 29 64 
 8  7  1 21 29 30 50 
 8  7  1 23 31 79 
 8  7  1 23 31 32 55 
 8  7  1 33 50 
 8  7  1 33 34 57 
 8  7  1 35 49 
 8  7  1 35 36 55 
 8  7  1 37 75 
 8  7  1 37 38 60 
 8  7  1 39 53 
 8  7  1 39 40 63 
 8  7  1 33 41 65 
 8  7  1 33 41 42 59 
 8  7  1 35 43 35 
 8  7  1 35 43 44 50 
 8  7  1 37 45 62 
 8  7  1 37 45 46 59 
 8  7  1 39 47 60 
 8  7  1 39 47 48 70 
 8  7  1 49 52 
 8  7  1 49 50 67 
 8  7  1 51 64 
 8  7  1 51 52 57 
 8  7  1 53 61 
 8  7  1 53 54 56 
 8  7  1 55 59 
 8  7  1 55 56 79 
 8  7  1 49 57 69 
 8  7  1 49 57 58 62 
 8  7  1 51 59 48 
 8  7  1 51 59 60 72 
 8  7  1 53 61 52 
 8  7  1 53 54 62 59 
 8  7  1 55 63 51 
 8  7  1 55 63 64 63 
 9  1 63 
 9 10  2 50 
 9  1  3 81 
 9  1  3  4 69 
 9  1  5 55 
 9  1  5  6 60 
 9  1  7 69 
 9  1  7  8 60 
 9 10 51 
 9  1  3 11 67 
 9  1  3 11 12 48 
 9  1  5 13 43 
 9  1  5  6 14 69 
 9  1  7 15 60 
 9  1  7  8 16 76 
 9  1 17 58 
 9  1 17 18 54 
 9  1 19 52 
 9  1 19 20 59 
 9  1 21 45 
 9  1 21 22 61 
 9  1 23 60 
 9  1 23 24 54 
 9  1 17 25 66 
 9  1 17 25 26 65 
 9  1 19 27 55 
 9  1 19 20 28 64 
 9  1 21 29 46 
 9  1 21 29 30 48 
 9  1 23 31 71 
 9  1 23 31 32 39 
 9  1 33 61 
 9  1 33 34 67 
 9  1 35 46 
 9  1 35 36 49 
 9  1 37 52 
 9  1 37 38 82 
 9  1 39 53 
 9  1 39 40 49 
 9  1 33 41 48 
 9  1 33 41 42 56 
 9  1 35 43 47 
 9  1 35 43 44 76 
 9  1 37 45 66 
 9  1 37 45 46 58 
 9  1 39 47 60 
 9  1 39 47 48 69 
 9  1 49 50 
 9  1 49 50 47 
 9  1 51 46 
 9  1 51 52 74 
 9  1 53 61 
 9  1 53 54 48 
 9  1 55 64 
 9  1 55 56 74 
 9  1 49 57 56 
 9  1 49 57 58 78 
 9  1 51 59 49 
 9  1 51 59 60 57 
 9  1 53 61 39 
 9  1 53 54 62 55 
 9  1 55 63 62 
 9  1 55 63 64 59 
10  2  1 71 
10  2 68 
10  2  1  3 59 
10  2  1  3  4 74 
10  2  1  5 60 
10  2  1  5  6 52 
10  2  1  7 48 
10  2  1  7  8 60 
10  9 68 
10  2  1  3 11 56 
10  2  1  3 11 12 68 
10  2  1  5 13 61 
10  2  1  5  6 14 55 
10  2  1  7 15 57 
10  2  1  7  8 16 59 
10  2  1 17 61 
10  2  1 17 18 62 
10  2  1 19 80 
10  2  1 19 20 58 
10  2  1 21 66 
10  2  1 21 22 54 
10  2  1 23 55 
10  2  1 23 24 65 
10  2  1 17 25 62 
10  2  1 17 25 26 55 
10  2  1 19 27 55 
10  2  1 19 20 28 58 
10  2  1 21 29 49 
10  2  1 21 29 30 65 
10  2  1 23 31 58 
10  2  1 23 31 32 51 
10  2  1 33 50 
10  2  1 33 34 70 
10  2  1 35 63 
10  2  1 35 36 50 
10  2  1 37 68 
10  2  1 37 38 59 
10  2  1 39 58 
10  2  1 39 40 60 
10  2  1 33 41 54 
10  2  1 33 41 42 54 
10  2  1 35 43 52 
10  2  1 35 43 44 52 
10  2  1 37 45 52 
10  2  1 37 45 46 59 
10  2  1 39 47 68 
10  2  1 39 47 48 55 
10  2  1 49 58 
10  2  1 49 50 35 
10  2  1 51 54 
10  2  1 51 52 54 
10  2  1 53 56 
10  2  1 53 54 54 
10  2  1 55 56 
10  2  1 55 56 56 
10  2  1 49 57 63 
10  2  1 49 57 58 51 
10  2  1 51 59 75 
10  2  1 51 52 60 53 
10  2  1 53 61 56 
10  2  1 53 61 62 68 
10  2  1 55 63 60 
10  2  1 55 56 64 59 
11  3  1 60 
11  3  1  2 64 
11  3 59 
11 12  4 56 
11  3  1  5 67 
11  3  1  5  6 50 
11  3  1  7 57 
11  3  1  7  8 55 
11  3  1  9 52 
11  3  1  2 10 51 
11 12 64 
11  3  1  5 13 50 
11  3  1  5  6 14 59 
11  3  1  7 15 62 
11  3  1  7  8 16 55 
11  3  1 17 50 
11  3  1 17 18 56 
11  3  1 19 64 
11  3  1 19 20 69 
11  3  1 21 70 
11  3  1 21 22 71 
11  3  1 23 60 
11  3  1 23 24 68 
11  3  1 17 25 74 
11  3  1 17 25 26 55 
11  3  1 19 27 79 
11  3  1 19 20 28 62 
11  3  1 21 29 47 
11  3  1 21 29 30 61 
11  3  1 23 31 52 
11  3  1 23 31 32 65 
11  3  1 33 73 
11  3  1 33 34 56 
11  3  1 35 58 
11  3  1 35 36 35 
11  3  1 37 61 
11  3  1 37 38 55 
11  3  1 39 48 
11  3  1 39 40 66 
11  3  1 33 41 57 
11  3  1 33 41 42 43 
11  3  1 35 43 47 
11  3  1 35 43 44 76 
11  3  1 37 45 61 
11  3  1 37 45 46 66 
11  3  1 39 47 72 
11  3  1 39 47 48 44 
11  3  1 49 62 
11  3  1 49 50 63 
11  3  1 51 55 
11  3  1 51 52 57 
11  3  1 53 60 
11  3  1 53 54 70 
11  3  1 55 59 
11  3  1 55 56 56 
11  3  1 49 57 73 
11  3  1 49 57 58 56 
11  3  1 51 59 70 
11  3  1 51 52 60 71 
11  3  1 53 61 43 
11  3  1 53 61 62 50 
11  3  1 55 63 62 
11  3  1 55 63 64 65 
12 11  3  1 52 
12 11  3  1  2 48 
12 11  3 46 
12  4 51 
12 11  3  1  5 75 
12 11  3  1  5  6 49 
12 11  3  1  7 54 
12 11  3  1  7  8 52 
12 11  3  1  9 48 
12 11  3  1  2 10 54 
12 11 44 
12 11  3  1  5 13 69 
12 11  3  1  5  6 14 68 
12 11  3  1  7 15 61 
12 11  3  1  7  8 16 73 
12 11  3  1 17 58 
12 11  3  1 17 18 54 
12 11  3  1 19 57 
12 11  3  1 19 20 44 
12 11  3  1 21 58 
12 11  3  1 21 22 73 
12 11  3  1 23 59 
12 11  3  1 23 24 59 
12 11  3  1 17 25 67 
12 11  3  1 17 25 26 50 
12 11  3  1 19 27 71 
12 11  3  1 19 20 28 52 
12 11  3  1 21 29 67 
12 11  3  1 21 29 30 56 
12 11  3  1 23 31 51 
12 11  3  1 23 31 32 64 
12 11  3  1 33 68 
12 11  3  1 33 34 44 
12 11  3  1 35 49 
12 11  3  1 35 36 52 
12 11  3  1 37 44 
12 11  3  1 37 38 64 
12 11  3  1 39 53 
12 11  3  1 39 40 68 
12 11  3  1 33 41 54 
12 11  3  1 33 41 42 46 
12 11  3  1 35 43 67 
12 11  3  1 35 43 44 53 
12 11  3  1 37 45 61 
12 11  3  1 37 45 46 50 
12 11  3  1 39 47 49 
12 11  3  1 39 47 48 55 
12 11  3  1 49 52 
12 11  3  1 49 50 69 
12 11  3  1 51 54 
12 11  3  1 51 52 58 
12 11  3  1 53 57 
12 11  3  1 53 54 52 
12 11  3  1 55 68 
12 11  3  1 55 56 64 
12 11  3  1 49 57 69 
12 11  3  1 49 57 58 45 
12 11  3  1 51 59 66 
12 11  3  1 51 52 60 49 
12 11  3  1 53 61 61 
12 11  3  1 53 54 62 44 
12 11  3  1 55 63 71 
12 11  3  1 55 56 64 54 
13  5  1 53 
13  5  1  2 53 
13  5  1  3 83 
13  5  1  3  4 72 
13  5 65 
13 14  6 54 
13  5  1  7 57 
13  5  1  7  8 54 
13  5  1  9 52 
13  5  1  2 10 54 
13  5  1  3 11 60 
13  5  1  3 11 12 51 
13 14 52 
13  5  1  7 15 62 
13  5  1  7  8 16 67 
13  5  1 17 55 
13  5  1 17 18 66 
13  5  1 19 38 
13  5  1 19 20 76 
13  5  1 21 57 
13  5  1 21 22 46 
13  5  1 23 68 
13  5  1 23 24 51 
13  5  1 17 25 55 
13  5  1 17 25 26 55 
13  5  1 19 27 63 
13  5  1 19 20 28 50 
13  5  1 21 29 69 
13  5  1 21 29 30 55 
13  5  1 23 31 54 
13  5  1 23 31 32 57 
13  5  1 33 47 
13  5  1 33 34 57 
13  5  1 35 61 
13  5  1 35 36 58 
13  5  1 37 55 
13  5  1 37 38 79 
13  5  1 39 42 
13  5  1 39 40 52 
13  5  1 33 41 58 
13  5  1 33 41 42 60 
13  5  1 35 43 42 
13  5  1 35 43 44 49 
13  5  1 37 45 68 
13  5  1 37 45 46 38 
13  5  1 39 47 60 
13  5  1 39 47 48 60 
13  5  1 49 77 
13  5  1 49 50 72 
13  5  1 51 79 
13  5  1 51 52 48 
13  5  1 53 84 
13  5  1 53 54 62 
13  5  1 55 44 
13  5  1 55 56 65 
13  5  1 49 57 67 
13  5  1 49 57 58 69 
13  5  1 51 59 68 
13  5  1 51 52 60 57 
13  5  1 53 61 60 
13  5  1 53 54 62 66 
13  5  1 55 63 63 
13  5  1 55 63 64 67 
14  6  5  1 61 
14  6  5  1  2 37 
14  6  5  1  3 76 
14  6  5  1  3  4 60 
14  6  5 57 
14  6 65 
14  6  5  1  7 54 
14  6  5  1  7  8 60 
14  6  5  1  9 72 
14  6  5  1  2 10 83 
14  6  5  1  3 11 51 
14  6  5  1  3  4 12 57 
14 13 69 
14  6  5  1  7 15 68 
14  6  5  1  7  8 16 59 
14  6  5  1 17 68 
14  6  5  1 17 18 62 
14  6  5  1 19 72 
14  6  5  1 19 20 69 
14  6  5  1 21 68 
14  6  5  1 21 22 54 
14  6  5  1 23 61 
14  6  5  1 23 24 67 
14  6  5  1 17 25 63 
14  6  5  1 17 25 26 58 
14  6  5  1 19 27 66 
14  6  5  1 19 20 28 47 
14  6  5  1 21 29 51 
14  6  5  1 21 29 30 56 
14  6  5  1 23 31 47 
14  6  5  1 23 31 32 74 
14  6  5  1 33 56 
14  6  5  1 33 34 59 
14  6  5  1 35 68 
14  6  5  1 35 36 44 
14  6  5  1 37 45 
14  6  5  1 37 38 50 
14  6  5  1 39 40 
14  6  5  1 39 40 58 
14  6  5  1 33 41 58 
14  6  5  1 33 41 42 56 
14  6  5  1 35 43 51 
14  6  5  1 35 43 44 53 
14  6  5  1 37 45 63 
14  6  5  1 37 45 46 73 
14  6  5  1 39 47 57 
14  6  5  1 39 47 48 64 
14  6  5  1 49 53 
14  6  5  1 49 50 72 
14  6  5  1 51 54 
14  6  5  1 51 52 66 
14  6  5  1 53 73 
14  6  5  1 53 54 50 
14  6  5  1 55 54 
14  6  5  1 55 56 49 
14  6  5  1 49 57 67 
14  6  5  1 49 57 58 64 
14  6  5  1 51 59 56 
14  6  5  1 51 59 60 64 
14  6  5  1 53 61 54 
14  6  5  1 53 54 62 53 
14  6  5  1 55 63 53 
14  6  5  1 55 63 64 64 
15  7  1 60 
15  7  1  2 47 
15  7  1  3 60 
15  7  1  3  4 71 
15  7  1  5 39 
15  7  1  5  6 48 
15  7 50 
15 16  8 65 
15  7  1  9 57 
15  7  1  9 10 49 
15  7  1  3 11 56 
15  7  1  3 11 12 54 
15  7  1  5 13 63 
15  7  1  5  6 14 66 
15 16 50 
15  7  1 17 40 
15  7  1 17 18 73 
15  7  1 19 57 
15  7  1 19 20 58 
15  7  1 21 65 
15  7  1 21 22 68 
15  7  1 23 53 
15  7  1 23 24 50 
15  7  1 17 25 58 
15  7  1 17 25 26 50 
15  7  1 19 27 52 
15  7  1 19 20 28 66 
15  7  1 21 29 62 
15  7  1 21 29 30 61 
15  7  1 23 31 58 
15  7  1 23 31 32 67 
15  7  1 33 68 
15  7  1 33 34 62 
15  7  1 35 46 
15  7  1 35 36 63 
15  7  1 37 58 
15  7  1 37 38 47 
15  7  1 39 65 
15  7  1 39 40 52 
15  7  1 33 41 70 
15  7  1 33 41 42 64 
15  7  1 35 43 48 
15  7  1 35 43 44 63 
15  7  1 37 45 52 
15  7  1 37 45 46 62 
15  7  1 39 47 69 
15  7  1 39 47 48 55 
15  7  1 49 67 
15  7  1 49 50 60 
15  7  1 51 60 
15  7  1 51 52 57 
15  7  1 53 50 
15  7  1 53 54 62 
15  7  1 55 48 
15  7  1 55 56 62 
15  7  1 49 57 60 
15  7  1 49 57 58 66 
15  7  1 51 59 47 
15  7  1 51 59 60 56 
15  7  1 53 61 58 
15  7  1 53 61 62 60 
15  7  1 55 63 71 
15  7  1 55 56 64 47 
16  8  7  1 57 
16  8  7  1  2 54 
16  8  7  1  3 58 
16  8  7  1  3  4 52 
16  8  7  1  5 71 
16  8  7  1  5  6 52 
16  8  7 49 
16  8 57 
16  8  7  1  9 71 
16  8  7  1  2 10 51 
16  8  7  1  3 11 75 
16  8  7  1  3 11 12 61 
16  8  7  1  5 13 60 
16  8  7  1  5  6 14 51 
16 15 52 
16  8  7  1 17 65 
16  8  7  1 17 18 52 
16  8  7  1 19 57 
16  8  7  1 19 20 58 
16  8  7  1 21 57 
16  8  7  1 21 22 52 
16  8  7  1 23 65 
16  8  7  1 23 24 58 
16  8  7  1 17 25 56 
16  8  7  1 17 25 26 62 
16  8  7  1 19 27 55 
16  8  7  1 19 20 28 42 
16  8  7  1 21 29 61 
16  8  7  1 21 29 30 77 
16  8  7  1 23 31 60 
16  8  7  1 23 31 32 61 
16  8  7  1 33 59 
16  8  7  1 33 34 61 
16  8  7  1 35 69 
16  8  7  1 35 36 73 
16  8  7  1 37 56 
16  8  7  1 37 38 56 
16  8  7  1 39 63 
16  8  7  1 39 40 63 
16  8  7  1 33 41 68 
16  8  7  1 33 41 42 68 
16  8  7  1 35 43 45 
16  8  7  1 35 43 44 76 
16  8  7  1 37 45 71 
16  8  7  1 37 45 46 50 
16  8  7  1 39 47 45 
16  8  7  1 39 47 48 57 
16  8  7  1 49 68 
16  8  7  1 49 50 66 
16  8  7  1 51 42 
16  8  7  1 51 52 53 
16  8  7  1 53 72 
16  8  7  1 53 54 66 
16  8  7  1 55 60 
16  8  7  1 55 56 57 
16  8  7  1 49 57 71 
16  8  7  1 49 57 58 70 
16  8  7  1 51 59 70 
16  8  7  1 51 52 60 49 
16  8  7  1 53 61 62 
16  8  7  1 53 54 62 50 
16  8  7  1 55 63 76 
16  8  7  1 55 56 64 52 
17  1 53 
17  1  2 57 
17  1  3 60 
17  1  3  4 59 
17  1  5 68 
17  1  5  6 50 
17  1  7 57 
17  1  7  8 52 
17  1  9 52 
17  1  9 10 49 
17  1  3 11 42 
17  1  3  4 12 60 
17  1  5 13 60 
17  1  5 13 14 44 
17  1  7 15 53 
17  1  7 15 16 47 
17 18 52 
17  1 19 53 
17  1 19 20 64 
17  1 21 48 
17  1 21 22 58 
17  1 23 68 
17  1 23 24 68 
17 25 60 
17 25 26 54 
17  1 19 27 63 
17  1 19 20 28 64 
17  1 21 29 58 
17  1 21 29 30 58 
17  1 23 31 45 
17  1 23 31 32 61 
17  1 33 66 
17  1 33 34 55 
17  1 35 47 
17  1 35 36 55 
17  1 37 52 
17  1 37 38 54 
17  1 39 60 
17  1 39 40 55 
17  1 33 41 43 
17  1 33 41 42 56 
17  1 35 43 71 
17  1 35 43 44 49 
17  1 37 45 69 
17  1 37 45 46 61 
17  1 39 47 50 
17  1 39 47 48 66 
17  1 49 64 
17  1 49 50 57 
17  1 51 70 
17  1 51 52 62 
17  1 53 46 
17  1 53 54 62 
17  1 55 45 
17  1 55 56 51 
17  1 49 57 60 
17  1 49 57 58 55 
17  1 51 59 60 
17  1 51 59 60 74 
17  1 53 61 63 
17  1 53 61 62 68 
17  1 55 63 68 
17  1 55 56 64 53 
18 17  1 55 
18 17  1  2 57 
18 17  1  3 58 
18 17  1  3  4 53 
18 17  1  5 43 
18 17  1  5  6 72 
18 17  1  7 69 
18 17  1  7  8 60 
18 17  1  9 72 
18 17  1  2 10 56 
18 17  1  3 11 62 
18 17  1  3 11 12 54 
18 17  1  5 13 59 
18 17  1  5  6 14 64 
18 17  1  7 15 55 
18 17  1  7  8 16 65 
18 17 35 
18 17  1 19 56 
18 17  1 19 20 57 
18 17  1 21 72 
18 17  1 21 22 65 
18 17  1 23 50 
18 17  1 23 24 51 
18 26 25 52 
18 26 50 
18 17  1 19 27 57 
18 17  1 19 20 28 66 
18 17  1 21 29 66 
18 17  1 21 29 30 66 
18 17  1 23 31 72 
18 17  1 23 31 32 71 
18 17  1 33 78 
18 17  1 33 34 84 
18 17  1 35 57 
18 17  1 35 36 51 
18 17  1 37 75 
18 17  1 37 38 78 
18 17  1 39 50 
18 17  1 39 40 53 
18 17  1 33 41 78 
18 17  1 33 41 42 59 
18 17  1 35 43 56 
18 17  1 35 43 44 53 
18 17  1 37 45 63 
18 17  1 37 45 46 69 
18 17  1 39 47 52 
18 17  1 39 47 48 75 
18 17  1 49 56 
18 17  1 49 50 64 
18 17  1 51 74 
18 17  1 51 52 63 
18 17  1 53 65 
18 17  1 53 54 70 
18 17  1 55 43 
18 17  1 55 56 69 
18 17  1 49 57 57 
18 17  1 49 57 58 50 
18 17  1 51 59 73 
18 17  1 51 52 60 63 
18 17  1 53 61 62 
18 17  1 53 61 62 59 
18 17  1 55 63 54 
18 17  1 55 63 64 54 
19  1 45 
19  1  2 55 
19  1  3 66 
19  1  3  4 42 
19  1  5 53 
19  1  5  6 50 
19  1  7 53 
19  1  7  8 53 
19  1  9 73 
19  1  2 10 53 
19  1  3 11 65 
19  1  3  4 12 66 
19  1  5 13 84 
19  1  5 13 14 53 
19  1  7 15 58 
19  1  7 15 16 64 
19  1 17 66 
19  1 17 18 44 
19 20 49 
19  1 21 55 
19  1 21 22 64 
19  1 23 48 
19  1 23 24 54 
19  1 17 25 62 
19  1 17 25 26 53 
19 27 66 
19 20 28 60 
19  1 21 29 53 
19  1 21 29 30 70 
19  1 23 31 66 
19  1 23 31 32 61 
19  1 33 44 
19  1 33 34 68 
19  1 35 55 
19  1 35 36 61 
19  1 37 62 
19  1 37 38 55 
19  1 39 61 
19  1 39 40 48 
19  1 33 41 79 
19  1 33 41 42 53 
19  1 35 43 60 
19  1 35 43 44 62 
19  1 37 45 77 
19  1 37 45 46 61 
19  1 39 47 62 
19  1 39 47 48 62 
19  1 49 62 
19  1 49 50 51 
19  1 51 74 
19  1 51 52 67 
19  1 53 54 
19  1 53 54 63 
19  1 55 52 
19  1 55 56 53 
19  1 49 57 46 
19  1 49 57 58 53 
19  1 51 59 52 
19  1 51 52 60 50 
19  1 53 61 61 
19  1 53 61 62 63 
19  1 55 63 55 
19  1 55 63 64 60 
20 19  1 67 
20 19  1  2 70 
20 19  1  3 40 
20 19  1  3  4 59 
20 19  1  5 61 
20 19  1  5  6 56 
20 19  1  7 50 
20 19  1  7  8 67 
20 19  1  9 58 
20 19  1  9 10 52 
20 19  1  3 11 58 
20 19  1  3  4 12 60 
20 19  1  5 13 66 
20 19  1  5 13 14 77 
20 19  1  7 15 61 
20 19  1  7 15 16 59 
20 19  1 17 65 
20 19  1 17 18 45 
20 19 69 
20 19  1 21 50 
20 19  1 21 22 61 
20 19  1 23 55 
20 19  1 23 24 55 
20 19  1 17 25 65 
20 19  1 17 25 26 50 
20 28 27 59 
20 28 59 
20 19  1 21 29 60 
20 19  1 21 29 30 60 
20 19  1 23 31 48 
20 19  1 23 31 32 56 
20 19  1 33 60 
20 19  1 33 34 45 
20 19  1 35 51 
20 19  1 35 36 45 
20 19  1 37 54 
20 19  1 37 38 52 
20 19  1 39 57 
20 19  1 39 40 45 
20 19  1 33 41 54 
20 19  1 33 41 42 60 
20 19  1 35 43 53 
20 19  1 35 43 44 49 
20 19  1 37 45 61 
20 19  1 37 45 46 53 
20 19  1 39 47 35 
20 19  1 39 47 48 63 
20 19  1 49 52 
20 19  1 49 50 73 
20 19  1 51 56 
20 19  1 51 52 52 
20 19  1 53 71 
20 19  1 53 54 67 
20 19  1 55 49 
20 19  1 55 56 61 
20 19  1 49 57 55 
20 19  1 49 57 58 62 
20 19  1 51 59 52 
20 19  1 51 52 60 63 
20 19  1 53 61 67 
20 19  1 53 54 62 52 
20 19  1 55 63 73 
20 19  1 55 56 64 61 
21  1 56 
21  1  2 61 
21  1  3 58 
21  1  3  4 59 
21  1  5 77 
21  1  5  6 72 
21  1  7 51 
21  1  7  8 58 
21  1  9 59 
21  1  2 10 63 
21  1  3 11 65 
21  1  3  4 12 53 
21  1  5 13 67 
21  1  5  6 14 68 
21  1  7 15 47 
21  1  7 15 16 60 
21  1 17 58 
21  1 17 18 57 
21  1 19 53 
21  1 19 20 60 
21 22 54 
21  1 23 52 
21  1 23 24 50 
21  1 17 25 72 
21  1 17 25 26 53 
21  1 19 27 51 
21  1 19 27 28 68 
21 29 61 
21 29 30 52 
21  1 23 31 49 
21  1 23 31 32 50 
21  1 33 49 
21  1 33 34 69 
21  1 35 62 
21  1 35 36 52 
21  1 37 87 
21  1 37 38 54 
21  1 39 53 
21  1 39 40 56 
21  1 33 41 68 
21  1 33 41 42 51 
21  1 35 43 75 
21  1 35 43 44 42 
21  1 37 45 51 
21  1 37 45 46 61 
21  1 39 47 51 
21  1 39 47 48 53 
21  1 49 51 
21  1 49 50 52 
21  1 51 48 
21  1 51 52 46 
21  1 53 53 
21  1 53 54 56 
21  1 55 56 
21  1 55 56 46 
21  1 49 57 56 
21  1 49 57 58 54 
21  1 51 59 46 
21  1 51 59 60 73 
21  1 53 61 52 
21  1 53 61 62 57 
21  1 55 63 60 
21  1 55 56 64 52 
22 21  1 72 
22 21  1  2 45 
22 21  1  3 52 
22 21  1  3  4 60 
22 21  1  5 46 
22 21  1  5  6 62 
22 21  1  7 58 
22 21  1  7  8 65 
22 21  1  9 65 
22 21  1  2 10 48 
22 21  1  3 11 58 
22 21  1  3  4 12 49 
22 21  1  5 13 49 
22 21  1  5  6 14 55 
22 21  1  7 15 58 
22 21  1  7 15 16 61 
22 21  1 17 64 
22 21  1 17 18 44 
22 21  1 19 55 
22 21  1 19 20 68 
22 21 43 
22 21  1 23 46 
22 21  1 23 24 70 
22 21  1 17 25 52 
22 21  1 17 25 26 53 
22 21  1 19 27 65 
22 21  1 19 20 28 64 
22 30 29 67 
22 30 48 
22 21  1 23 31 55 
22 21  1 23 31 32 72 
22 21  1 33 66 
22 21  1 33 34 51 
22 21  1 35 64 
22 21  1 35 36 57 
22 21  1 37 62 
22 21  1 37 38 71 
22 21  1 39 68 
22 21  1 39 40 52 
22 21  1 33 41 75 
22 21  1 33 41 42 43 
22 21  1 35 43 51 
22 21  1 35 43 44 69 
22 21  1 37 45 60 
22 21  1 37 45 46 52 
22 21  1 39 47 44 
22 21  1 39 47 48 61 
22 21  1 49 59 
22 21  1 49 50 63 
22 21  1 51 58 
22 21  1 51 52 49 
22 21  1 53 53 
22 21  1 53 54 50 
22 21  1 55 52 
22 21  1 55 56 56 
22 21  1 49 57 69 
22 21  1 49 57 58 64 
22 21  1 51 59 61 
22 21  1 51 52 60 53 
22 21  1 53 61 54 
22 21  1 53 61 62 57 
22 21  1 55 63 52 
22 21  1 55 63 64 68 
23  1 60 
23  1  2 57 
23  1  3 58 
23  1  3  4 59 
23  1  5 58 
23  1  5  6 69 
23  1  7 55 
23  1  7  8 49 
23  1  9 48 
23  1  2 10 63 
23  1  3 11 55 
23  1  3  4 12 59 
23  1  5 13 56 
23  1  5  6 14 61 
23  1  7 15 58 
23  1  7 15 16 38 
23  1 17 64 
23  1 17 18 47 
23  1 19 44 
23  1 19 20 68 
23  1 21 62 
23  1 21 22 68 
23 24 65 
23  1 17 25 50 
23  1 17 25 26 64 
23  1 19 27 52 
23  1 19 20 28 56 
23  1 21 29 58 
23  1 21 29 30 62 
23 31 64 
23 31 32 48 
23  1 33 59 
23  1 33 34 67 
23  1 35 61 
23  1 35 36 44 
23  1 37 46 
23  1 37 38 71 
23  1 39 67 
23  1 39 40 64 
23  1 33 41 68 
23  1 33 41 42 64 
23  1 35 43 61 
23  1 35 43 44 60 
23  1 37 45 75 
23  1 37 45 46 68 
23  1 39 47 58 
23  1 39 47 48 67 
23  1 49 62 
23  1 49 50 52 
23  1 51 56 
23  1 51 52 55 
23  1 53 57 
23  1 53 54 66 
23  1 55 55 
23  1 55 56 56 
23  1 49 57 40 
23  1 49 57 58 60 
23  1 51 59 73 
23  1 51 52 60 65 
23  1 53 61 57 
23  1 53 61 62 67 
23  1 55 63 56 
23  1 55 56 64 51 
24 23  1 69 
24 23  1  2 49 
24 23  1  3 57 
24 23  1  3  4 63 
24 23  1  5 65 
24 23  1  5  6 68 
24 23  1  7 56 
24 23  1  7  8 60 
24 23  1  9 63 
24 23  1  9 10 56 
24 23  1  3 11 54 
24 23  1  3 11 12 68 
24 23  1  5 13 36 
24 23  1  5  6 14 57 
24 23  1  7 15 44 
24 23  1  7 15 16 51 
24 23  1 17 70 
24 23  1 17 18 60 
24 23  1 19 51 
24 23  1 19 20 55 
24 23  1 21 58 
24 23  1 21 22 55 
24 23 47 
24 23  1 17 25 58 
24 23  1 17 25 26 49 
24 23  1 19 27 56 
24 23  1 19 20 28 53 
24 23  1 21 29 64 
24 23  1 21 29 30 78 
24 32 31 65 
24 32 57 
24 23  1 33 55 
24 23  1 33 34 65 
24 23  1 35 47 
24 23  1 35 36 52 
24 23  1 37 49 
24 23  1 37 38 54 
24 23  1 39 72 
24 23  1 39 40 56 
24 23  1 33 41 54 
24 23  1 33 41 42 60 
24 23  1 35 43 62 
24 23  1 35 43 44 60 
24 23  1 37 45 60 
24 23  1 37 45 46 44 
24 23  1 39 47 62 
24 23  1 39 47 48 66 
24 23  1 49 59 
24 23  1 49 50 49 
24 23  1 51 58 
24 23  1 51 52 51 
24 23  1 53 58 
24 23  1 53 54 58 
24 23  1 55 57 
24 23  1 55 56 66 
24 23  1 49 57 58 
24 23  1 49 57 58 71 
24 23  1 51 59 58 
24 23  1 51 52 60 59 
24 23  1 53 61 57 
24 23  1 53 61 62 47 
24 23  1 55 63 58 
24 23  1 55 63 64 52 
25 17  1 57 
25 17  1  2 57 
25 17  1  3 54 
25 17  1  3  4 59 
25 17  1  5 56 
25 17  1  5  6 47 
25 17  1  7 54 
25 17  1  7  8 66 
25 17  1  9 59 
25 17  1  9 10 48 
25 17  1  3 11 52 
25 17  1  3  4 12 61 
25 17  1  5 13 45 
25 17  1  5 13 14 50 
25 17  1  7 15 73 
25 17  1  7 15 16 64 
25 17 63 
25 26 18 64 
25 17  1 19 57 
25 17  1 19 20 54 
25 17  1 21 57 
25 17  1 21 22 58 
25 17  1 23 60 
25 17  1 23 24 67 
25 26 68 
25 17  1 19 27 58 
25 17  1 19 20 28 44 
25 17  1 21 29 53 
25 17  1 21 29 30 52 
25 17  1 23 31 79 
25 17  1 23 31 32 65 
25 17  1 33 67 
25 17  1 33 34 57 
25 17  1 35 46 
25 17  1 35 36 61 
25 17  1 37 54 
25 17  1 37 38 57 
25 17  1 39 49 
25 17  1 39 40 68 
25 17  1 33 41 59 
25 17  1 33 41 42 46 
25 17  1 35 43 62 
25 17  1 35 43 44 53 
25 17  1 37 45 42 
25 17  1 37 45 46 60 
25 17  1 39 47 62 
25 17  1 39 47 48 67 
25 17  1 49 64 
25 17  1 49 50 56 
25 17  1 51 49 
25 17  1 51 52 54 
25 17  1 53 63 
25 17  1 53 54 73 
25 17  1 55 60 
25 17  1 55 56 66 
25 17  1 49 57 55 
25 17  1 49 57 58 46 
25 17  1 51 59 67 
25 17  1 51 52 60 46 
25 17  1 53 61 62 
25 17  1 53 61 62 56 
25 17  1 55 63 49 
25 17  1 55 63 64 53 
26 25 17  1 57 
26 25 17  1  2 55 
26 25 17  1  3 56 
26 25 17  1  3  4 45 
26 25 17  1  5 63 
26 25 17  1  5  6 63 
26 25 17  1  7 55 
26 25 17  1  7  8 56 
26 25 17  1  9 71 
26 25 17  1  2 10 51 
26 25 17  1  3 11 57 
26 25 17  1  3 11 12 60 
26 25 17  1  5 13 80 
26 25 17  1  5 13 14 57 
26 25 17  1  7 15 69 
26 25 17  1  7 15 16 62 
26 25 17 54 
26 18 47 
26 25 17  1 19 67 
26 25 17  1 19 20 59 
26 25 17  1 21 50 
26 25 17  1 21 22 60 
26 25 17  1 23 54 
26 25 17  1 23 24 71 
26 25 51 
26 25 17  1 19 27 44 
26 25 17  1 19 20 28 43 
26 25 17  1 21 29 51 
26 25 17  1 21 29 30 54 
26 25 17  1 23 31 62 
26 25 17  1 23 31 32 70 
26 25 17  1 33 62 
26 25 17  1 33 34 59 
26 25 17  1 35 68 
26 25 17  1 35 36 53 
26 25 17  1 37 53 
26 25 17  1 37 38 58 
26 25 17  1 39 55 
26 25 17  1 39 40 67 
26 25 17  1 33 41 51 
26 25 17  1 33 41 42 54 
26 25 17  1 35 43 65 
26 25 17  1 35 43 44 57 
26 25 17  1 37 45 58 
26 25 17  1 37 45 46 58 
26 25 17  1 39 47 67 
26 25 17  1 39 47 48 71 
26 25 17  1 49 67 
26 25 17  1 49 50 51 
26 25 17  1 51 72 
26 25 17  1 51 52 52 
26 25 17  1 53 62 
26 25 17  1 53 54 63 
26 25 17  1 55 55 
26 25 17  1 55 56 44 
26 25 17  1 49 57 49 
26 25 17  1 49 57 58 59 
26 25 17  1 51 59 45 
26 25 17  1 51 59 60 76 
26 25 17  1 53 61 61 
26 25 17  1 53 61 62 63 
26 25 17  1 55 63 64 
26 25 17  1 55 56 64 58 
27 19  1 48 
27 19  1  2 59 
27 19  1  3 69 
27 19  1  3  4 62 
27 19  1  5 59 
27 19  1  5  6 51 
27 19  1  7 52 
27 19  1  7  8 55 
27 19  1  9 50 
27 19  1  2 10 67 
27 19  1  3 11 54 
27 19  1  3 11 12 63 
27 19  1  5 13 57 
27 19  1  5  6 14 72 
27 19  1  7 15 63 
27 19  1  7 15 16 73 
27 19  1 17 65 
27 19  1 17 18 55 
27 19 53 
27 28 20 61 
27 19  1 21 50 
27 19  1 21 22 74 
27 19  1 23 55 
27 19  1 23 24 51 
27 19  1 17 25 52 
27 19  1 17 25 26 53 
27 28 54 
27 19  1 21 29 63 
27 19  1 21 29 30 37 
27 19  1 23 31 85 
27 19  1 23 31 32 52 
27 19  1 33 55 
27 19  1 33 34 55 
27 19  1 35 49 
27 19  1 35 36 52 
27 19  1 37 86 
27 19  1 37 38 57 
27 19  1 39 71 
27 19  1 39 40 55 
27 19  1 33 41 73 
27 19  1 33 41 42 67 
27 19  1 35 43 52 
27 19  1 35 43 44 58 
27 19  1 37 45 64 
27 19  1 37 45 46 53 
27 19  1 39 47 68 
27 19  1 39 47 48 47 
27 19  1 49 60 
27 19  1 49 50 54 
27 19  1 51 59 
27 19  1 51 52 51 
27 19  1 53 67 
27 19  1 53 54 61 
27 19  1 55 66 
27 19  1 55 56 55 
27 19  1 49 57 50 
27 19  1 49 57 58 52 
27 19  1 51 59 52 
27 19  1 51 52 60 58 
27 19  1 53 61 54 
27 19  1 53 54 62 60 
27 19  1 55 63 70 
27 19  1 55 63 64 73 
28 20 19  1 60 
28 20 19  1  2 56 
28 20 19  1  3 68 
28 20 19  1  3  4 56 
28 20 19  1  5 61 
28 20 19  1  5  6 49 
28 20 19  1  7 66 
28 20 19  1  7  8 48 
28 20 19  1  9 63 
28 20 19  1  9 10 57 
28 20 19  1  3 11 45 
28 20 19  1  3 11 12 55 
28 20 19  1  5 13 59 
28 20 19  1  5  6 14 52 
28 20 19  1  7 15 56 
28 20 19  1  7 15 16 53 
28 20 19  1 17 48 
28 20 19  1 17 18 45 
28 20 19 54 
28 20 60 
28 20 19  1 21 52 
28 20 19  1 21 22 67 
28 20 19  1 23 59 
28 20 19  1 23 24 61 
28 20 19  1 17 25 60 
28 20 19  1 17 25 26 60 
28 27 65 
28 20 19  1 21 29 50 
28 20 19  1 21 29 30 66 
28 20 19  1 23 31 56 
28 20 19  1 23 31 32 54 
28 20 19  1 33 65 
28 20 19  1 33 34 69 
28 20 19  1 35 47 
28 20 19  1 35 36 55 
28 20 19  1 37 52 
28 20 19  1 37 38 70 
28 20 19  1 39 50 
28 20 19  1 39 40 51 
28 20 19  1 33 41 46 
28 20 19  1 33 41 42 74 
28 20 19  1 35 43 55 
28 20 19  1 35 43 44 58 
28 20 19  1 37 45 50 
28 20 19  1 37 45 46 50 
28 20 19  1 39 47 71 
28 20 19  1 39 47 48 73 
28 20 19  1 49 60 
28 20 19  1 49 50 60 
28 20 19  1 51 64 
28 20 19  1 51 52 44 
28 20 19  1 53 56 
28 20 19  1 53 54 51 
28 20 19  1 55 52 
28 20 19  1 55 56 41 
28 20 19  1 49 57 61 
28 20 19  1 49 57 58 57 
28 20 19  1 51 59 60 
28 20 19  1 51 52 60 54 
28 20 19  1 53 61 52 
28 20 19  1 53 61 62 77 
28 20 19  1 55 63 52 
28 20 19  1 55 63 64 55 
29 21  1 70 
29 21  1  2 67 
29 21  1  3 69 
29 21  1  3  4 73 
29 21  1  5 60 
29 21  1  5  6 40 
29 21  1  7 55 
29 21  1  7  8 52 
29 21  1  9 63 
29 21  1  2 10 54 
29 21  1  3 11 55 
29 21  1  3  4 12 50 
29 21  1  5 13 71 
29 21  1  5 13 14 66 
29 21  1  7 15 60 
29 21  1  7 15 16 71 
29 21  1 17 56 
29 21  1 17 18 62 
29 21  1 19 47 
29 21  1 19 20 61 
29 21 56 
29 30 22 62 
29 21  1 23 61 
29 21  1 23 24 61 
29 21  1 17 25 58 
29 21  1 17 25 26 58 
29 21  1 19 27 66 
29 21  1 19 27 28 49 
29 30 67 
29 21  1 23 31 41 
29 21  1 23 31 32 41 
29 21  1 33 52 
29 21  1 33 34 44 
29 21  1 35 69 
29 21  1 35 36 47 
29 21  1 37 61 
29 21  1 37 38 60 
29 21  1 39 48 
29 21  1 39 40 67 
29 21  1 33 41 66 
29 21  1 33 41 42 51 
29 21  1 35 43 49 
29 21  1 35 43 44 62 
29 21  1 37 45 48 
29 21  1 37 45 46 66 
29 21  1 39 47 67 
29 21  1 39 47 48 49 
29 21  1 49 65 
29 21  1 49 50 62 
29 21  1 51 48 
29 21  1 51 52 62 
29 21  1 53 56 
29 21  1 53 54 43 
29 21  1 55 54 
29 21  1 55 56 68 
29 21  1 49 57 52 
29 21  1 49 57 58 63 
29 21  1 51 59 61 
29 21  1 51 52 60 69 
29 21  1 53 61 54 
29 21  1 53 61 62 63 
29 21  1 55 63 55 
29 21  1 55 63 64 68 
30 29 21  1 52 
30 29 21  1  2 71 
30 29 21  1  3 77 
30 29 21  1  3  4 54 
30 29 21  1  5 64 
30 29 21  1  5  6 64 
30 29 21  1  7 60 
30 29 21  1  7  8 66 
30 29 21  1  9 55 
30 29 21  1  9 10 55 
30 29 21  1  3 11 47 
30 29 21  1  3 11 12 58 
30 29 21  1  5 13 60 
30 29 21  1  5  6 14 60 
30 29 21  1  7 15 50 
30 29 21  1  7 15 16 59 
30 29 21  1 17 60 
30 29 21  1 17 18 48 
30 29 21  1 19 49 
30 29 21  1 19 20 67 
30 29 21 52 
30 22 62 
30 29 21  1 23 55 
30 29 21  1 23 24 55 
30 29 21  1 17 25 69 
30 29 21  1 17 25 26 55 
30 29 21  1 19 27 62 
30 29 21  1 19 27 28 50 
30 29 56 
30 29 21  1 23 31 54 
30 29 21  1 23 31 32 51 
30 29 21  1 33 61 
30 29 21  1 33 34 51 
30 29 21  1 35 67 
30 29 21  1 35 36 69 
30 29 21  1 37 54 
30 29 21  1 37 38 67 
30 29 21  1 39 57 
30 29 21  1 39 40 62 
30 29 21  1 33 41 52 
30 29 21  1 33 41 42 59 
30 29 21  1 35 43 49 
30 29 21  1 35 43 44 46 
30 29 21  1 37 45 52 
30 29 21  1 37 45 46 63 
30 29 21  1 39 47 39 
30 29 21  1 39 47 48 71 
30 29 21  1 49 52 
30 29 21  1 49 50 61 
30 29 21  1 51 59 
30 29 21  1 51 52 66 
30 29 21  1 53 58 
30 29 21  1 53 54 49 
30 29 21  1 55 78 
30 29 21  1 55 56 70 
30 29 21  1 49 57 80 
30 29 21  1 49 57 58 57 
30 29 21  1 51 59 57 
30 29 21  1 51 59 60 55 
30 29 21  1 53 61 53 
30 29 21  1 53 54 62 52 
30 29 21  1 55 63 57 
30 29 21  1 55 56 64 35 
31 23  1 45 
31 23  1  2 63 
31 23  1  3 50 
31 23  1  3  4 50 
31 23  1  5 73 
31 23  1  5  6 64 
31 23  1  7 73 
31 23  1  7  8 57 
31 23  1  9 47 
31 23  1  2 10 54 
31 23  1  3 11 67 
31 23  1  3 11 12 58 
31 23  1  5 13 75 
31 23  1  5  6 14 71 
31 23  1  7 15 51 
31 23  1  7 15 16 55 
31 23  1 17 65 
31 23  1 17 18 52 
31 23  1 19 57 
31 23  1 19 20 71 
31 23  1 21 56 
31 23  1 21 22 67 
31 23 48 
31 32 24 60 
31 23  1 17 25 53 
31 23  1 17 25 26 63 
31 23  1 19 27 56 
31 23  1 19 20 28 51 
31 23  1 21 29 64 
31 23  1 21 29 30 50 
31 32 61 
31 23  1 33 55 
31 23  1 33 34 41 
31 23  1 35 63 
31 23  1 35 36 78 
31 23  1 37 53 
31 23  1 37 38 43 
31 23  1 39 64 
31 23  1 39 40 74 
31 23  1 33 41 63 
31 23  1 33 41 42 66 
31 23  1 35 43 39 
31 23  1 35 43 44 71 
31 23  1 37 45 58 
31 23  1 37 45 46 58 
31 23  1 39 47 65 
31 23  1 39 47 48 55 
31 23  1 49 53 
31 23  1 49 50 75 
31 23  1 51 38 
31 23  1 51 52 45 
31 23  1 53 60 
31 23  1 53 54 63 
31 23  1 55 51 
31 23  1 55 56 58 
31 23  1 49 57 66 
31 23  1 49 57 58 48 
31 23  1 51 59 46 
31 23  1 51 52 60 62 
31 23  1 53 61 54 
31 23  1 53 61 62 51 
31 23  1 55 63 58 
31 23  1 55 63 64 66 
32 31 23  1 68 
32 31 23  1  2 64 
32 31 23  1  3 57 
32 31 23  1  3  4 62 
32 31 23  1  5 52 
32 31 23  1  5  6 66 
32 31 23  1  7 75 
32 31 23  1  7  8 50 
32 31 23  1  9 60 
32 31 23  1  2 10 51 
32 31 23  1  3 11 59 
32 31 23  1  3 11 12 68 
32 31 23  1  5 13 59 
32 31 23  1  5  6 14 49 
32 31 23  1  7 15 65 
32 31 23  1  7 15 16 54 
32 31 23  1 17 63 
32 31 23  1 17 18 63 
32 31 23  1 19 66 
32 31 23  1 19 20 60 
32 31 23  1 21 55 
32 31 23  1 21 22 39 
32 31 23 62 
32 24 63 
32 31 23  1 17 25 60 
32 31 23  1 17 25 26 51 
32 31 23  1 19 27 55 
32 31 23  1 19 20 28 59 
32 31 23  1 21 29 56 
32 31 23  1 21 29 30 55 
32 31 63 
32 31 23  1 33 58 
32 31 23  1 33 34 53 
32 31 23  1 35 49 
32 31 23  1 35 36 59 
32 31 23  1 37 45 
32 31 23  1 37 38 79 
32 31 23  1 39 57 
32 31 23  1 39 40 64 
32 31 23  1 33 41 63 
32 31 23  1 33 41 42 67 
32 31 23  1 35 43 65 
32 31 23  1 35 43 44 66 
32 31 23  1 37 45 57 
32 31 23  1 37 45 46 67 
32 31 23  1 39 47 51 
32 31 23  1 39 47 48 66 
32 31 23  1 49 52 
32 31 23  1 49 50 46 
32 31 23  1 51 63 
32 31 23  1 51 52 59 
32 31 23  1 53 60 
32 31 23  1 53 54 57 
32 31 23  1 55 63 
32 31 23  1 55 56 68 
32 31 23  1 49 57 51 
32 31 23  1 49 57 58 65 
32 31 23  1 51 59 79 
32 31 23  1 51 52 60 76 
32 31 23  1 53 61 60 
32 31 23  1 53 61 62 66 
32 31 23  1 55 63 54 
32 31 23  1 55 63 64 55 
33  1 53 
33  1  2 61 
33  1  3 54 
33  1  3  4 56 
33  1  5 55 
33  1  5  6 65 
33  1  7 49 
33  1  7  8 57 
33  1  9 61 
33  1  2 10 68 
33  1  3 11 40 
33  1  3  4 12 65 
33  1  5 13 42 
33  1  5  6 14 60 
33  1  7 15 55 
33  1  7  8 16 49 
33  1 17 55 
33  1 17 18 61 
33  1 19 53 
33  1 19 20 48 
33  1 21 47 
33  1 21 22 55 
33  1 23 76 
33  1 23 24 63 
33  1 17 25 62 
33  1 17 25 26 52 
33  1 19 27 53 
33  1 19 20 28 56 
33  1 21 29 57 
33  1 21 29 30 83 
33  1 23 31 47 
33  1 23 31 32 56 
33 34 74 
33  1 35 66 
33  1 35 36 61 
33  1 37 61 
33  1 37 38 53 
33  1 39 74 
33  1 39 40 62 
33 41 58 
33 41 42 51 
33  1 35 43 39 
33  1 35 43 44 63 
33  1 37 45 82 
33  1 37 45 46 53 
33  1 39 47 52 
33  1 39 47 48 48 
33  1 49 46 
33  1 49 50 65 
33  1 51 52 
33  1 51 52 65 
33  1 53 52 
33  1 53 54 59 
33  1 55 80 
33  1 55 56 52 
33  1 49 57 52 
33  1 49 57 58 57 
33  1 51 59 79 
33  1 51 52 60 53 
33  1 53 61 44 
33  1 53 61 62 66 
33  1 55 63 65 
33  1 55 56 64 72 
34 33  1 52 
34 33  1  2 45 
34 33  1  3 62 
34 33  1  3  4 76 
34 33  1  5 80 
34 33  1  5  6 51 
34 33  1  7 51 
34 33  1  7  8 68 
34 33  1  9 43 
34 33  1  2 10 61 
34 33  1  3 11 63 
34 33  1  3  4 12 69 
34 33  1  5 13 75 
34 33  1  5  6 14 56 
34 33  1  7 15 66 
34 33  1  7 15 16 66 
34 33  1 17 63 
34 33  1 17 18 63 
34 33  1 19 52 
34 33  1 19 20 54 
34 33  1 21 60 
34 33  1 21 22 55 
34 33  1 23 49 
34 33  1 23 24 54 
34 33  1 17 25 50 
34 33  1 17 25 26 55 
34 33  1 19 27 69 
34 33  1 19 20 28 60 
34 33  1 21 29 68 
34 33  1 21 29 30 60 
34 33  1 23 31 71 
34 33  1 23 31 32 76 
34 33 60 
34 33  1 35 76 
34 33  1 35 36 52 
34 33  1 37 69 
34 33  1 37 38 50 
34 33  1 39 44 
34 33  1 39 40 71 
34 42 41 68 
34 42 66 
34 33  1 35 43 54 
34 33  1 35 43 44 64 
34 33  1 37 45 56 
34 33  1 37 45 46 51 
34 33  1 39 47 56 
34 33  1 39 47 48 63 
34 33  1 49 42 
34 33  1 49 50 60 
34 33  1 51 53 
34 33  1 51 52 45 
34 33  1 53 44 
34 33  1 53 54 46 
34 33  1 55 57 
34 33  1 55 56 49 
34 33  1 49 57 57 
34 33  1 49 57 58 53 
34 33  1 51 59 56 
34 33  1 51 52 60 54 
34 33  1 53 61 55 
34 33  1 53 61 62 58 
34 33  1 55 63 51 
34 33  1 55 63 64 63 
35  1 62 
35  1  2 61 
35  1  3 86 
35  1  3  4 58 
35  1  5 58 
35  1  5  6 55 
35  1  7 68 
35  1  7  8 61 
35  1  9 48 
35  1  2 10 64 
35  1  3 11 53 
35  1  3  4 12 65 
35  1  5 13 78 
35  1  5 13 14 65 
35  1  7 15 56 
35  1  7 15 16 56 
35  1 17 37 
35  1 17 18 55 
35  1 19 63 
35  1 19 20 60 
35  1 21 66 
35  1 21 22 60 
35  1 23 60 
35  1 23 24 49 
35  1 17 25 64 
35  1 17 25 26 55 
35  1 19 27 53 
35  1 19 27 28 59 
35  1 21 29 47 
35  1 21 29 30 65 
35  1 23 31 61 
35  1 23 31 32 53 
35  1 33 54 
35  1 33 34 52 
35 36 58 
35  1 37 57 
35  1 37 38 49 
35  1 39 62 
35  1 39 40 48 
35  1 33 41 56 
35  1 33 41 42 52 
35 43 57 
35 43 44 59 
35  1 37 45 61 
35  1 37 45 46 61 
35  1 39 47 49 
35  1 39 47 48 72 
35  1 49 43 
35  1 49 50 53 
35  1 51 83 
35  1 51 52 43 
35  1 53 62 
35  1 53 54 48 
35  1 55 58 
35  1 55 56 65 
35  1 49 57 56 
35  1 49 57 58 50 
35  1 51 59 60 
35  1 51 52 60 67 
35  1 53 61 53 
35  1 53 54 62 57 
35  1 55 63 68 
35  1 55 56 64 50 
36 35  1 72 
36 35  1  2 46 
36 35  1  3 66 
36 35  1  3  4 89 
36 35  1  5 68 
36 35  1  5  6 60 
36 35  1  7 50 
36 35  1  7  8 58 
36 35  1  9 54 
36 35  1  2 10 53 
36 35  1  3 11 53 
36 35  1  3  4 12 42 
36 35  1  5 13 51 
36 35  1  5  6 14 68 
36 35  1  7 15 56 
36 35  1  7 15 16 67 
36 35  1 17 62 
36 35  1 17 18 53 
36 35  1 19 56 
36 35  1 19 20 53 
36 35  1 21 61 
36 35  1 21 22 46 
36 35  1 23 66 
36 35  1 23 24 69 
36 35  1 17 25 49 
36 35  1 17 25 26 69 
36 35  1 19 27 60 
36 35  1 19 27 28 55 
36 35  1 21 29 54 
36 35  1 21 29 30 52 
36 35  1 23 31 59 
36 35  1 23 31 32 56 
36 35  1 33 53 
36 35  1 33 34 63 
36 35 47 
36 35  1 37 79 
36 35  1 37 38 61 
36 35  1 39 56 
36 35  1 39 40 57 
36 35  1 33 41 59 
36 35  1 33 41 42 53 
36 44 43 39 
36 44 57 
36 35  1 37 45 65 
36 35  1 37 45 46 44 
36 35  1 39 47 46 
36 35  1 39 47 48 49 
36 35  1 49 64 
36 35  1 49 50 43 
36 35  1 51 59 
36 35  1 51 52 44 
36 35  1 53 56 
36 35  1 53 54 69 
36 35  1 55 46 
36 35  1 55 56 66 
36 35  1 49 57 54 
36 35  1 49 57 58 47 
36 35  1 51 59 58 
36 35  1 51 52 60 52 
36 35  1 53 61 57 
36 35  1 53 61 62 55 
36 35  1 55 63 50 
36 35  1 55 63 64 43 
37  1 48 
37  1  2 65 
37  1  3 50 
37  1  3  4 64 
37  1  5 61 
37  1  5  6 50 
37  1  7 50 
37  1  7  8 54 
37  1  9 57 
37  1  9 10 60 
37  1  3 11 66 
37  1  3  4 12 54 
37  1  5 13 65 
37  1  5 13 14 60 
37  1  7 15 60 
37  1  7 15 16 64 
37  1 17 63 
37  1 17 18 52 
37  1 19 57 
37  1 19 20 58 
37  1 21 50 
37  1 21 22 53 
37  1 23 44 
37  1 23 24 62 
37  1 17 25 73 
37  1 17 25 26 52 
37  1 19 27 56 
37  1 19 27 28 59 
37  1 21 29 70 
37  1 21 29 30 52 
37  1 23 31 54 
37  1 23 31 32 71 
37  1 33 57 
37  1 33 34 57 
37  1 35 63 
37  1 35 36 60 
37 38 58 
37  1 39 54 
37  1 39 40 59 
37  1 33 41 57 
37  1 33 41 42 58 
37  1 35 43 58 
37  1 35 43 44 71 
37 45 81 
37 45 46 68 
37  1 39 47 50 
37  1 39 47 48 56 
37  1 49 57 
37  1 49 50 61 
37  1 51 62 
37  1 51 52 67 
37  1 53 60 
37  1 53 54 43 
37  1 55 72 
37  1 55 56 47 
37  1 49 57 56 
37  1 49 57 58 52 
37  1 51 59 52 
37  1 51 52 60 36 
37  1 53 61 52 
37  1 53 54 62 57 
37  1 55 63 44 
37  1 55 56 64 61 
38 37  1 65 
38 37  1  2 57 
38 37  1  3 52 
38 37  1  3  4 44 
38 37  1  5 49 
38 37  1  5  6 60 
38 37  1  7 58 
38 37  1  7  8 62 
38 37  1  9 60 
38 37  1  2 10 60 
38 37  1  3 11 73 
38 37  1  3  4 12 64 
38 37  1  5 13 56 
38 37  1  5  6 14 53 
38 37  1  7 15 41 
38 37  1  7 15 16 80 
38 37  1 17 52 
38 37  1 17 18 62 
38 37  1 19 62 
38 37  1 19 20 61 
38 37  1 21 47 
38 37  1 21 22 68 
38 37  1 23 55 
38 37  1 23 24 50 
38 37  1 17 25 78 
38 37  1 17 25 26 63 
38 37  1 19 27 41 
38 37  1 19 20 28 48 
38 37  1 21 29 61 
38 37  1 21 29 30 76 
38 37  1 23 31 69 
38 37  1 23 31 32 64 
38 37  1 33 66 
38 37  1 33 34 65 
38 37  1 35 56 
38 37  1 35 36 48 
38 37 69 
38 37  1 39 43 
38 37  1 39 40 67 
38 37  1 33 41 58 
38 37  1 33 41 42 51 
38 37  1 35 43 53 
38 37  1 35 43 44 65 
38 46 45 52 
38 46 60 
38 37  1 39 47 59 
38 37  1 39 47 48 44 
38 37  1 49 59 
38 37  1 49 50 68 
38 37  1 51 44 
38 37  1 51 52 55 
38 37  1 53 51 
38 37  1 53 54 55 
38 37  1 55 67 
38 37  1 55 56 65 
38 37  1 49 57 54 
38 37  1 49 57 58 61 
38 37  1 51 59 82 
38 37  1 51 52 60 65 
38 37  1 53 61 59 
38 37  1 53 54 62 59 
38 37  1 55 63 44 
38 37  1 55 56 64 51 
39  1 69 
39  1  2 64 
39  1  3 68 
39  1  3  4 79 
39  1  5 48 
39  1  5  6 68 
39  1  7 57 
39  1  7  8 59 
39  1  9 64 
39  1  2 10 59 
39  1  3 11 64 
39  1  3  4 12 58 
39  1  5 13 57 
39  1  5  6 14 51 
39  1  7 15 55 
39  1  7 15 16 55 
39  1 17 70 
39  1 17 18 53 
39  1 19 76 
39  1 19 20 47 
39  1 21 59 
39  1 21 22 68 
39  1 23 44 
39  1 23 24 71 
39  1 17 25 77 
39  1 17 25 26 57 
39  1 19 27 56 
39  1 19 27 28 49 
39  1 21 29 65 
39  1 21 29 30 45 
39  1 23 31 70 
39  1 23 31 32 55 
39  1 33 60 
39  1 33 34 52 
39  1 35 63 
39  1 35 36 58 
39  1 37 64 
39  1 37 38 66 
39 40 47 
39  1 33 41 54 
39  1 33 41 42 50 
39  1 35 43 53 
39  1 35 43 44 67 
39  1 37 45 57 
39  1 37 45 46 49 
39 47 54 
39 47 48 44 
39  1 49 53 
39  1 49 50 54 
39  1 51 48 
39  1 51 52 44 
39  1 53 62 
39  1 53 54 66 
39  1 55 58 
39  1 55 56 43 
39  1 49 57 49 
39  1 49 57 58 68 
39  1 51 59 55 
39  1 51 52 60 53 
39  1 53 61 46 
39  1 53 61 62 51 
39  1 55 63 63 
39  1 55 56 64 55 
40 39  1 58 
40 39  1  2 57 
40 39  1  3 60 
40 39  1  3  4 66 
40 39  1  5 63 
40 39  1  5  6 61 
40 39  1  7 59 
40 39  1  7  8 67 
40 39  1  9 47 
40 39  1  2 10 54 
40 39  1  3 11 75 
40 39  1  3 11 12 66 
40 39  1  5 13 59 
40 39  1  5  6 14 56 
40 39  1  7 15 55 
40 39  1  7 15 16 53 
40 39  1 17 68 
40 39  1 17 18 56 
40 39  1 19 66 
40 39  1 19 20 64 
40 39  1 21 64 
40 39  1 21 22 57 
40 39  1 23 51 
40 39  1 23 24 73 
40 39  1 17 25 48 
40 39  1 17 25 26 50 
40 39  1 19 27 59 
40 39  1 19 20 28 67 
40 39  1 21 29 68 
40 39  1 21 29 30 56 
40 39  1 23 31 47 
40 39  1 23 31 32 68 
40 39  1 33 50 
40 39  1 33 34 50 
40 39  1 35 60 
40 39  1 35 36 48 
40 39  1 37 56 
40 39  1 37 38 62 
40 39 67 
40 39  1 33 41 63 
40 39  1 33 41 42 52 
40 39  1 35 43 54 
40 39  1 35 43 44 80 
40 39  1 37 45 57 
40 39  1 37 45 46 47 
40 48 47 74 
40 48 64 
40 39  1 49 75 
40 39  1 49 50 51 
40 39  1 51 64 
40 39  1 51 52 61 
40 39  1 53 61 
40 39  1 53 54 56 
40 39  1 55 45 
40 39  1 55 56 51 
40 39  1 49 57 47 
40 39  1 49 57 58 45 
40 39  1 51 59 63 
40 39  1 51 52 60 55 
40 39  1 53 61 60 
40 39  1 53 54 62 57 
40 39  1 55 63 59 
40 39  1 55 63 64 59 
41 33  1 64 
41 33  1  2 69 
41 33  1  3 59 
41 33  1  3  4 68 
41 33  1  5 61 
41 33  1  5  6 57 
41 33  1  7 56 
41 33  1  7  8 57 
41 33  1  9 61 
41 33  1  2 10 61 
41 33  1  3 11 63 
41 33  1  3  4 12 64 
41 33  1  5 13 57 
41 33  1  5  6 14 58 
41 33  1  7 15 56 
41 33  1  7 15 16 59 
41 33  1 17 45 
41 33  1 17 18 54 
41 33  1 19 59 
41 33  1 19 20 56 
41 33  1 21 60 
41 33  1 21 22 64 
41 33  1 23 60 
41 33  1 23 24 56 
41 33  1 17 25 59 
41 33  1 17 25 26 57 
41 33  1 19 27 76 
41 33  1 19 20 28 58 
41 33  1 21 29 60 
41 33  1 21 29 30 56 
41 33  1 23 31 58 
41 33  1 23 31 32 53 
41 33 55 
41 42 34 76 
41 33  1 35 50 
41 33  1 35 36 57 
41 33  1 37 62 
41 33  1 37 38 68 
41 33  1 39 68 
41 33  1 39 40 63 
41 42 52 
41 33  1 35 43 55 
41 33  1 35 43 44 61 
41 33  1 37 45 57 
41 33  1 37 45 46 41 
41 33  1 39 47 57 
41 33  1 39 47 48 63 
41 33  1 49 60 
41 33  1 49 50 69 
41 33  1 51 60 
41 33  1 51 52 72 
41 33  1 53 61 
41 33  1 53 54 57 
41 33  1 55 60 
41 33  1 55 56 67 
41 33  1 49 57 56 
41 33  1 49 57 58 56 
41 33  1 51 59 66 
41 33  1 51 52 60 61 
41 33  1 53 61 63 
41 33  1 53 61 62 76 
41 33  1 55 63 51 
41 33  1 55 63 64 59 
42 41 33  1 44 
42 41 33  1  2 62 
42 41 33  1  3 60 
42 41 33  1  3  4 70 
42 41 33  1  5 59 
42 41 33  1  5  6 39 
42 41 33  1  7 57 
42 41 33  1  7  8 54 
42 41 33  1  9 60 
42 41 33  1  2 10 62 
42 41 33  1  3 11 77 
42 41 33  1  3  4 12 52 
42 41 33  1  5 13 60 
42 41 33  1  5  6 14 56 
42 41 33  1  7 15 55 
42 41 33  1  7 15 16 61 
42 41 33  1 17 64 
42 41 33  1 17 18 59 
42 41 33  1 19 62 
42 41 33  1 19 20 64 
42 41 33  1 21 64 
42 41 33  1 21 22 72 
42 41 33  1 23 49 
42 41 33  1 23 24 55 
42 41 33  1 17 25 51 
42 41 33  1 17 25 26 57 
42 41 33  1 19 27 62 
42 41 33  1 19 20 28 80 
42 41 33  1 21 29 68 
42 41 33  1 21 29 30 64 
42 41 33  1 23 31 51 
42 41 33  1 23 31 32 67 
42 41 33 59 
42 34 49 
42 41 33  1 35 54 
42 41 33  1 35 36 72 
42 41 33  1 37 64 
42 41 33  1 37 38 57 
42 41 33  1 39 54 
42 41 33  1 39 40 61 
42 41 57 
42 41 33  1 35 43 59 
42 41 33  1 35 43 44 53 
42 41 33  1 37 45 58 
42 41 33  1 37 45 46 62 
42 41 33  1 39 47 71 
42 41 33  1 39 47 48 53 
42 41 33  1 49 80 
42 41 33  1 49 50 68 
42 41 33  1 51 60 
42 41 33  1 51 52 58 
42 41 33  1 53 60 
42 41 33  1 53 54 53 
42 41 33  1 55 62 
42 41 33  1 55 56 45 
42 41 33  1 49 57 65 
42 41 33  1 49 57 58 58 
42 41 33  1 51 59 63 
42 41 33  1 51 52 60 66 
42 41 33  1 53 61 39 
42 41 33  1 53 54 62 53 
42 41 33  1 55 63 60 
42 41 33  1 55 63 64 68 
43 35  1 63 
43 35  1  2 61 
43 35  1  3 51 
43 35  1  3  4 65 
43 35  1  5 65 
43 35  1  5  6 57 
43 35  1  7 51 
43 35  1  7  8 47 
43 35  1  9 65 
43 35  1  9 10 61 
43 35  1  3 11 68 
43 35  1  3 11 12 56 
43 35  1  5 13 50 
43 35  1  5  6 14 45 
43 35  1  7 15 64 
43 35  1  7 15 16 70 
43 35  1 17 54 
43 35  1 17 18 65 
43 35  1 19 54 
43 35  1 19 20 52 
43 35  1 21 78 
43 35  1 21 22 52 
43 35  1 23 58 
43 35  1 23 24 58 
43 35  1 17 25 57 
43 35  1 17 25 26 69 
43 35  1 19 27 70 
43 35  1 19 20 28 49 
43 35  1 21 29 67 
43 35  1 21 29 30 59 
43 35  1 23 31 58 
43 35  1 23 31 32 49 
43 35  1 33 50 
43 35  1 33 34 55 
43 35 61 
43 44 36 63 
43 35  1 37 63 
43 35  1 37 38 52 
43 35  1 39 71 
43 35  1 39 40 50 
43 35  1 33 41 56 
43 35  1 33 41 42 66 
43 44 65 
43 35  1 37 45 60 
43 35  1 37 45 46 60 
43 35  1 39 47 54 
43 35  1 39 47 48 62 
43 35  1 49 51 
43 35  1 49 50 63 
43 35  1 51 58 
43 35  1 51 52 58 
43 35  1 53 67 
43 35  1 53 54 58 
43 35  1 55 60 
43 35  1 55 56 65 
43 35  1 49 57 59 
43 35  1 49 57 58 64 
43 35  1 51 59 54 
43 35  1 51 52 60 48 
43 35  1 53 61 50 
43 35  1 53 61 62 76 
43 35  1 55 63 64 
43 35  1 55 63 64 47 
44 43 35  1 52 
44 43 35  1  2 72 
44 43 35  1  3 68 
44 43 35  1  3  4 64 
44 43 35  1  5 53 
44 43 35  1  5  6 59 
44 43 35  1  7 60 
44 43 35  1  7  8 60 
44 43 35  1  9 55 
44 43 35  1  2 10 65 
44 43 35  1  3 11 52 
44 43 35  1  3 11 12 51 
44 43 35  1  5 13 64 
44 43 35  1  5  6 14 57 
44 43 35  1  7 15 58 
44 43 35  1  7 15 16 58 
44 43 35  1 17 53 
44 43 35  1 17 18 58 
44 43 35  1 19 60 
44 43 35  1 19 20 49 
44 43 35  1 21 55 
44 43 35  1 21 22 60 
44 43 35  1 23 59 
44 43 35  1 23 24 64 
44 43 35  1 17 25 60 
44 43 35  1 17 25 26 65 
44 43 35  1 19 27 52 
44 43 35  1 19 20 28 57 
44 43 35  1 21 29 63 
44 43 35  1 21 29 30 43 
44 43 35  1 23 31 56 
44 43 35  1 23 31 32 65 
44 43 35  1 33 49 
44 43 35  1 33 34 49 
44 43 35 56 
44 36 54 
44 43 35  1 37 61 
44 43 35  1 37 38 55 
44 43 35  1 39 62 
44 43 35  1 39 40 51 
44 43 35  1 33 41 53 
44 43 35  1 33 41 42 59 
44 43 45 
44 43 35  1 37 45 63 
44 43 35  1 37 45 46 61 
44 43 35  1 39 47 52 
44 43 35  1 39 47 48 61 
44 43 35  1 49 51 
44 43 35  1 49 50 52 
44 43 35  1 51 60 
44 43 35  1 51 52 67 
44 43 35  1 53 59 
44 43 35  1 53 54 82 
44 43 35  1 55 64 
44 43 35  1 55 56 58 
44 43 35  1 49 57 74 
44 43 35  1 49 57 58 52 
44 43 35  1 51 59 70 
44 43 35  1 51 52 60 60 
44 43 35  1 53 61 42 
44 43 35  1 53 61 62 50 
44 43 35  1 55 63 71 
44 43 35  1 55 56 64 49 
45 37  1 60 
45 37  1  2 51 
45 37  1  3 59 
45 37  1  3  4 48 
45 37  1  5 52 
45 37  1  5  6 49 
45 37  1  7 74 
45 37  1  7  8 56 
45 37  1  9 51 
45 37  1  2 10 70 
45 37  1  3 11 52 
45 37  1  3  4 12 42 
45 37  1  5 13 57 
45 37  1  5  6 14 79 
45 37  1  7 15 57 
45 37  1  7 15 16 49 
45 37  1 17 62 
45 37  1 17 18 56 
45 37  1 19 61 
45 37  1 19 20 52 
45 37  1 21 61 
45 37  1 21 22 48 
45 37  1 23 52 
45 37  1 23 24 50 
45 37  1 17 25 52 
45 37  1 17 25 26 64 
45 37  1 19 27 73 
45 37  1 19 20 28 61 
45 37  1 21 29 63 
45 37  1 21 29 30 54 
45 37  1 23 31 52 
45 37  1 23 31 32 68 
45 37  1 33 53 
45 37  1 33 34 63 
45 37  1 35 58 
45 37  1 35 36 55 
45 37 68 
45 46 38 54 
45 37  1 39 53 
45 37  1 39 40 59 
45 37  1 33 41 39 
45 37  1 33 41 42 44 
45 37  1 35 43 69 
45 37  1 35 43 44 72 
45 46 51 
45 37  1 39 47 44 
45 37  1 39 47 48 55 
45 37  1 49 52 
45 37  1 49 50 55 
45 37  1 51 51 
45 37  1 51 52 46 
45 37  1 53 61 
45 37  1 53 54 61 
45 37  1 55 68 
45 37  1 55 56 54 
45 37  1 49 57 68 
45 37  1 49 57 58 53 
45 37  1 51 59 46 
45 37  1 51 59 60 70 
45 37  1 53 61 62 
45 37  1 53 61 62 72 
45 37  1 55 63 48 
45 37  1 55 63 64 77 
46 45 37  1 62 
46 45 37  1  2 57 
46 45 37  1  3 55 
46 45 37  1  3  4 45 
46 45 37  1  5 68 
46 45 37  1  5  6 71 
46 45 37  1  7 51 
46 45 37  1  7  8 51 
46 45 37  1  9 62 
46 45 37  1  2 10 49 
46 45 37  1  3 11 63 
46 45 37  1  3  4 12 53 
46 45 37  1  5 13 60 
46 45 37  1  5  6 14 56 
46 45 37  1  7 15 57 
46 45 37  1  7 15 16 53 
46 45 37  1 17 61 
46 45 37  1 17 18 60 
46 45 37  1 19 68 
46 45 37  1 19 20 59 
46 45 37  1 21 62 
46 45 37  1 21 22 55 
46 45 37  1 23 61 
46 45 37  1 23 24 61 
46 45 37  1 17 25 63 
46 45 37  1 17 25 26 62 
46 45 37  1 19 27 54 
46 45 37  1 19 20 28 52 
46 45 37  1 21 29 38 
46 45 37  1 21 29 30 71 
46 45 37  1 23 31 75 
46 45 37  1 23 31 32 52 
46 45 37  1 33 69 
46 45 37  1 33 34 58 
46 45 37  1 35 48 
46 45 37  1 35 36 57 
46 45 37 48 
46 38 48 
46 45 37  1 39 53 
46 45 37  1 39 40 48 
46 45 37  1 33 41 45 
46 45 37  1 33 41 42 72 
46 45 37  1 35 43 62 
46 45 37  1 35 43 44 45 
46 45 52 
46 45 37  1 39 47 59 
46 45 37  1 39 47 48 64 
46 45 37  1 49 62 
46 45 37  1 49 50 63 
46 45 37  1 51 40 
46 45 37  1 51 52 52 
46 45 37  1 53 64 
46 45 37  1 53 54 67 
46 45 37  1 55 59 
46 45 37  1 55 56 60 
46 45 37  1 49 57 49 
46 45 37  1 49 57 58 60 
46 45 37  1 51 59 52 
46 45 37  1 51 59 60 44 
46 45 37  1 53 61 79 
46 45 37  1 53 54 62 62 
46 45 37  1 55 63 52 
46 45 37  1 55 63 64 60 
47 39  1 75 
47 39  1  2 61 
47 39  1  3 68 
47 39  1  3  4 51 
47 39  1  5 57 
47 39  1  5  6 55 
47 39  1  7 59 
47 39  1  7  8 49 
47 39  1  9 61 
47 39  1  2 10 71 
47 39  1  3 11 63 
47 39  1  3  4 12 64 
47 39  1  5 13 45 
47 39  1  5  6 14 59 
47 39  1  7 15 53 
47 39  1  7 15 16 51 
47 39  1 17 48 
47 39  1 17 18 57 
47 39  1 19 62 
47 39  1 19 20 58 
47 39  1 21 57 
47 39  1 21 22 67 
47 39  1 23 43 
47 39  1 23 24 45 
47 39  1 17 25 64 
47 39  1 17 25 26 77 
47 39  1 19 27 70 
47 39  1 19 20 28 58 
47 39  1 21 29 58 
47 39  1 21 29 30 57 
47 39  1 23 31 50 
47 39  1 23 31 32 40 
47 39  1 33 61 
47 39  1 33 34 61 
47 39  1 35 49 
47 39  1 35 36 51 
47 39  1 37 59 
47 39  1 37 38 64 
47 39 58 
47 48 40 56 
47 39  1 33 41 57 
47 39  1 33 41 42 72 
47 39  1 35 43 58 
47 39  1 35 43 44 73 
47 39  1 37 45 70 
47 39  1 37 45 46 60 
47 48 62 
47 39  1 49 53 
47 39  1 49 50 56 
47 39  1 51 65 
47 39  1 51 52 60 
47 39  1 53 74 
47 39  1 53 54 61 
47 39  1 55 52 
47 39  1 55 56 66 
47 39  1 49 57 61 
47 39  1 49 57 58 46 
47 39  1 51 59 53 
47 39  1 51 52 60 53 
47 39  1 53 61 65 
47 39  1 53 54 62 55 
47 39  1 55 63 56 
47 39  1 55 63 64 54 
48 47 39  1 55 
48 47 39  1  2 52 
48 47 39  1  3 55 
48 47 39  1  3  4 54 
48 47 39  1  5 42 
48 47 39  1  5  6 58 
48 47 39  1  7 72 
48 47 39  1  7  8 66 
48 47 39  1  9 63 
48 47 39  1  2 10 56 
48 47 39  1  3 11 67 
48 47 39  1  3  4 12 37 
48 47 39  1  5 13 55 
48 47 39  1  5 13 14 55 
48 47 39  1  7 15 49 
48 47 39  1  7 15 16 58 
48 47 39  1 17 61 
48 47 39  1 17 18 58 
48 47 39  1 19 56 
48 47 39  1 19 20 79 
48 47 39  1 21 59 
48 47 39  1 21 22 47 
48 47 39  1 23 58 
48 47 39  1 23 24 52 
48 47 39  1 17 25 52 
48 47 39  1 17 25 26 56 
48 47 39  1 19 27 65 
48 47 39  1 19 20 28 68 
48 47 39  1 21 29 52 
48 47 39  1 21 29 30 52 
48 47 39  1 23 31 65 
48 47 39  1 23 31 32 52 
48 47 39  1 33 60 
48 47 39  1 33 34 59 
48 47 39  1 35 74 
48 47 39  1 35 36 58 
48 47 39  1 37 51 
48 47 39  1 37 38 46 
48 47 39 56 
48 40 57 
48 47 39  1 33 41 61 
48 47 39  1 33 41 42 58 
48 47 39  1 35 43 68 
48 47 39  1 35 43 44 54 
48 47 39  1 37 45 46 
48 47 39  1 37 45 46 59 
48 47 63 
48 47 39  1 49 43 
48 47 39  1 49 50 47 
48 47 39  1 51 72 
48 47 39  1 51 52 53 
48 47 39  1 53 56 
48 47 39  1 53 54 53 
48 47 39  1 55 52 
48 47 39  1 55 56 59 
48 47 39  1 49 57 52 
48 47 39  1 49 57 58 56 
48 47 39  1 51 59 49 
48 47 39  1 51 52 60 64 
48 47 39  1 53 61 65 
48 47 39  1 53 61 62 70 
48 47 39  1 55 63 63 
48 47 39  1 55 56 64 61 
49  1 49 
49  1  2 47 
49  1  3 70 
49  1  3  4 64 
49  1  5 66 
49  1  5  6 67 
49  1  7 69 
49  1  7  8 59 
49  1  9 58 
49  1  2 10 49 
49  1  3 11 56 
49  1  3  4 12 67 
49  1  5 13 68 
49  1  5  6 14 56 
49  1  7 15 66 
49  1  7 15 16 59 
49  1 17 60 
49  1 17 18 64 
49  1 19 51 
49  1 19 20 59 
49  1 21 65 
49  1 21 22 57 
49  1 23 52 
49  1 23 24 55 
49  1 17 25 60 
49  1 17 25 26 73 
49  1 19 27 62 
49  1 19 20 28 49 
49  1 21 29 52 
49  1 21 29 30 47 
49  1 23 31 62 
49  1 23 31 32 54 
49  1 33 45 
49  1 33 34 44 
49  1 35 58 
49  1 35 36 67 
49  1 37 69 
49  1 37 38 41 
49  1 39 64 
49  1 39 40 61 
49  1 33 41 61 
49  1 33 41 42 59 
49  1 35 43 55 
49  1 35 43 44 61 
49  1 37 45 49 
49  1 37 45 46 50 
49  1 39 47 59 
49  1 39 47 48 70 
49 50 48 
49  1 51 67 
49  1 51 52 72 
49  1 53 55 
49  1 53 54 69 
49  1 55 48 
49  1 55 56 64 
49 57 58 
49 57 58 46 
49  1 51 59 76 
49  1 51 52 60 67 
49  1 53 61 68 
49  1 53 61 62 84 
49  1 55 63 61 
49  1 55 63 64 48 
50 49  1 56 
50 49  1  2 55 
50 49  1  3 68 
50 49  1  3  4 54 
50 49  1  5 59 
50 49  1  5  6 61 
50 49  1  7 51 
50 49  1  7  8 70 
50 49  1  9 56 
50 49  1  2 10 54 
50 49  1  3 11 55 
50 49  1  3  4 12 40 
50 49  1  5 13 57 
50 49  1  5  6 14 56 
50 49  1  7 15 58 
50 49  1  7 15 16 49 
50 49  1 17 48 
50 49  1 17 18 47 
50 49  1 19 48 
50 49  1 19 20 61 
50 49  1 21 63 
50 49  1 21 22 54 
50 49  1 23 73 
50 49  1 23 24 49 
50 49  1 17 25 65 
50 49  1 17 25 26 70 
50 49  1 19 27 71 
50 49  1 19 20 28 64 
50 49  1 21 29 66 
50 49  1 21 29 30 61 
50 49  1 23 31 70 
50 49  1 23 31 32 52 
50 49  1 33 54 
50 49  1 33 34 52 
50 49  1 35 86 
50 49  1 35 36 43 
50 49  1 37 68 
50 49  1 37 38 77 
50 49  1 39 57 
50 49  1 39 40 62 
50 49  1 33 41 48 
50 49  1 33 41 42 50 
50 49  1 35 43 52 
50 49  1 35 43 44 53 
50 49  1 37 45 83 
50 49  1 37 45 46 42 
50 49  1 39 47 59 
50 49  1 39 47 48 63 
50 49 55 
50 49  1 51 65 
50 49  1 51 52 60 
50 49  1 53 58 
50 49  1 53 54 49 
50 49  1 55 60 
50 49  1 55 56 76 
50 58 57 59 
50 58 71 
50 49  1 51 59 70 
50 49  1 51 52 60 53 
50 49  1 53 61 52 
50 49  1 53 61 62 64 
50 49  1 55 63 54 
50 49  1 55 63 64 73 
51  1 43 
51  1  2 46 
51  1  3 76 
51  1  3  4 60 
51  1  5 59 
51  1  5  6 59 
51  1  7 59 
51  1  7  8 45 
51  1  9 63 
51  1  2 10 53 
51  1  3 11 58 
51  1  3  4 12 44 
51  1  5 13 56 
51  1  5  6 14 49 
51  1  7 15 48 
51  1  7 15 16 64 
51  1 17 49 
51  1 17 18 63 
51  1 19 62 
51  1 19 20 62 
51  1 21 72 
51  1 21 22 63 
51  1 23 58 
51  1 23 24 44 
51  1 17 25 62 
51  1 17 25 26 55 
51  1 19 27 71 
51  1 19 20 28 48 
51  1 21 29 47 
51  1 21 29 30 62 
51  1 23 31 70 
51  1 23 31 32 48 
51  1 33 54 
51  1 33 34 53 
51  1 35 52 
51  1 35 36 68 
51  1 37 67 
51  1 37 38 41 
51  1 39 65 
51  1 39 40 47 
51  1 33 41 52 
51  1 33 41 42 52 
51  1 35 43 62 
51  1 35 43 44 51 
51  1 37 45 58 
51  1 37 45 46 49 
51  1 39 47 64 
51  1 39 47 48 61 
51  1 49 51 
51  1 49 50 63 
51 52 53 
51  1 53 49 
51  1 53 54 58 
51  1 55 73 
51  1 55 56 57 
51  1 49 57 60 
51  1 49 50 58 60 
51 59 46 
51 59 60 59 
51  1 53 61 60 
51  1 53 54 62 55 
51  1 55 63 65 
51  1 55 56 64 66 
52 51  1 65 
52 51  1  2 74 
52 51  1  3 51 
52 51  1  3  4 52 
52 51  1  5 46 
52 51  1  5  6 62 
52 51  1  7 60 
52 51  1  7  8 79 
52 51  1  9 62 
52 51  1  9 10 52 
52 51  1  3 11 57 
52 51  1  3  4 12 51 
52 51  1  5 13 62 
52 51  1  5 13 14 49 
52 51  1  7 15 54 
52 51  1  7 15 16 57 
52 51  1 17 73 
52 51  1 17 18 57 
52 51  1 19 62 
52 51  1 19 20 43 
52 51  1 21 60 
52 51  1 21 22 68 
52 51  1 23 38 
52 51  1 23 24 52 
52 51  1 17 25 52 
52 51  1 17 25 26 58 
52 51  1 19 27 67 
52 51  1 19 20 28 52 
52 51  1 21 29 63 
52 51  1 21 29 30 60 
52 51  1 23 31 49 
52 51  1 23 31 32 54 
52 51  1 33 54 
52 51  1 33 34 46 
52 51  1 35 62 
52 51  1 35 36 63 
52 51  1 37 56 
52 51  1 37 38 41 
52 51  1 39 57 
52 51  1 39 40 67 
52 51  1 33 41 68 
52 51  1 33 41 42 50 
52 51  1 35 43 59 
52 51  1 35 43 44 71 
52 51  1 37 45 47 
52 51  1 37 45 46 70 
52 51  1 39 47 60 
52 51  1 39 47 48 60 
52 51  1 49 70 
52 51  1 49 50 78 
52 51 72 
52 51  1 53 59 
52 51  1 53 54 49 
52 51  1 55 48 
52 51  1 55 56 45 
52 51  1 49 57 42 
52 51  1 49 57 58 51 
52 60 59 50 
52 60 71 
52 51  1 53 61 48 
52 51  1 53 61 62 63 
52 51  1 55 63 55 
52 51  1 55 63 64 72 
53  1 63 
53  1  2 63 
53  1  3 72 
53  1  3  4 59 
53  1  5 75 
53  1  5  6 70 
53  1  7 60 
53  1  7  8 64 
53  1  9 70 
53  1  9 10 54 
53  1  3 11 60 
53  1  3 11 12 73 
53  1  5 13 60 
53  1  5  6 14 55 
53  1  7 15 60 
53  1  7 15 16 53 
53  1 17 72 
53  1 17 18 64 
53  1 19 44 
53  1 19 20 50 
53  1 21 60 
53  1 21 22 58 
53  1 23 64 
53  1 23 24 49 
53  1 17 25 54 
53  1 17 25 26 46 
53  1 19 27 40 
53  1 19 20 28 50 
53  1 21 29 55 
53  1 21 29 30 56 
53  1 23 31 59 
53  1 23 31 32 72 
53  1 33 40 
53  1 33 34 49 
53  1 35 53 
53  1 35 36 60 
53  1 37 74 
53  1 37 38 44 
53  1 39 65 
53  1 39 40 57 
53  1 33 41 65 
53  1 33 41 42 67 
53  1 35 43 59 
53  1 35 43 44 51 
53  1 37 45 67 
53  1 37 45 46 66 
53  1 39 47 53 
53  1 39 47 48 39 
53  1 49 80 
53  1 49 50 57 
53  1 51 62 
53  1 51 52 51 
53 54 54 
53  1 55 53 
53  1 55 56 64 
53  1 49 57 56 
53  1 49 50 58 56 
53  1 51 59 45 
53  1 51 52 60 55 
53 61 78 
53 61 62 58 
53  1 55 63 55 
53  1 55 63 64 66 
54 53  1 58 
54 53  1  2 58 
54 53  1  3 66 
54 53  1  3  4 40 
54 53  1  5 57 
54 53  1  5  6 51 
54 53  1  7 60 
54 53  1  7  8 44 
54 53  1  9 49 
54 53  1  2 10 70 
54 53  1  3 11 73 
54 53  1  3  4 12 61 
54 53  1  5 13 50 
54 53  1  5  6 14 55 
54 53  1  7 15 47 
54 53  1  7 15 16 44 
54 53  1 17 57 
54 53  1 17 18 58 
54 53  1 19 44 
54 53  1 19 20 56 
54 53  1 21 54 
54 53  1 21 22 63 
54 53  1 23 58 
54 53  1 23 24 54 
54 53  1 17 25 65 
54 53  1 17 25 26 61 
54 53  1 19 27 50 
54 53  1 19 20 28 42 
54 53  1 21 29 49 
54 53  1 21 29 30 54 
54 53  1 23 31 62 
54 53  1 23 31 32 62 
54 53  1 33 59 
54 53  1 33 34 59 
54 53  1 35 57 
54 53  1 35 36 76 
54 53  1 37 49 
54 53  1 37 38 42 
54 53  1 39 57 
54 53  1 39 40 60 
54 53  1 33 41 70 
54 53  1 33 41 42 63 
54 53  1 35 43 53 
54 53  1 35 43 44 43 
54 53  1 37 45 54 
54 53  1 37 45 46 46 
54 53  1 39 47 50 
54 53  1 39 47 48 66 
54 53  1 49 56 
54 53  1 49 50 71 
54 53  1 51 61 
54 53  1 51 52 56 
54 53 69 
54 53  1 55 64 
54 53  1 55 56 53 
54 53  1 49 57 59 
54 53  1 49 50 58 54 
54 53  1 51 59 60 
54 53  1 51 59 60 63 
54 62 61 61 
54 62 63 
54 53  1 55 63 53 
54 53  1 55 56 64 57 
55  1 69 
55  1  2 63 
55  1  3 52 
55  1  3  4 55 
55  1  5 59 
55  1  5  6 72 
55  1  7 68 
55  1  7  8 60 
55  1  9 62 
55  1  2 10 56 
55  1  3 11 50 
55  1  3  4 12 58 
55  1  5 13 57 
55  1  5  6 14 59 
55  1  7 15 52 
55  1  7 15 16 66 
55  1 17 56 
55  1 17 18 65 
55  1 19 42 
55  1 19 20 64 
55  1 21 46 
55  1 21 22 64 
55  1 23 61 
55  1 23 24 52 
55  1 17 25 74 
55  1 17 25 26 54 
55  1 19 27 41 
55  1 19 20 28 54 
55  1 21 29 75 
55  1 21 29 30 57 
55  1 23 31 60 
55  1 23 31 32 51 
55  1 33 58 
55  1 33 34 63 
55  1 35 53 
55  1 35 36 52 
55  1 37 65 
55  1 37 38 68 
55  1 39 60 
55  1 39 40 63 
55  1 33 41 59 
55  1 33 41 42 60 
55  1 35 43 45 
55  1 35 43 44 59 
55  1 37 45 56 
55  1 37 45 46 59 
55  1 39 47 73 
55  1 39 47 48 51 
55  1 49 67 
55  1 49 50 60 
55  1 51 44 
55  1 51 52 43 
55  1 53 45 
55  1 53 54 59 
55 56 70 
55  1 49 57 61 
55  1 49 50 58 44 
55  1 51 59 52 
55  1 51 59 60 68 
55  1 53 61 63 
55  1 53 61 62 69 
55 63 75 
55 63 64 52 
56 55  1 58 
56 55  1  2 52 
56 55  1  3 60 
56 55  1  3  4 79 
56 55  1  5 67 
56 55  1  5  6 66 
56 55  1  7 51 
56 55  1  7  8 54 
56 55  1  9 59 
56 55  1  2 10 51 
56 55  1  3 11 61 
56 55  1  3  4 12 69 
56 55  1  5 13 60 
56 55  1  5  6 14 48 
56 55  1  7 15 66 
56 55  1  7 15 16 65 
56 55  1 17 92 
56 55  1 17 18 62 
56 55  1 19 58 
56 55  1 19 20 48 
56 55  1 21 52 
56 55  1 21 22 67 
56 55  1 23 52 
56 55  1 23 24 46 
56 55  1 17 25 65 
56 55  1 17 25 26 68 
56 55  1 19 27 46 
56 55  1 19 20 28 52 
56 55  1 21 29 67 
56 55  1 21 29 30 51 
56 55  1 23 31 70 
56 55  1 23 31 32 66 
56 55  1 33 68 
56 55  1 33 34 74 
56 55  1 35 55 
56 55  1 35 36 68 
56 55  1 37 53 
56 55  1 37 38 53 
56 55  1 39 56 
56 55  1 39 40 59 
56 55  1 33 41 63 
56 55  1 33 41 42 81 
56 55  1 35 43 65 
56 55  1 35 43 44 58 
56 55  1 37 45 55 
56 55  1 37 45 46 65 
56 55  1 39 47 67 
56 55  1 39 47 48 57 
56 55  1 49 50 
56 55  1 49 50 65 
56 55  1 51 74 
56 55  1 51 52 48 
56 55  1 53 56 
56 55  1 53 54 54 
56 55 56 
56 55  1 49 57 79 
56 55  1 49 50 58 68 
56 55  1 51 59 68 
56 55  1 51 52 60 72 
56 55  1 53 61 49 
56 55  1 53 54 62 42 
56 64 63 68 
56 64 51 
57 49  1 52 
57 49  1  2 56 
57 49  1  3 61 
57 49  1  3  4 51 
57 49  1  5 43 
57 49  1  5  6 55 
57 49  1  7 62 
57 49  1  7  8 58 
57 49  1  9 54 
57 49  1  2 10 65 
57 49  1  3 11 47 
57 49  1  3 11 12 47 
57 49  1  5 13 55 
57 49  1  5  6 14 51 
57 49  1  7 15 60 
57 49  1  7 15 16 52 
57 49  1 17 54 
57 49  1 17 18 58 
57 49  1 19 50 
57 49  1 19 20 48 
57 49  1 21 70 
57 49  1 21 22 50 
57 49  1 23 40 
57 49  1 23 24 52 
57 49  1 17 25 49 
57 49  1 17 25 26 67 
57 49  1 19 27 41 
57 49  1 19 20 28 51 
57 49  1 21 29 52 
57 49  1 21 29 30 47 
57 49  1 23 31 60 
57 49  1 23 31 32 67 
57 49  1 33 59 
57 49  1 33 34 57 
57 49  1 35 73 
57 49  1 35 36 46 
57 49  1 37 65 
57 49  1 37 38 57 
57 49  1 39 55 
57 49  1 39 40 69 
57 49  1 33 41 64 
57 49  1 33 41 42 64 
57 49  1 35 43 55 
57 49  1 35 43 44 59 
57 49  1 37 45 70 
57 49  1 37 45 46 52 
57 49  1 39 47 55 
57 49  1 39 47 48 59 
57 49 54 
57 58 50 72 
57 49  1 51 64 
57 49  1 51 52 69 
57 49  1 53 55 
57 49  1 53 54 45 
57 49  1 55 58 
57 49  1 55 56 47 
57 58 48 
57 49  1 51 59 64 
57 49  1 51 52 60 70 
57 49  1 53 61 63 
57 49  1 53 54 62 56 
57 49  1 55 63 59 
57 49  1 55 56 64 55 
58 57 49  1 60 
58 57 49  1  2 62 
58 57 49  1  3 69 
58 57 49  1  3  4 54 
58 57 49  1  5 42 
58 57 49  1  5  6 53 
58 57 49  1  7 63 
58 57 49  1  7  8 59 
58 57 49  1  9 60 
58 57 49  1  2 10 58 
58 57 49  1  3 11 59 
58 57 49  1  3 11 12 49 
58 57 49  1  5 13 56 
58 57 49  1  5  6 14 62 
58 57 49  1  7 15 70 
58 57 49  1  7 15 16 60 
58 57 49  1 17 63 
58 57 49  1 17 18 67 
58 57 49  1 19 59 
58 57 49  1 19 20 54 
58 57 49  1 21 70 
58 57 49  1 21 22 52 
58 57 49  1 23 60 
58 57 49  1 23 24 80 
58 57 49  1 17 25 57 
58 57 49  1 17 25 26 66 
58 57 49  1 19 27 44 
58 57 49  1 19 20 28 42 
58 57 49  1 21 29 52 
58 57 49  1 21 29 30 47 
58 57 49  1 23 31 59 
58 57 49  1 23 31 32 54 
58 57 49  1 33 49 
58 57 49  1 33 34 63 
58 57 49  1 35 79 
58 57 49  1 35 36 56 
58 57 49  1 37 66 
58 57 49  1 37 38 68 
58 57 49  1 39 47 
58 57 49  1 39 40 60 
58 57 49  1 33 41 72 
58 57 49  1 33 41 42 53 
58 57 49  1 35 43 55 
58 57 49  1 35 43 44 47 
58 57 49  1 37 45 48 
58 57 49  1 37 45 46 50 
58 57 49  1 39 47 74 
58 57 49  1 39 47 48 71 
58 57 49 42 
58 50 52 
58 57 49  1 51 48 
58 57 49  1 51 52 50 
58 57 49  1 53 54 
58 57 49  1 53 54 61 
58 57 49  1 55 57 
58 57 49  1 55 56 62 
58 57 55 
58 57 49  1 51 59 68 
58 57 49  1 51 52 60 53 
58 57 49  1 53 61 73 
58 57 49  1 53 54 62 68 
58 57 49  1 55 63 71 
58 57 49  1 55 56 64 60 
59 51  1 72 
59 51  1  2 68 
59 51  1  3 56 
59 51  1  3  4 38 
59 51  1  5 60 
59 51  1  5  6 40 
59 51  1  7 37 
59 51  1  7  8 53 
59 51  1  9 63 
59 51  1  2 10 51 
59 51  1  3 11 45 
59 51  1  3  4 12 67 
59 51  1  5 13 54 
59 51  1  5 13 14 55 
59 51  1  7 15 61 
59 51  1  7 15 16 72 
59 51  1 17 59 
59 51  1 17 18 56 
59 51  1 19 51 
59 51  1 19 20 83 
59 51  1 21 49 
59 51  1 21 22 54 
59 51  1 23 54 
59 51  1 23 24 62 
59 51  1 17 25 55 
59 51  1 17 25 26 48 
59 51  1 19 27 57 
59 51  1 19 20 28 89 
59 51  1 21 29 58 
59 51  1 21 29 30 51 
59 51  1 23 31 46 
59 51  1 23 31 32 60 
59 51  1 33 55 
59 51  1 33 34 68 
59 51  1 35 52 
59 51  1 35 36 53 
59 51  1 37 60 
59 51  1 37 38 48 
59 51  1 39 49 
59 51  1 39 40 49 
59 51  1 33 41 64 
59 51  1 33 41 42 54 
59 51  1 35 43 69 
59 51  1 35 43 44 72 
59 51  1 37 45 51 
59 51  1 37 45 46 53 
59 51  1 39 47 41 
59 51  1 39 47 48 77 
59 51  1 49 49 
59 51  1 49 50 57 
59 51 50 
59 60 52 44 
59 51  1 53 58 
59 51  1 53 54 70 
59 51  1 55 70 
59 51  1 55 56 54 
59 51  1 49 57 52 
59 51  1 49 50 58 56 
59 60 50 
59 51  1 53 61 61 
59 51  1 53 61 62 58 
59 51  1 55 63 48 
59 51  1 55 56 64 56 
60 59 51  1 52 
60 59 51  1  2 54 
60 59 51  1  3 58 
60 59 51  1  3  4 56 
60 59 51  1  5 62 
60 59 51  1  5  6 67 
60 59 51  1  7 62 
60 59 51  1  7  8 62 
60 59 51  1  9 62 
60 59 51  1  2 10 54 
60 59 51  1  3 11 60 
60 59 51  1  3 11 12 68 
60 59 51  1  5 13 49 
60 59 51  1  5  6 14 59 
60 59 51  1  7 15 61 
60 59 51  1  7 15 16 73 
60 59 51  1 17 59 
60 59 51  1 17 18 53 
60 59 51  1 19 66 
60 59 51  1 19 20 56 
60 59 51  1 21 64 
60 59 51  1 21 22 57 
60 59 51  1 23 60 
60 59 51  1 23 24 65 
60 59 51  1 17 25 48 
60 59 51  1 17 25 26 61 
60 59 51  1 19 27 58 
60 59 51  1 19 20 28 50 
60 59 51  1 21 29 63 
60 59 51  1 21 29 30 66 
60 59 51  1 23 31 40 
60 59 51  1 23 31 32 60 
60 59 51  1 33 44 
60 59 51  1 33 34 66 
60 59 51  1 35 58 
60 59 51  1 35 36 63 
60 59 51  1 37 58 
60 59 51  1 37 38 61 
60 59 51  1 39 62 
60 59 51  1 39 40 69 
60 59 51  1 33 41 62 
60 59 51  1 33 41 42 65 
60 59 51  1 35 43 52 
60 59 51  1 35 43 44 50 
60 59 51  1 37 45 55 
60 59 51  1 37 45 46 63 
60 59 51  1 39 47 55 
60 59 51  1 39 47 48 62 
60 59 51  1 49 63 
60 59 51  1 49 50 44 
60 59 51 51 
60 52 53 
60 59 51  1 53 51 
60 59 51  1 53 54 60 
60 59 51  1 55 60 
60 59 51  1 55 56 59 
60 59 51  1 49 57 68 
60 59 51  1 49 50 58 58 
60 59 68 
60 59 51  1 53 61 55 
60 59 51  1 53 61 62 56 
60 59 51  1 55 63 59 
60 59 51  1 55 56 64 47 
61 53  1 69 
61 53  1  2 61 
61 53  1  3 40 
61 53  1  3  4 64 
61 53  1  5 66 
61 53  1  5  6 40 
61 53  1  7 51 
61 53  1  7  8 54 
61 53  1  9 72 
61 53  1  2 10 88 
61 53  1  3 11 66 
61 53  1  3 11 12 64 
61 53  1  5 13 70 
61 53  1  5 13 14 59 
61 53  1  7 15 60 
61 53  1  7 15 16 59 
61 53  1 17 70 
61 53  1 17 18 62 
61 53  1 19 52 
61 53  1 19 20 50 
61 53  1 21 58 
61 53  1 21 22 63 
61 53  1 23 52 
61 53  1 23 24 50 
61 53  1 17 25 44 
61 53  1 17 25 26 61 
61 53  1 19 27 54 
61 53  1 19 20 28 62 
61 53  1 21 29 63 
61 53  1 21 29 30 55 
61 53  1 23 31 62 
61 53  1 23 31 32 61 
61 53  1 33 52 
61 53  1 33 34 61 
61 53  1 35 46 
61 53  1 35 36 47 
61 53  1 37 58 
61 53  1 37 38 60 
61 53  1 39 55 
61 53  1 39 40 67 
61 53  1 33 41 66 
61 53  1 33 41 42 78 
61 53  1 35 43 63 
61 53  1 35 43 44 51 
61 53  1 37 45 53 
61 53  1 37 45 46 57 
61 53  1 39 47 59 
61 53  1 39 47 48 42 
61 53  1 49 47 
61 53  1 49 50 70 
61 53  1 51 46 
61 53  1 51 52 62 
61 53 59 
61 62 54 58 
61 53  1 55 51 
61 53  1 55 56 53 
61 53  1 49 57 48 
61 53  1 49 57 58 54 
61 53  1 51 59 58 
61 53  1 51 59 60 55 
61 62 54 
61 53  1 55 63 61 
61 53  1 55 63 64 69 
62 61 53  1 68 
62 61 53  1  2 41 
62 61 53  1  3 61 
62 61 53  1  3  4 44 
62 61 53  1  5 54 
62 61 53  1  5  6 56 
62 61 53  1  7 69 
62 61 53  1  7  8 61 
62 61 53  1  9 76 
62 61 53  1  2 10 65 
62 61 53  1  3 11 50 
62 61 53  1  3  4 12 60 
62 61 53  1  5 13 56 
62 61 53  1  5  6 14 65 
62 61 53  1  7 15 51 
62 61 53  1  7 15 16 61 
62 61 53  1 17 54 
62 61 53  1 17 18 58 
62 61 53  1 19 56 
62 61 53  1 19 20 60 
62 61 53  1 21 50 
62 61 53  1 21 22 54 
62 61 53  1 23 46 
62 61 53  1 23 24 62 
62 61 53  1 17 25 57 
62 61 53  1 17 25 26 70 
62 61 53  1 19 27 51 
62 61 53  1 19 20 28 58 
62 61 53  1 21 29 54 
62 61 53  1 21 29 30 67 
62 61 53  1 23 31 62 
62 61 53  1 23 31 32 55 
62 61 53  1 33 53 
62 61 53  1 33 34 56 
62 61 53  1 35 54 
62 61 53  1 35 36 56 
62 61 53  1 37 54 
62 61 53  1 37 38 52 
62 61 53  1 39 57 
62 61 53  1 39 40 46 
62 61 53  1 33 41 61 
62 61 53  1 33 41 42 56 
62 61 53  1 35 43 60 
62 61 53  1 35 43 44 68 
62 61 53  1 37 45 77 
62 61 53  1 37 45 46 59 
62 61 53  1 39 47 55 
62 61 53  1 39 47 48 52 
62 61 53  1 49 67 
62 61 53  1 49 50 59 
62 61 53  1 51 63 
62 61 53  1 51 52 66 
62 61 53 62 
62 54 67 
62 61 53  1 55 65 
62 61 53  1 55 56 67 
62 61 53  1 49 57 68 
62 61 53  1 49 50 58 58 
62 61 53  1 51 59 44 
62 61 53  1 51 59 60 60 
62 61 59 
62 61 53  1 55 63 64 
62 61 53  1 55 63 64 42 
63 55  1 58 
63 55  1  2 43 
63 55  1  3 59 
63 55  1  3  4 48 
63 55  1  5 47 
63 55  1  5  6 68 
63 55  1  7 59 
63 55  1  7  8 51 
63 55  1  9 54 
63 55  1  2 10 64 
63 55  1  3 11 64 
63 55  1  3  4 12 55 
63 55  1  5 13 53 
63 55  1  5  6 14 55 
63 55  1  7 15 44 
63 55  1  7 15 16 75 
63 55  1 17 70 
63 55  1 17 18 74 
63 55  1 19 47 
63 55  1 19 20 67 
63 55  1 21 59 
63 55  1 21 22 58 
63 55  1 23 48 
63 55  1 23 24 59 
63 55  1 17 25 48 
63 55  1 17 25 26 58 
63 55  1 19 27 57 
63 55  1 19 20 28 60 
63 55  1 21 29 56 
63 55  1 21 29 30 54 
63 55  1 23 31 59 
63 55  1 23 31 32 59 
63 55  1 33 68 
63 55  1 33 34 59 
63 55  1 35 63 
63 55  1 35 36 61 
63 55  1 37 59 
63 55  1 37 38 73 
63 55  1 39 63 
63 55  1 39 40 52 
63 55  1 33 41 67 
63 55  1 33 41 42 44 
63 55  1 35 43 54 
63 55  1 35 43 44 48 
63 55  1 37 45 74 
63 55  1 37 45 46 58 
63 55  1 39 47 50 
63 55  1 39 47 48 49 
63 55  1 49 64 
63 55  1 49 50 40 
63 55  1 51 58 
63 55  1 51 52 47 
63 55  1 53 60 
63 55  1 53 54 65 
63 55 44 
63 64 56 60 
63 55  1 49 57 65 
63 55  1 49 57 58 67 
63 55  1 51 59 74 
63 55  1 51 52 60 55 
63 55  1 53 61 60 
63 55  1 53 61 62 61 
63 64 64 
64 63 55  1 52 
64 63 55  1  2 59 
64 63 55  1  3 68 
64 63 55  1  3  4 47 
64 63 55  1  5 44 
64 63 55  1  5  6 49 
64 63 55  1  7 65 
64 63 55  1  7  8 70 
64 63 55  1  9 44 
64 63 55  1  2 10 64 
64 63 55  1  3 11 66 
64 63 55  1  3 11 12 56 
64 63 55  1  5 13 64 
64 63 55  1  5  6 14 77 
64 63 55  1  7 15 59 
64 63 55  1  7 15 16 57 
64 63 55  1 17 51 
64 63 55  1 17 18 45 
64 63 55  1 19 54 
64 63 55  1 19 20 62 
64 63 55  1 21 49 
64 63 55  1 21 22 46 
64 63 55  1 23 58 
64 63 55  1 23 24 69 
64 63 55  1 17 25 67 
64 63 55  1 17 25 26 73 
64 63 55  1 19 27 47 
64 63 55  1 19 20 28 56 
64 63 55  1 21 29 71 
64 63 55  1 21 29 30 72 
64 63 55  1 23 31 62 
64 63 55  1 23 31 32 55 
64 63 55  1 33 57 
64 63 55  1 33 34 62 
64 63 55  1 35 53 
64 63 55  1 35 36 50 
64 63 55  1 37 69 
64 63 55  1 37 38 60 
64 63 55  1 39 57 
64 63 55  1 39 40 44 
64 63 55  1 33 41 54 
64 63 55  1 33 41 42 61 
64 63 55  1 35 43 46 
64 63 55  1 35 43 44 67 
64 63 55  1 37 45 58 
64 63 55  1 37 45 46 60 
64 63 55  1 39 47 58 
64 63 55  1 39 47 48 55 
64 63 55  1 49 61 
64 63 55  1 49 50 72 
64 63 55  1 51 51 
64 63 55  1 51 52 51 
64 63 55  1 53 47 
64 63 55  1 53 54 75 
64 63 55 49 
64 56 66 
64 63 55  1 49 57 55 
64 63 55  1 49 57 58 69 
64 63 55  1 51 59 70 
64 63 55  1 51 52 60 53 
64 63 55  1 53 61 60 
64 63 55  1 53 61 62 63 
64 63 50 
