 1  2 87 
 1  3 145 
 1  3  4 137 
 1  5 147 
 1  5  6 116 
 1  7 104 
 1  7  8 97 
 1  9 85 
 1  2 10 97 
 1  3 11 151 
 1  3  4 12 131 
 1  5 13 153 
 1  5 13 14 99 
 1  7 15 82 
 1  7  8 16 113 
 1 17 92 
 1 17 18 78 
 1 19 148 
 1 19 20 189 
 1 21 150 
 1 21 22 100 
 1 23 77 
 1 23 24 131 
 1 17 25 83 
 1 17 25 26 92 
 1 19 27 115 
 1 19 20 28 154 
 1 21 29 134 
 1 21 22 30 111 
 1 23 31 81 
 1 23 24 32 128 
 1 33 88 
 1 33 34 92 
 1 35 138 
 1 35 36 156 
 1 37 158 
 1 37 38 104 
 1 39 75 
 1 39 40 125 
 1 33 41 95 
 1 33 41 42 93 
 1 35 43 164 
 1 35 36 44 134 
 1 37 45 134 
 1 37 45 46 124 
 1 39 47 100 
 1 39 40 48 136 
 1 49 85 
 1 49 50 79 
 1 51 135 
 1 51 52 148 
 1 53 123 
 1 53 54 90 
 1 55 76 
 1 55 56 121 
 1 49 57 90 
 1 49 57 58 96 
 1 51 59 104 
 1 51 59 60 125 
 1 53 61 99 
 1 53 54 62 92 
 1 55 63 73 
 1 55 63 64 146 
 2  1 84 
 2  1  3 183 
 2  1  3  4 160 
 2  1  5 149 
 2  1  5  6 93 
 2  1  7 87 
 2  1  7  8 105 
 2 10  9 90 
 2 10 88 
 2  1  3 11 128 
 2  1  3  4 12 137 
 2  1  5 13 109 
 2  1  5 13 14 96 
 2  1  7 15 78 
 2  1  7  8 16 108 
 2  1 17 90 
 2  1 17 18 84 
 2  1 19 125 
 2  1 19 20 146 
 2  1 21 158 
 2  1 21 22 107 
 2  1 23 80 
 2  1 23 24 104 
 2  1 17 25 98 
 2  1 17 25 26 81 
 2  1 19 27 133 
 2  1 19 20 28 126 
 2  1 21 29 126 
 2  1 21 22 30 106 
 2  1 23 31 88 
 2  1 23 24 32 132 
 2  1 33 73 
 2  1 33 34 99 
 2  1 35 160 
 2  1 35 36 162 
 2  1 37 135 
 2  1 37 38 108 
 2  1 39 85 
 2  1 39 40 128 
 2  1 33 41 93 
 2  1 33 34 42 89 
 2  1 35 43 126 
 2  1 35 36 44 158 
 2  1 37 45 148 
 2  1 37 45 46 111 
 2  1 39 47 89 
 2  1 39 40 48 133 
 2  1 49 99 
 2  1 49 50 99 
 2  1 51 119 
 2  1 51 52 143 
 2  1 53 152 
 2  1 53 54 107 
 2  1 55 77 
 2  1 55 56 135 
 2  1 49 57 120 
 2  1 49 50 58 104 
 2  1 51 59 109 
 2  1 51 59 60 98 
 2  1 53 61 107 
 2  1 53 54 62 97 
 2  1 55 63 65 
 2  1 55 63 64 149 
 3  1 77 
 3  1  2 108 
 3  4 147 
 3  1  5 155 
 3  1  5  6 106 
 3  1  7 70 
 3  1  7  8 112 
 3  1  9 97 
 3  1  2 10 91 
 3 11 124 
 3 11 12 168 
 3  1  5 13 134 
 3  1  5 13 14 95 
 3  1  7 15 79 
 3  1  7  8 16 122 
 3  1 17 83 
 3  1 17 18 89 
 3  1 19 124 
 3  1 19 20 148 
 3  1 21 112 
 3  1 21 22 103 
 3  1 23 76 
 3  1 23 24 109 
 3  1 17 25 85 
 3  1 17 25 26 75 
 3  1 19 27 117 
 3  1 19 20 28 152 
 3  1 21 29 163 
 3  1 21 22 30 113 
 3  1 23 31 86 
 3  1 23 24 32 130 
 3  1 33 94 
 3  1 33 34 97 
 3  1 35 122 
 3  1 35 36 155 
 3  1 37 155 
 3  1 37 38 115 
 3  1 39 90 
 3  1 39 40 134 
 3  1 33 41 95 
 3  1 33 34 42 80 
 3  1 35 43 139 
 3  1 35 43 44 140 
 3  1 37 45 151 
 3  1 37 45 46 107 
 3  1 39 47 86 
 3  1 39 40 48 139 
 3  1 49 87 
 3  1 49 50 84 
 3  1 51 136 
 3  1 51 52 147 
 3  1 53 117 
 3  1 53 54 108 
 3  1 55 95 
 3  1 55 56 124 
 3  1 49 57 96 
 3  1 49 57 58 84 
 3  1 51 59 102 
 3  1 51 59 60 132 
 3  1 53 61 108 
 3  1 53 54 62 78 
 3  1 55 63 87 
 3  1 55 63 64 149 
 4  3  1 73 
 4  3  1  2 101 
 4  3 150 
 4  3  1  5 155 
 4  3  1  5  6 135 
 4  3  1  7 98 
 4  3  1  7  8 116 
 4  3  1  9 95 
 4  3  1  2 10 99 
 4  3 11 134 
 4 12 129 
 4  3  1  5 13 127 
 4  3  1  5 13 14 110 
 4  3  1  7 15 75 
 4  3  1  7  8 16 125 
 4  3  1 17 76 
 4  3  1 17 18 72 
 4  3  1 19 132 
 4  3  1 19 20 151 
 4  3  1 21 138 
 4  3  1 21 22 98 
 4  3  1 23 78 
 4  3  1 23 24 116 
 4  3  1 17 25 87 
 4  3  1 17 25 26 82 
 4  3  1 19 27 111 
 4  3  1 19 20 28 163 
 4  3  1 21 29 132 
 4  3  1 21 22 30 109 
 4  3  1 23 31 88 
 4  3  1 23 24 32 131 
 4  3  1 33 98 
 4  3  1 33 34 91 
 4  3  1 35 121 
 4  3  1 35 36 132 
 4  3  1 37 141 
 4  3  1 37 38 109 
 4  3  1 39 93 
 4  3  1 39 40 140 
 4  3  1 33 41 100 
 4  3  1 33 34 42 93 
 4  3  1 35 43 118 
 4  3  1 35 36 44 142 
 4  3  1 37 45 124 
 4  3  1 37 45 46 117 
 4  3  1 39 47 84 
 4  3  1 39 40 48 147 
 4  3  1 49 81 
 4  3  1 49 50 110 
 4  3  1 51 131 
 4  3  1 51 52 153 
 4  3  1 53 148 
 4  3  1 53 54 115 
 4  3  1 55 87 
 4  3  1 55 56 113 
 4  3  1 49 57 93 
 4  3  1 49 50 58 94 
 4  3  1 51 59 90 
 4  3  1 51 59 60 93 
 4  3  1 53 61 108 
 4  3  1 53 54 62 90 
 4  3  1 55 63 76 
 4  3  1 55 63 64 140 
 5  1 89 
 5  1  2 87 
 5  1  3 176 
 5  1  3  4 137 
 5  6 129 
 5  1  7 70 
 5  1  7  8 128 
 5  1  9 89 
 5  1  2 10 87 
 5  1  3 11 141 
 5  1  3 11 12 161 
 5 13 119 
 5  6 14 102 
 5  1  7 15 82 
 5  1  7  8 16 119 
 5  1 17 85 
 5  1 17 18 91 
 5  1 19 108 
 5  1 19 20 154 
 5  1 21 123 
 5  1 21 22 93 
 5  1 23 70 
 5  1 23 24 111 
 5  1 17 25 105 
 5  1 17 25 26 92 
 5  1 19 27 130 
 5  1 19 20 28 120 
 5  1 21 29 153 
 5  1 21 22 30 107 
 5  1 23 31 85 
 5  1 23 24 32 116 
 5  1 33 111 
 5  1 33 34 97 
 5  1 35 139 
 5  1 35 36 159 
 5  1 37 153 
 5  1 37 38 121 
 5  1 39 79 
 5  1 39 40 130 
 5  1 33 41 101 
 5  1 33 34 42 106 
 5  1 35 43 137 
 5  1 35 36 44 165 
 5  1 37 45 146 
 5  1 37 45 46 102 
 5  1 39 47 85 
 5  1 39 47 48 111 
 5  1 49 90 
 5  1 49 50 82 
 5  1 51 131 
 5  1 51 52 133 
 5  1 53 122 
 5  1 53 54 103 
 5  1 55 83 
 5  1 55 56 134 
 5  1 49 57 93 
 5  1 49 57 58 90 
 5  1 51 59 89 
 5  1 51 59 60 124 
 5  1 53 61 91 
 5  1 53 54 62 78 
 5  1 55 63 85 
 5  1 55 63 64 123 
 6  5  1 86 
 6  5  1  2 98 
 6  5  1  3 130 
 6  5  1  3  4 167 
 6  5 148 
 6  5  1  7 80 
 6  5  1  7  8 116 
 6  5  1  9 100 
 6  5  1  2 10 93 
 6  5  1  3 11 161 
 6  5  1  3 11 12 133 
 6 14 13 139 
 6 14 107 
 6  5  1  7 15 78 
 6  5  1  7  8 16 109 
 6  5  1 17 76 
 6  5  1 17 18 81 
 6  5  1 19 132 
 6  5  1 19 20 143 
 6  5  1 21 152 
 6  5  1 21 22 91 
 6  5  1 23 80 
 6  5  1 23 24 133 
 6  5  1 17 25 81 
 6  5  1 17 25 26 78 
 6  5  1 19 27 110 
 6  5  1 19 20 28 156 
 6  5  1 21 29 168 
 6  5  1 21 22 30 101 
 6  5  1 23 31 93 
 6  5  1 23 24 32 124 
 6  5  1 33 66 
 6  5  1 33 34 87 
 6  5  1 35 127 
 6  5  1 35 36 137 
 6  5  1 37 133 
 6  5  1 37 38 99 
 6  5  1 39 68 
 6  5  1 39 40 114 
 6  5  1 33 41 109 
 6  5  1 33 34 42 93 
 6  5  1 35 43 132 
 6  5  1 35 36 44 133 
 6  5  1 37 45 142 
 6  5  1 37 45 46 112 
 6  5  1 39 47 70 
 6  5  1 39 40 48 112 
 6  5  1 49 80 
 6  5  1 49 50 86 
 6  5  1 51 127 
 6  5  1 51 52 168 
 6  5  1 53 130 
 6  5  1 53 54 97 
 6  5  1 55 74 
 6  5  1 55 56 128 
 6  5  1 49 57 113 
 6  5  1 49 50 58 84 
 6  5  1 51 59 116 
 6  5  1 51 59 60 131 
 6  5  1 53 61 131 
 6  5  1 53 54 62 71 
 6  5  1 55 63 91 
 6  5  1 55 63 64 147 
 7  1 87 
 7  1  2 90 
 7  1  3 125 
 7  1  3  4 162 
 7  1  5 154 
 7  1  5  6 97 
 7  8 112 
 7  1  9 90 
 7  1  2 10 94 
 7  1  3 11 129 
 7  1  3  4 12 133 
 7  1  5 13 119 
 7  1  5  6 14 116 
 7 15 84 
 7 15 16 129 
 7  1 17 92 
 7  1 17 18 83 
 7  1 19 112 
 7  1 19 20 131 
 7  1 21 142 
 7  1 21 22 110 
 7  1 23 76 
 7  1 23 24 109 
 7  1 17 25 93 
 7  1 17 25 26 102 
 7  1 19 27 118 
 7  1 19 20 28 137 
 7  1 21 29 132 
 7  1 21 22 30 109 
 7  1 23 31 67 
 7  1 23 24 32 130 
 7  1 33 97 
 7  1 33 34 91 
 7  1 35 145 
 7  1 35 36 137 
 7  1 37 124 
 7  1 37 38 95 
 7  1 39 84 
 7  1 39 40 141 
 7  1 33 41 102 
 7  1 33 34 42 100 
 7  1 35 43 160 
 7  1 35 36 44 160 
 7  1 37 45 148 
 7  1 37 45 46 102 
 7  1 39 47 85 
 7  1 39 40 48 141 
 7  1 49 93 
 7  1 49 50 110 
 7  1 51 115 
 7  1 51 52 163 
 7  1 53 120 
 7  1 53 54 123 
 7  1 55 71 
 7  1 55 56 105 
 7  1 49 57 117 
 7  1 49 50 58 84 
 7  1 51 59 102 
 7  1 51 59 60 130 
 7  1 53 61 109 
 7  1 53 61 62 80 
 7  1 55 63 96 
 7  1 55 63 64 155 
 8  7  1 89 
 8  7  1  2 115 
 8  7  1  3 143 
 8  7  1  3  4 141 
 8  7  1  5 159 
 8  7  1  5  6 113 
 8  7 92 
 8  7  1  9 100 
 8  7  1  2 10 76 
 8  7  1  3 11 142 
 8  7  1  3  4 12 148 
 8  7  1  5 13 120 
 8  7  1  5  6 14 87 
 8  7 15 69 
 8 16 109 
 8  7  1 17 88 
 8  7  1 17 18 90 
 8  7  1 19 124 
 8  7  1 19 20 151 
 8  7  1 21 128 
 8  7  1 21 22 92 
 8  7  1 23 76 
 8  7  1 23 24 105 
 8  7  1 17 25 95 
 8  7  1 17 25 26 79 
 8  7  1 19 27 103 
 8  7  1 19 20 28 162 
 8  7  1 21 29 150 
 8  7  1 21 22 30 101 
 8  7  1 23 31 71 
 8  7  1 23 24 32 122 
 8  7  1 33 82 
 8  7  1 33 34 96 
 8  7  1 35 138 
 8  7  1 35 36 160 
 8  7  1 37 132 
 8  7  1 37 38 103 
 8  7  1 39 71 
 8  7  1 39 40 129 
 8  7  1 33 41 97 
 8  7  1 33 34 42 90 
 8  7  1 35 43 132 
 8  7  1 35 36 44 152 
 8  7  1 37 45 135 
 8  7  1 37 45 46 116 
 8  7  1 39 47 119 
 8  7  1 39 40 48 137 
 8  7  1 49 89 
 8  7  1 49 50 89 
 8  7  1 51 136 
 8  7  1 51 52 146 
 8  7  1 53 140 
 8  7  1 53 54 117 
 8  7  1 55 63 
 8  7  1 55 56 119 
 8  7  1 49 57 118 
 8  7  1 49 57 58 92 
 8  7  1 51 59 112 
 8  7  1 51 59 60 131 
 8  7  1 53 61 108 
 8  7  1 53 54 62 81 
 8  7  1 55 63 60 
 8  7  1 55 63 64 150 
 9  1 79 
 9 10  2 114 
 9  1  3 165 
 9  1  3  4 168 
 9  1  5 142 
 9  1  5  6 123 
 9  1  7 97 
 9  1  7  8 122 
 9 10 80 
 9  1  3 11 132 
 9  1  3  4 12 135 
 9  1  5 13 132 
 9  1  5 13 14 93 
 9  1  7 15 107 
 9  1  7  8 16 123 
 9  1 17 84 
 9  1 17 18 80 
 9  1 19 137 
 9  1 19 20 135 
 9  1 21 145 
 9  1 21 22 92 
 9  1 23 68 
 9  1 23 24 119 
 9  1 17 25 100 
 9  1 17 25 26 95 
 9  1 19 27 128 
 9  1 19 20 28 137 
 9  1 21 29 136 
 9  1 21 22 30 108 
 9  1 23 31 76 
 9  1 23 24 32 107 
 9  1 33 81 
 9  1 33 34 113 
 9  1 35 149 
 9  1 35 36 163 
 9  1 37 164 
 9  1 37 38 96 
 9  1 39 73 
 9  1 39 40 138 
 9  1 33 41 92 
 9  1 33 34 42 86 
 9  1 35 43 136 
 9  1 35 36 44 136 
 9  1 37 45 124 
 9  1 37 45 46 112 
 9  1 39 47 87 
 9  1 39 40 48 132 
 9  1 49 98 
 9  1 49 50 84 
 9  1 51 125 
 9  1 51 52 138 
 9  1 53 159 
 9  1 53 54 110 
 9  1 55 83 
 9  1 55 56 155 
 9  1 49 57 113 
 9  1 49 50 58 97 
 9  1 51 59 97 
 9  1 51 59 60 143 
 9  1 53 61 90 
 9  1 53 54 62 81 
 9  1 55 63 80 
 9  1 55 63 64 131 
10  2  1 76 
10  2 110 
10  2  1  3 136 
10  2  1  3  4 136 
10  2  1  5 135 
10  2  1  5  6 123 
10  2  1  7 69 
10  2  1  7  8 109 
10  9 83 
10  2  1  3 11 114 
10  2  1  3  4 12 131 
10  2  1  5 13 125 
10  2  1  5 13 14 86 
10  2  1  7 15 93 
10  2  1  7 15 16 134 
10  2  1 17 89 
10  2  1 17 18 81 
10  2  1 19 119 
10  2  1 19 20 154 
10  2  1 21 129 
10  2  1 21 22 95 
10  2  1 23 77 
10  2  1 23 24 107 
10  2  1 17 25 84 
10  2  1 17 25 26 104 
10  2  1 19 27 133 
10  2  1 19 20 28 117 
10  2  1 21 29 160 
10  2  1 21 22 30 115 
10  2  1 23 31 76 
10  2  1 23 24 32 132 
10  2  1 33 83 
10  2  1 33 34 79 
10  2  1 35 140 
10  2  1 35 36 151 
10  2  1 37 166 
10  2  1 37 38 114 
10  2  1 39 87 
10  2  1 39 40 153 
10  2  1 33 41 90 
10  2  1 33 34 42 100 
10  2  1 35 43 112 
10  2  1 35 36 44 131 
10  2  1 37 45 143 
10  2  1 37 45 46 117 
10  2  1 39 47 91 
10  2  1 39 40 48 144 
10  2  1 49 90 
10  2  1 49 50 83 
10  2  1 51 120 
10  2  1 51 52 139 
10  2  1 53 156 
10  2  1 53 54 95 
10  2  1 55 86 
10  2  1 55 56 120 
10  2  1 49 57 106 
10  2  1 49 50 58 77 
10  2  1 51 59 98 
10  2  1 51 59 60 119 
10  2  1 53 61 95 
10  2  1 53 54 62 84 
10  2  1 55 63 78 
10  2  1 55 63 64 175 
11  3  1 70 
11  3  1  2 121 
11  3 131 
11  3  4 126 
11  3  1  5 144 
11  3  1  5  6 129 
11  3  1  7 98 
11  3  1  7  8 104 
11  3  1  9 71 
11  3  1  9 10 83 
11 12 141 
11  3  1  5 13 140 
11  3  1  5 13 14 107 
11  3  1  7 15 79 
11  3  1  7 15 16 103 
11  3  1 17 84 
11  3  1 17 18 68 
11  3  1 19 116 
11  3  1 19 20 158 
11  3  1 21 157 
11  3  1 21 22 95 
11  3  1 23 83 
11  3  1 23 24 120 
11  3  1 17 25 94 
11  3  1 17 25 26 72 
11  3  1 19 27 127 
11  3  1 19 20 28 144 
11  3  1 21 29 121 
11  3  1 21 22 30 121 
11  3  1 23 31 87 
11  3  1 23 24 32 144 
11  3  1 33 95 
11  3  1 33 34 91 
11  3  1 35 131 
11  3  1 35 36 146 
11  3  1 37 158 
11  3  1 37 38 94 
11  3  1 39 87 
11  3  1 39 40 130 
11  3  1 33 41 97 
11  3  1 33 34 42 88 
11  3  1 35 43 146 
11  3  1 35 43 44 145 
11  3  1 37 45 148 
11  3  1 37 45 46 109 
11  3  1 39 47 83 
11  3  1 39 40 48 116 
11  3  1 49 91 
11  3  1 49 50 90 
11  3  1 51 142 
11  3  1 51 52 142 
11  3  1 53 129 
11  3  1 53 54 98 
11  3  1 55 84 
11  3  1 55 56 138 
11  3  1 49 57 105 
11  3  1 49 57 58 96 
11  3  1 51 59 79 
11  3  1 51 59 60 120 
11  3  1 53 61 111 
11  3  1 53 54 62 80 
11  3  1 55 63 78 
11  3  1 55 63 64 135 
12  4  3  1 77 
12  4  3  1  2 108 
12  4  3 151 
12  4 151 
12  4  3  1  5 143 
12  4  3  1  5  6 126 
12  4  3  1  7 77 
12  4  3  1  7  8 108 
12  4  3  1  9 95 
12  4  3  1  9 10 85 
12 11 145 
12  4  3  1  5 13 141 
12  4  3  1  5 13 14 98 
12  4  3  1  7 15 83 
12  4  3  1  7 15 16 125 
12  4  3  1 17 84 
12  4  3  1 17 18 83 
12  4  3  1 19 120 
12  4  3  1 19 20 148 
12  4  3  1 21 129 
12  4  3  1 21 22 109 
12  4  3  1 23 84 
12  4  3  1 23 24 138 
12  4  3  1 17 25 80 
12  4  3  1 17 25 26 80 
12  4  3  1 19 27 137 
12  4  3  1 19 20 28 148 
12  4  3  1 21 29 128 
12  4  3  1 21 22 30 130 
12  4  3  1 23 31 100 
12  4  3  1 23 24 32 129 
12  4  3  1 33 76 
12  4  3  1 33 34 105 
12  4  3  1 35 151 
12  4  3  1 35 36 149 
12  4  3  1 37 168 
12  4  3  1 37 38 110 
12  4  3  1 39 98 
12  4  3  1 39 40 129 
12  4  3  1 33 41 99 
12  4  3  1 33 34 42 93 
12  4  3  1 35 43 137 
12  4  3  1 35 43 44 152 
12  4  3  1 37 45 154 
12  4  3  1 37 45 46 119 
12  4  3  1 39 47 70 
12  4  3  1 39 47 48 110 
12  4  3  1 49 88 
12  4  3  1 49 50 92 
12  4  3  1 51 121 
12  4  3  1 51 52 148 
12  4  3  1 53 131 
12  4  3  1 53 54 95 
12  4  3  1 55 85 
12  4  3  1 55 56 100 
12  4  3  1 49 57 103 
12  4  3  1 49 57 58 90 
12  4  3  1 51 59 101 
12  4  3  1 51 59 60 120 
12  4  3  1 53 61 95 
12  4  3  1 53 54 62 85 
12  4  3  1 55 63 83 
12  4  3  1 55 63 64 138 
13  5  1 76 
13  5  1  2 102 
13  5  1  3 162 
13  5  1  3  4 182 
13  5 108 
13 14  6 119 
13  5  1  7 92 
13  5  1  7  8 134 
13  5  1  9 85 
13  5  1  9 10 92 
13  5  1  3 11 139 
13  5  1  3 11 12 133 
13 14 91 
13  5  1  7 15 78 
13  5  1  7 15 16 117 
13  5  1 17 87 
13  5  1 17 18 83 
13  5  1 19 143 
13  5  1 19 20 111 
13  5  1 21 124 
13  5  1 21 22 112 
13  5  1 23 82 
13  5  1 23 24 132 
13  5  1 17 25 84 
13  5  1 17 25 26 82 
13  5  1 19 27 126 
13  5  1 19 20 28 150 
13  5  1 21 29 133 
13  5  1 21 22 30 103 
13  5  1 23 31 102 
13  5  1 23 24 32 118 
13  5  1 33 103 
13  5  1 33 34 84 
13  5  1 35 140 
13  5  1 35 36 163 
13  5  1 37 180 
13  5  1 37 38 98 
13  5  1 39 91 
13  5  1 39 40 120 
13  5  1 33 41 89 
13  5  1 33 34 42 90 
13  5  1 35 43 137 
13  5  1 35 43 44 148 
13  5  1 37 45 139 
13  5  1 37 45 46 98 
13  5  1 39 47 90 
13  5  1 39 40 48 134 
13  5  1 49 86 
13  5  1 49 50 87 
13  5  1 51 134 
13  5  1 51 52 128 
13  5  1 53 130 
13  5  1 53 54 81 
13  5  1 55 90 
13  5  1 55 56 130 
13  5  1 49 57 106 
13  5  1 49 57 58 83 
13  5  1 51 59 117 
13  5  1 51 52 60 104 
13  5  1 53 61 106 
13  5  1 53 54 62 99 
13  5  1 55 63 69 
13  5  1 55 63 64 148 
14  6  5  1 76 
14  6  5  1  2 113 
14  6  5  1  3 151 
14  6  5  1  3  4 145 
14  6  5 130 
14  6 114 
14  6  5  1  7 84 
14  6  5  1  7  8 125 
14  6  5  1  9 78 
14  6  5  1  2 10 87 
14  6  5  1  3 11 124 
14  6  5  1  3  4 12 158 
14 13 117 
14  6  5  1  7 15 76 
14  6  5  1  7  8 16 126 
14  6  5  1 17 102 
14  6  5  1 17 18 83 
14  6  5  1 19 113 
14  6  5  1 19 20 159 
14  6  5  1 21 134 
14  6  5  1 21 22 99 
14  6  5  1 23 92 
14  6  5  1 23 24 112 
14  6  5  1 17 25 86 
14  6  5  1 17 18 26 75 
14  6  5  1 19 27 157 
14  6  5  1 19 20 28 143 
14  6  5  1 21 29 156 
14  6  5  1 21 29 30 119 
14  6  5  1 23 31 86 
14  6  5  1 23 24 32 136 
14  6  5  1 33 88 
14  6  5  1 33 34 88 
14  6  5  1 35 135 
14  6  5  1 35 36 137 
14  6  5  1 37 146 
14  6  5  1 37 38 110 
14  6  5  1 39 96 
14  6  5  1 39 40 116 
14  6  5  1 33 41 94 
14  6  5  1 33 34 42 83 
14  6  5  1 35 43 121 
14  6  5  1 35 43 44 146 
14  6  5  1 37 45 123 
14  6  5  1 37 45 46 129 
14  6  5  1 39 47 87 
14  6  5  1 39 47 48 141 
14  6  5  1 49 89 
14  6  5  1 49 50 75 
14  6  5  1 51 118 
14  6  5  1 51 52 127 
14  6  5  1 53 132 
14  6  5  1 53 54 90 
14  6  5  1 55 79 
14  6  5  1 55 56 135 
14  6  5  1 49 57 99 
14  6  5  1 49 57 58 80 
14  6  5  1 51 59 112 
14  6  5  1 51 59 60 130 
14  6  5  1 53 61 107 
14  6  5  1 53 54 62 91 
14  6  5  1 55 63 71 
14  6  5  1 55 63 64 136 
15  7  1 86 
15  7  1  2 99 
15  7  1  3 129 
15  7  1  3  4 147 
15  7  1  5 137 
15  7  1  5  6 115 
15  7 86 
15  7  8 115 
15  7  1  9 84 
15  7  1  2 10 109 
15  7  1  3 11 122 
15  7  1  3 11 12 134 
15  7  1  5 13 146 
15  7  1  5 13 14 100 
15 16 100 
15  7  1 17 73 
15  7  1 17 18 68 
15  7  1 19 106 
15  7  1 19 20 168 
15  7  1 21 134 
15  7  1 21 22 116 
15  7  1 23 72 
15  7  1 23 24 127 
15  7  1 17 25 78 
15  7  1 17 18 26 100 
15  7  1 19 27 118 
15  7  1 19 20 28 135 
15  7  1 21 29 147 
15  7  1 21 29 30 109 
15  7  1 23 31 88 
15  7  1 23 24 32 122 
15  7  1 33 72 
15  7  1 33 34 77 
15  7  1 35 133 
15  7  1 35 36 134 
15  7  1 37 146 
15  7  1 37 38 84 
15  7  1 39 107 
15  7  1 39 40 114 
15  7  1 33 41 85 
15  7  1 33 34 42 96 
15  7  1 35 43 148 
15  7  1 35 36 44 144 
15  7  1 37 45 140 
15  7  1 37 45 46 117 
15  7  1 39 47 81 
15  7  1 39 40 48 119 
15  7  1 49 82 
15  7  1 49 50 68 
15  7  1 51 99 
15  7  1 51 52 148 
15  7  1 53 155 
15  7  1 53 54 109 
15  7  1 55 98 
15  7  1 55 56 135 
15  7  1 49 57 103 
15  7  1 49 57 58 92 
15  7  1 51 59 109 
15  7  1 51 59 60 123 
15  7  1 53 61 107 
15  7  1 53 54 62 87 
15  7  1 55 63 75 
15  7  1 55 63 64 139 
16  8  7  1 81 
16  8  7  1  2 88 
16  8  7  1  3 148 
16  8  7  1  3  4 127 
16  8  7  1  5 131 
16  8  7  1  5  6 108 
16  8  7 92 
16  8 97 
16  8  7  1  9 72 
16  8  7  1  2 10 108 
16  8  7  1  3 11 154 
16  8  7  1  3  4 12 141 
16  8  7  1  5 13 132 
16  8  7  1  5 13 14 106 
16 15 94 
16  8  7  1 17 83 
16  8  7  1 17 18 81 
16  8  7  1 19 113 
16  8  7  1 19 20 156 
16  8  7  1 21 155 
16  8  7  1 21 22 99 
16  8  7  1 23 81 
16  8  7  1 23 24 128 
16  8  7  1 17 25 84 
16  8  7  1 17 18 26 73 
16  8  7  1 19 27 123 
16  8  7  1 19 20 28 158 
16  8  7  1 21 29 147 
16  8  7  1 21 29 30 106 
16  8  7  1 23 31 83 
16  8  7  1 23 24 32 146 
16  8  7  1 33 82 
16  8  7  1 33 34 82 
16  8  7  1 35 144 
16  8  7  1 35 36 148 
16  8  7  1 37 138 
16  8  7  1 37 38 90 
16  8  7  1 39 69 
16  8  7  1 39 40 136 
16  8  7  1 33 41 92 
16  8  7  1 33 34 42 106 
16  8  7  1 35 43 131 
16  8  7  1 35 36 44 158 
16  8  7  1 37 45 155 
16  8  7  1 37 45 46 130 
16  8  7  1 39 47 94 
16  8  7  1 39 40 48 132 
16  8  7  1 49 97 
16  8  7  1 49 50 73 
16  8  7  1 51 138 
16  8  7  1 51 52 157 
16  8  7  1 53 173 
16  8  7  1 53 54 96 
16  8  7  1 55 92 
16  8  7  1 55 56 111 
16  8  7  1 49 57 109 
16  8  7  1 49 50 58 92 
16  8  7  1 51 59 89 
16  8  7  1 51 59 60 105 
16  8  7  1 53 61 78 
16  8  7  1 53 54 62 85 
16  8  7  1 55 63 75 
16  8  7  1 55 63 64 134 
17  1 91 
17  1  2 85 
17  1  3 151 
17  1  3  4 160 
17  1  5 140 
17  1  5  6 108 
17  1  7 92 
17  1  7  8 105 
17  1  9 96 
17  1  2 10 87 
17  1  3 11 143 
17  1  3  4 12 137 
17  1  5 13 136 
17  1  5 13 14 95 
17  1  7 15 66 
17  1  7  8 16 122 
17 18 72 
17  1 19 113 
17  1 19 20 124 
17  1 21 100 
17  1 21 22 122 
17  1 23 94 
17  1 23 24 115 
17 25 77 
17 18 26 90 
17  1 19 27 111 
17  1 19 20 28 116 
17  1 21 29 149 
17  1 21 29 30 93 
17  1 23 31 87 
17  1 23 24 32 145 
17  1 33 100 
17  1 33 34 77 
17  1 35 139 
17  1 35 36 144 
17  1 37 146 
17  1 37 38 117 
17  1 39 89 
17  1 39 40 145 
17  1 33 41 86 
17  1 33 34 42 89 
17  1 35 43 124 
17  1 35 36 44 146 
17  1 37 45 160 
17  1 37 38 46 108 
17  1 39 47 77 
17  1 39 47 48 131 
17  1 49 76 
17  1 49 50 85 
17  1 51 119 
17  1 51 52 145 
17  1 53 131 
17  1 53 54 91 
17  1 55 80 
17  1 55 56 125 
17  1 49 57 102 
17  1 49 57 58 85 
17  1 51 59 95 
17  1 51 52 60 88 
17  1 53 61 91 
17  1 53 54 62 102 
17  1 55 63 79 
17  1 55 63 64 144 
18 17  1 69 
18 17  1  2 132 
18 17  1  3 168 
18 17  1  3  4 168 
18 17  1  5 156 
18 17  1  5  6 100 
18 17  1  7 91 
18 17  1  7  8 107 
18 17  1  9 89 
18 17  1  2 10 89 
18 17  1  3 11 141 
18 17  1  3  4 12 163 
18 17  1  5 13 136 
18 17  1  5 13 14 91 
18 17  1  7 15 74 
18 17  1  7  8 16 134 
18 17 79 
18 17  1 19 139 
18 17  1 19 20 156 
18 17  1 21 133 
18 17  1 21 22 93 
18 17  1 23 76 
18 17  1 23 24 108 
18 17 25 82 
18 26 90 
18 17  1 19 27 104 
18 17  1 19 20 28 154 
18 17  1 21 29 132 
18 17  1 21 22 30 118 
18 17  1 23 31 93 
18 17  1 23 24 32 126 
18 17  1 33 90 
18 17  1 33 34 85 
18 17  1 35 146 
18 17  1 35 36 147 
18 17  1 37 161 
18 17  1 37 38 121 
18 17  1 39 111 
18 17  1 39 40 120 
18 17  1 33 41 109 
18 17  1 33 34 42 107 
18 17  1 35 43 122 
18 17  1 35 36 44 166 
18 17  1 37 45 137 
18 17  1 37 38 46 104 
18 17  1 39 47 106 
18 17  1 39 40 48 118 
18 17  1 49 85 
18 17  1 49 50 85 
18 17  1 51 126 
18 17  1 51 52 159 
18 17  1 53 146 
18 17  1 53 54 85 
18 17  1 55 76 
18 17  1 55 56 137 
18 17  1 49 57 97 
18 17  1 49 57 58 76 
18 17  1 51 59 106 
18 17  1 51 59 60 128 
18 17  1 53 61 125 
18 17  1 53 54 62 80 
18 17  1 55 63 68 
18 17  1 55 63 64 150 
19  1 85 
19  1  2 120 
19  1  3 147 
19  1  3  4 151 
19  1  5 120 
19  1  5  6 106 
19  1  7 107 
19  1  7  8 126 
19  1  9 84 
19  1  2 10 89 
19  1  3 11 125 
19  1  3 11 12 145 
19  1  5 13 120 
19  1  5 13 14 116 
19  1  7 15 72 
19  1  7  8 16 101 
19  1 17 91 
19  1 17 18 78 
19 20 154 
19  1 21 109 
19  1 21 22 108 
19  1 23 87 
19  1 23 24 107 
19  1 17 25 91 
19  1 17 18 26 89 
19 27 125 
19 20 28 145 
19  1 21 29 125 
19  1 21 22 30 118 
19  1 23 31 83 
19  1 23 24 32 106 
19  1 33 93 
19  1 33 34 76 
19  1 35 119 
19  1 35 36 132 
19  1 37 128 
19  1 37 38 112 
19  1 39 106 
19  1 39 40 106 
19  1 33 41 113 
19  1 33 34 42 99 
19  1 35 43 136 
19  1 35 36 44 137 
19  1 37 45 142 
19  1 37 38 46 106 
19  1 39 47 75 
19  1 39 40 48 129 
19  1 49 82 
19  1 49 50 93 
19  1 51 152 
19  1 51 52 159 
19  1 53 141 
19  1 53 54 119 
19  1 55 75 
19  1 55 56 100 
19  1 49 57 82 
19  1 49 57 58 78 
19  1 51 59 100 
19  1 51 59 60 146 
19  1 53 61 94 
19  1 53 54 62 85 
19  1 55 63 63 
19  1 55 63 64 147 
20 19  1 79 
20 19  1  2 103 
20 19  1  3 152 
20 19  1  3  4 135 
20 19  1  5 141 
20 19  1  5  6 124 
20 19  1  7 80 
20 19  1  7  8 106 
20 19  1  9 90 
20 19  1  9 10 95 
20 19  1  3 11 130 
20 19  1  3 11 12 186 
20 19  1  5 13 124 
20 19  1  5  6 14 106 
20 19  1  7 15 77 
20 19  1  7 15 16 129 
20 19  1 17 80 
20 19  1 17 18 76 
20 19 137 
20 19  1 21 113 
20 19  1 21 22 96 
20 19  1 23 91 
20 19  1 23 24 110 
20 19  1 17 25 89 
20 19  1 17 18 26 90 
20 28 27 126 
20 28 171 
20 19  1 21 29 144 
20 19  1 21 22 30 86 
20 19  1 23 31 82 
20 19  1 23 24 32 121 
20 19  1 33 74 
20 19  1 33 34 74 
20 19  1 35 140 
20 19  1 35 36 140 
20 19  1 37 152 
20 19  1 37 38 101 
20 19  1 39 69 
20 19  1 39 40 142 
20 19  1 33 41 84 
20 19  1 33 34 42 91 
20 19  1 35 43 138 
20 19  1 35 36 44 133 
20 19  1 37 45 166 
20 19  1 37 38 46 113 
20 19  1 39 47 73 
20 19  1 39 40 48 130 
20 19  1 49 94 
20 19  1 49 50 82 
20 19  1 51 126 
20 19  1 51 52 135 
20 19  1 53 138 
20 19  1 53 54 111 
20 19  1 55 75 
20 19  1 55 56 123 
20 19  1 49 57 101 
20 19  1 49 57 58 77 
20 19  1 51 59 96 
20 19  1 51 59 60 132 
20 19  1 53 61 100 
20 19  1 53 54 62 96 
20 19  1 55 63 78 
20 19  1 55 63 64 133 
21  1 90 
21  1  2 82 
21  1  3 145 
21  1  3  4 138 
21  1  5 142 
21  1  5  6 99 
21  1  7 87 
21  1  7  8 118 
21  1  9 94 
21  1  2 10 79 
21  1  3 11 140 
21  1  3  4 12 138 
21  1  5 13 133 
21  1  5 13 14 95 
21  1  7 15 93 
21  1  7  8 16 104 
21  1 17 82 
21  1 17 18 85 
21  1 19 112 
21  1 19 20 150 
21 22 92 
21  1 23 85 
21  1 23 24 112 
21  1 17 25 81 
21  1 17 25 26 82 
21  1 19 27 123 
21  1 19 27 28 137 
21 29 168 
21 22 30 101 
21  1 23 31 80 
21  1 23 24 32 141 
21  1 33 76 
21  1 33 34 77 
21  1 35 133 
21  1 35 36 155 
21  1 37 139 
21  1 37 38 104 
21  1 39 78 
21  1 39 40 128 
21  1 33 41 89 
21  1 33 34 42 95 
21  1 35 43 139 
21  1 35 36 44 156 
21  1 37 45 144 
21  1 37 38 46 111 
21  1 39 47 86 
21  1 39 40 48 147 
21  1 49 101 
21  1 49 50 92 
21  1 51 116 
21  1 51 52 176 
21  1 53 138 
21  1 53 54 116 
21  1 55 72 
21  1 55 56 137 
21  1 49 57 121 
21  1 49 50 58 77 
21  1 51 59 108 
21  1 51 59 60 120 
21  1 53 61 96 
21  1 53 54 62 80 
21  1 55 63 78 
21  1 55 63 64 123 
22 21  1 86 
22 21  1  2 98 
22 21  1  3 162 
22 21  1  3  4 151 
22 21  1  5 153 
22 21  1  5  6 139 
22 21  1  7 84 
22 21  1  7  8 99 
22 21  1  9 79 
22 21  1  9 10 80 
22 21  1  3 11 136 
22 21  1  3 11 12 123 
22 21  1  5 13 157 
22 21  1  5 13 14 97 
22 21  1  7 15 67 
22 21  1  7  8 16 112 
22 21  1 17 88 
22 21  1 17 18 91 
22 21  1 19 122 
22 21  1 19 20 154 
22 21 159 
22 21  1 23 87 
22 21  1 23 24 106 
22 21  1 17 25 92 
22 21  1 17 18 26 75 
22 21  1 19 27 133 
22 21  1 19 27 28 152 
22 30 29 155 
22 30 110 
22 21  1 23 31 85 
22 21  1 23 24 32 135 
22 21  1 33 95 
22 21  1 33 34 91 
22 21  1 35 143 
22 21  1 35 36 155 
22 21  1 37 129 
22 21  1 37 38 109 
22 21  1 39 96 
22 21  1 39 40 122 
22 21  1 33 41 80 
22 21  1 33 34 42 85 
22 21  1 35 43 120 
22 21  1 35 43 44 135 
22 21  1 37 45 137 
22 21  1 37 45 46 111 
22 21  1 39 47 95 
22 21  1 39 47 48 120 
22 21  1 49 86 
22 21  1 49 50 72 
22 21  1 51 124 
22 21  1 51 52 116 
22 21  1 53 128 
22 21  1 53 54 124 
22 21  1 55 73 
22 21  1 55 56 119 
22 21  1 49 57 108 
22 21  1 49 57 58 97 
22 21  1 51 59 96 
22 21  1 51 59 60 128 
22 21  1 53 61 81 
22 21  1 53 54 62 88 
22 21  1 55 63 67 
22 21  1 55 63 64 113 
23  1 76 
23  1  2 84 
23  1  3 132 
23  1  3  4 144 
23  1  5 156 
23  1  5  6 107 
23  1  7 105 
23  1  7  8 109 
23  1  9 84 
23  1  9 10 98 
23  1  3 11 135 
23  1  3  4 12 133 
23  1  5 13 139 
23  1  5 13 14 100 
23  1  7 15 97 
23  1  7  8 16 92 
23  1 17 88 
23  1 17 18 97 
23  1 19 140 
23  1 19 20 136 
23  1 21 138 
23  1 21 22 92 
23 24 114 
23  1 17 25 74 
23  1 17 18 26 84 
23  1 19 27 105 
23  1 19 27 28 146 
23  1 21 29 127 
23  1 21 29 30 103 
23 31 114 
23 24 32 124 
23  1 33 84 
23  1 33 34 99 
23  1 35 133 
23  1 35 36 160 
23  1 37 149 
23  1 37 38 105 
23  1 39 78 
23  1 39 40 132 
23  1 33 41 104 
23  1 33 34 42 116 
23  1 35 43 139 
23  1 35 36 44 152 
23  1 37 45 133 
23  1 37 38 46 120 
23  1 39 47 88 
23  1 39 40 48 125 
23  1 49 105 
23  1 49 50 89 
23  1 51 129 
23  1 51 52 139 
23  1 53 144 
23  1 53 54 118 
23  1 55 81 
23  1 55 56 115 
23  1 49 57 105 
23  1 49 57 58 79 
23  1 51 59 84 
23  1 51 59 60 121 
23  1 53 61 97 
23  1 53 54 62 94 
23  1 55 63 77 
23  1 55 63 64 125 
24 23  1 75 
24 23  1  2 83 
24 23  1  3 149 
24 23  1  3  4 174 
24 23  1  5 172 
24 23  1  5  6 120 
24 23  1  7 98 
24 23  1  7  8 100 
24 23  1  9 81 
24 23  1  9 10 74 
24 23  1  3 11 134 
24 23  1  3  4 12 150 
24 23  1  5 13 133 
24 23  1  5 13 14 83 
24 23  1  7 15 72 
24 23  1  7  8 16 129 
24 23  1 17 85 
24 23  1 17 18 95 
24 23  1 19 104 
24 23  1 19 20 126 
24 23  1 21 149 
24 23  1 21 22 116 
24 23 82 
24 23  1 17 25 78 
24 23  1 17 18 26 83 
24 23  1 19 27 120 
24 23  1 19 27 28 133 
24 23  1 21 29 139 
24 23  1 21 29 30 113 
24 32 31 82 
24 32 134 
24 23  1 33 80 
24 23  1 33 34 82 
24 23  1 35 138 
24 23  1 35 36 140 
24 23  1 37 162 
24 23  1 37 38 125 
24 23  1 39 79 
24 23  1 39 40 150 
24 23  1 33 41 100 
24 23  1 33 34 42 84 
24 23  1 35 43 146 
24 23  1 35 36 44 150 
24 23  1 37 45 168 
24 23  1 37 38 46 111 
24 23  1 39 47 72 
24 23  1 39 40 48 121 
24 23  1 49 95 
24 23  1 49 50 88 
24 23  1 51 133 
24 23  1 51 52 164 
24 23  1 53 143 
24 23  1 53 54 105 
24 23  1 55 84 
24 23  1 55 56 122 
24 23  1 49 57 129 
24 23  1 49 50 58 68 
24 23  1 51 59 104 
24 23  1 51 59 60 122 
24 23  1 53 61 96 
24 23  1 53 54 62 72 
24 23  1 55 63 66 
24 23  1 55 63 64 135 
25 17  1 83 
25 17  1  2 98 
25 17  1  3 188 
25 17  1  3  4 147 
25 17  1  5 147 
25 17  1  5  6 99 
25 17  1  7 111 
25 17  1  7  8 75 
25 17  1  9 88 
25 17  1  9 10 103 
25 17  1  3 11 136 
25 17  1  3  4 12 129 
25 17  1  5 13 132 
25 17  1  5 13 14 106 
25 17  1  7 15 74 
25 17  1  7  8 16 114 
25 17 85 
25 26 18 63 
25 17  1 19 130 
25 17  1 19 20 167 
25 17  1 21 138 
25 17  1 21 22 87 
25 17  1 23 77 
25 17  1 23 24 132 
25 26 85 
25 17  1 19 27 133 
25 17  1 19 20 28 151 
25 17  1 21 29 143 
25 17  1 21 29 30 100 
25 17  1 23 31 91 
25 17  1 23 24 32 134 
25 17  1 33 97 
25 17  1 33 34 88 
25 17  1 35 132 
25 17  1 35 36 147 
25 17  1 37 139 
25 17  1 37 38 99 
25 17  1 39 93 
25 17  1 39 40 113 
25 17  1 33 41 80 
25 17  1 33 34 42 100 
25 17  1 35 43 126 
25 17  1 35 43 44 139 
25 17  1 37 45 150 
25 17  1 37 38 46 99 
25 17  1 39 47 78 
25 17  1 39 47 48 107 
25 17  1 49 84 
25 17  1 49 50 77 
25 17  1 51 111 
25 17  1 51 52 130 
25 17  1 53 129 
25 17  1 53 54 124 
25 17  1 55 90 
25 17  1 55 56 117 
25 17  1 49 57 111 
25 17  1 49 57 58 106 
25 17  1 51 59 117 
25 17  1 51 59 60 137 
25 17  1 53 61 88 
25 17  1 53 54 62 90 
25 17  1 55 63 74 
25 17  1 55 63 64 147 
26 25 17  1 77 
26 25 17  1  2 95 
26 25 17  1  3 152 
26 25 17  1  3  4 161 
26 25 17  1  5 156 
26 25 17  1  5  6 139 
26 25 17  1  7 89 
26 25 17  1  7  8 117 
26 25 17  1  9 76 
26 25 17  1  2 10 87 
26 25 17  1  3 11 108 
26 25 17  1  3  4 12 156 
26 25 17  1  5 13 129 
26 25 17  1  5  6 14 82 
26 25 17  1  7 15 73 
26 25 17  1  7 15 16 99 
26 25 17 82 
26 18 92 
26 25 17  1 19 140 
26 25 17  1 19 20 136 
26 25 17  1 21 122 
26 25 17  1 21 22 84 
26 25 17  1 23 88 
26 25 17  1 23 24 99 
26 25 87 
26 25 17  1 19 27 125 
26 25 17  1 19 20 28 149 
26 25 17  1 21 29 135 
26 25 17  1 21 29 30 117 
26 25 17  1 23 31 71 
26 25 17  1 23 24 32 129 
26 25 17  1 33 94 
26 25 17  1 33 34 88 
26 25 17  1 35 141 
26 25 17  1 35 36 144 
26 25 17  1 37 110 
26 25 17  1 37 38 95 
26 25 17  1 39 71 
26 25 17  1 39 40 137 
26 25 17  1 33 41 81 
26 25 17  1 33 34 42 85 
26 25 17  1 35 43 164 
26 25 17  1 35 43 44 148 
26 25 17  1 37 45 158 
26 25 17  1 37 38 46 109 
26 25 17  1 39 47 81 
26 25 17  1 39 40 48 118 
26 25 17  1 49 91 
26 25 17  1 49 50 92 
26 25 17  1 51 142 
26 25 17  1 51 52 118 
26 25 17  1 53 134 
26 25 17  1 53 54 103 
26 25 17  1 55 94 
26 25 17  1 55 56 132 
26 25 17  1 49 57 106 
26 25 17  1 49 57 58 84 
26 25 17  1 51 59 98 
26 25 17  1 51 52 60 121 
26 25 17  1 53 61 108 
26 25 17  1 53 54 62 92 
26 25 17  1 55 63 70 
26 25 17  1 55 63 64 132 
27 19  1 95 
27 19  1  2 79 
27 19  1  3 149 
27 19  1  3  4 149 
27 19  1  5 155 
27 19  1  5  6 110 
27 19  1  7 102 
27 19  1  7  8 107 
27 19  1  9 96 
27 19  1  9 10 85 
27 19  1  3 11 117 
27 19  1  3  4 12 150 
27 19  1  5 13 148 
27 19  1  5  6 14 113 
27 19  1  7 15 95 
27 19  1  7 15 16 102 
27 19  1 17 91 
27 19  1 17 18 80 
27 19 111 
27 28 20 145 
27 19  1 21 130 
27 19  1 21 22 108 
27 19  1 23 78 
27 19  1 23 24 122 
27 19  1 17 25 76 
27 19  1 17 25 26 77 
27 28 153 
27 19  1 21 29 122 
27 19  1 21 22 30 123 
27 19  1 23 31 76 
27 19  1 23 24 32 129 
27 19  1 33 100 
27 19  1 33 34 97 
27 19  1 35 118 
27 19  1 35 36 163 
27 19  1 37 129 
27 19  1 37 38 112 
27 19  1 39 85 
27 19  1 39 40 140 
27 19  1 33 41 91 
27 19  1 33 34 42 105 
27 19  1 35 43 129 
27 19  1 35 36 44 140 
27 19  1 37 45 145 
27 19  1 37 38 46 111 
27 19  1 39 47 95 
27 19  1 39 40 48 144 
27 19  1 49 84 
27 19  1 49 50 87 
27 19  1 51 133 
27 19  1 51 52 138 
27 19  1 53 133 
27 19  1 53 54 112 
27 19  1 55 100 
27 19  1 55 56 119 
27 19  1 49 57 80 
27 19  1 49 57 58 82 
27 19  1 51 59 121 
27 19  1 51 52 60 112 
27 19  1 53 61 113 
27 19  1 53 54 62 91 
27 19  1 55 63 73 
27 19  1 55 63 64 130 
28 20 19  1 67 
28 20 19  1  2 104 
28 20 19  1  3 132 
28 20 19  1  3  4 154 
28 20 19  1  5 131 
28 20 19  1  5  6 131 
28 20 19  1  7 81 
28 20 19  1  7  8 122 
28 20 19  1  9 66 
28 20 19  1  2 10 84 
28 20 19  1  3 11 128 
28 20 19  1  3  4 12 115 
28 20 19  1  5 13 148 
28 20 19  1  5 13 14 100 
28 20 19  1  7 15 78 
28 20 19  1  7  8 16 118 
28 20 19  1 17 95 
28 20 19  1 17 18 85 
28 20 19 116 
28 20 176 
28 20 19  1 21 132 
28 20 19  1 21 22 98 
28 20 19  1 23 88 
28 20 19  1 23 24 117 
28 20 19  1 17 25 73 
28 20 19  1 17 25 26 83 
28 27 134 
28 20 19  1 21 29 168 
28 20 19  1 21 22 30 116 
28 20 19  1 23 31 93 
28 20 19  1 23 24 32 115 
28 20 19  1 33 100 
28 20 19  1 33 34 76 
28 20 19  1 35 137 
28 20 19  1 35 36 133 
28 20 19  1 37 147 
28 20 19  1 37 38 111 
28 20 19  1 39 63 
28 20 19  1 39 40 139 
28 20 19  1 33 41 78 
28 20 19  1 33 34 42 94 
28 20 19  1 35 43 167 
28 20 19  1 35 36 44 159 
28 20 19  1 37 45 149 
28 20 19  1 37 38 46 105 
28 20 19  1 39 47 101 
28 20 19  1 39 40 48 139 
28 20 19  1 49 83 
28 20 19  1 49 50 90 
28 20 19  1 51 143 
28 20 19  1 51 52 158 
28 20 19  1 53 146 
28 20 19  1 53 54 110 
28 20 19  1 55 70 
28 20 19  1 55 56 114 
28 20 19  1 49 57 102 
28 20 19  1 49 50 58 89 
28 20 19  1 51 59 118 
28 20 19  1 51 59 60 124 
28 20 19  1 53 61 114 
28 20 19  1 53 54 62 97 
28 20 19  1 55 63 98 
28 20 19  1 55 63 64 140 
29 21  1 80 
29 21  1  2 82 
29 21  1  3 143 
29 21  1  3  4 131 
29 21  1  5 145 
29 21  1  5  6 117 
29 21  1  7 97 
29 21  1  7  8 93 
29 21  1  9 91 
29 21  1  9 10 80 
29 21  1  3 11 127 
29 21  1  3  4 12 151 
29 21  1  5 13 122 
29 21  1  5  6 14 110 
29 21  1  7 15 93 
29 21  1  7 15 16 133 
29 21  1 17 94 
29 21  1 17 18 94 
29 21  1 19 135 
29 21  1 19 20 136 
29 21 124 
29 30 22 83 
29 21  1 23 76 
29 21  1 23 24 110 
29 21  1 17 25 80 
29 21  1 17 18 26 89 
29 21  1 19 27 143 
29 21  1 19 20 28 153 
29 30 105 
29 21  1 23 31 74 
29 21  1 23 24 32 124 
29 21  1 33 102 
29 21  1 33 34 103 
29 21  1 35 153 
29 21  1 35 36 169 
29 21  1 37 129 
29 21  1 37 38 107 
29 21  1 39 69 
29 21  1 39 40 157 
29 21  1 33 41 90 
29 21  1 33 34 42 87 
29 21  1 35 43 117 
29 21  1 35 43 44 149 
29 21  1 37 45 147 
29 21  1 37 38 46 130 
29 21  1 39 47 96 
29 21  1 39 40 48 124 
29 21  1 49 97 
29 21  1 49 50 79 
29 21  1 51 124 
29 21  1 51 52 137 
29 21  1 53 127 
29 21  1 53 54 119 
29 21  1 55 83 
29 21  1 55 56 110 
29 21  1 49 57 92 
29 21  1 49 57 58 91 
29 21  1 51 59 98 
29 21  1 51 59 60 110 
29 21  1 53 61 98 
29 21  1 53 54 62 66 
29 21  1 55 63 68 
29 21  1 55 63 64 129 
30 22 21  1 79 
30 22 21  1  2 92 
30 22 21  1  3 178 
30 22 21  1  3  4 147 
30 22 21  1  5 150 
30 22 21  1  5  6 121 
30 22 21  1  7 81 
30 22 21  1  7  8 111 
30 22 21  1  9 103 
30 22 21  1  9 10 81 
30 22 21  1  3 11 146 
30 22 21  1  3  4 12 128 
30 22 21  1  5 13 120 
30 22 21  1  5 13 14 126 
30 22 21  1  7 15 89 
30 22 21  1  7  8 16 127 
30 22 21  1 17 93 
30 22 21  1 17 18 80 
30 22 21  1 19 150 
30 22 21  1 19 20 126 
30 22 21 113 
30 22 101 
30 22 21  1 23 64 
30 22 21  1 23 24 105 
30 22 21  1 17 25 87 
30 22 21  1 17 18 26 87 
30 22 21  1 19 27 121 
30 22 21  1 19 27 28 148 
30 29 133 
30 22 21  1 23 31 84 
30 22 21  1 23 24 32 129 
30 22 21  1 33 85 
30 22 21  1 33 34 74 
30 22 21  1 35 123 
30 22 21  1 35 36 152 
30 22 21  1 37 132 
30 22 21  1 37 38 112 
30 22 21  1 39 74 
30 22 21  1 39 40 142 
30 22 21  1 33 41 104 
30 22 21  1 33 34 42 77 
30 22 21  1 35 43 135 
30 22 21  1 35 36 44 137 
30 22 21  1 37 45 150 
30 22 21  1 37 38 46 106 
30 22 21  1 39 47 78 
30 22 21  1 39 40 48 143 
30 22 21  1 49 94 
30 22 21  1 49 50 109 
30 22 21  1 51 103 
30 22 21  1 51 52 149 
30 22 21  1 53 156 
30 22 21  1 53 54 94 
30 22 21  1 55 79 
30 22 21  1 55 56 111 
30 22 21  1 49 57 108 
30 22 21  1 49 57 58 79 
30 22 21  1 51 59 85 
30 22 21  1 51 59 60 121 
30 22 21  1 53 61 93 
30 22 21  1 53 54 62 89 
30 22 21  1 55 63 70 
30 22 21  1 55 63 64 157 
31 23  1 70 
31 23  1  2 101 
31 23  1  3 132 
31 23  1  3  4 139 
31 23  1  5 132 
31 23  1  5  6 112 
31 23  1  7 86 
31 23  1  7  8 120 
31 23  1  9 90 
31 23  1  9 10 102 
31 23  1  3 11 127 
31 23  1  3  4 12 134 
31 23  1  5 13 115 
31 23  1  5 13 14 101 
31 23  1  7 15 65 
31 23  1  7  8 16 123 
31 23  1 17 78 
31 23  1 17 18 72 
31 23  1 19 90 
31 23  1 19 20 152 
31 23  1 21 137 
31 23  1 21 22 100 
31 23 82 
31 32 24 95 
31 23  1 17 25 84 
31 23  1 17 18 26 88 
31 23  1 19 27 133 
31 23  1 19 27 28 142 
31 23  1 21 29 149 
31 23  1 21 29 30 119 
31 32 120 
31 23  1 33 93 
31 23  1 33 34 88 
31 23  1 35 148 
31 23  1 35 36 148 
31 23  1 37 123 
31 23  1 37 38 92 
31 23  1 39 94 
31 23  1 39 40 128 
31 23  1 33 41 86 
31 23  1 33 34 42 78 
31 23  1 35 43 126 
31 23  1 35 36 44 153 
31 23  1 37 45 126 
31 23  1 37 38 46 110 
31 23  1 39 47 89 
31 23  1 39 40 48 146 
31 23  1 49 76 
31 23  1 49 50 92 
31 23  1 51 136 
31 23  1 51 52 176 
31 23  1 53 130 
31 23  1 53 54 96 
31 23  1 55 80 
31 23  1 55 56 110 
31 23  1 49 57 98 
31 23  1 49 50 58 104 
31 23  1 51 59 102 
31 23  1 51 59 60 118 
31 23  1 53 61 89 
31 23  1 53 54 62 92 
31 23  1 55 63 81 
31 23  1 55 63 64 141 
32 24 23  1 90 
32 24 23  1  2 119 
32 24 23  1  3 155 
32 24 23  1  3  4 135 
32 24 23  1  5 163 
32 24 23  1  5  6 108 
32 24 23  1  7 79 
32 24 23  1  7  8 94 
32 24 23  1  9 85 
32 24 23  1  2 10 90 
32 24 23  1  3 11 142 
32 24 23  1  3  4 12 157 
32 24 23  1  5 13 154 
32 24 23  1  5 13 14 107 
32 24 23  1  7 15 80 
32 24 23  1  7  8 16 106 
32 24 23  1 17 89 
32 24 23  1 17 18 83 
32 24 23  1 19 129 
32 24 23  1 19 20 141 
32 24 23  1 21 116 
32 24 23  1 21 22 110 
32 24 23 84 
32 24 122 
32 24 23  1 17 25 111 
32 24 23  1 17 18 26 109 
32 24 23  1 19 27 121 
32 24 23  1 19 27 28 147 
32 24 23  1 21 29 156 
32 24 23  1 21 29 30 113 
32 31 87 
32 24 23  1 33 87 
32 24 23  1 33 34 76 
32 24 23  1 35 140 
32 24 23  1 35 36 171 
32 24 23  1 37 144 
32 24 23  1 37 38 112 
32 24 23  1 39 105 
32 24 23  1 39 40 134 
32 24 23  1 33 41 86 
32 24 23  1 33 34 42 79 
32 24 23  1 35 43 132 
32 24 23  1 35 36 44 137 
32 24 23  1 37 45 164 
32 24 23  1 37 38 46 106 
32 24 23  1 39 47 86 
32 24 23  1 39 40 48 131 
32 24 23  1 49 87 
32 24 23  1 49 50 73 
32 24 23  1 51 132 
32 24 23  1 51 52 142 
32 24 23  1 53 146 
32 24 23  1 53 54 96 
32 24 23  1 55 91 
32 24 23  1 55 56 116 
32 24 23  1 49 57 96 
32 24 23  1 49 57 58 82 
32 24 23  1 51 59 106 
32 24 23  1 51 59 60 112 
32 24 23  1 53 61 120 
32 24 23  1 53 54 62 94 
32 24 23  1 55 63 76 
32 24 23  1 55 63 64 144 
33  1 78 
33  1  2 100 
33  1  3 147 
33  1  3  4 134 
33  1  5 178 
33  1  5  6 119 
33  1  7 101 
33  1  7  8 116 
33  1  9 82 
33  1  9 10 84 
33  1  3 11 114 
33  1  3  4 12 143 
33  1  5 13 126 
33  1  5 13 14 100 
33  1  7 15 85 
33  1  7  8 16 124 
33  1 17 77 
33  1 17 18 90 
33  1 19 116 
33  1 19 20 142 
33  1 21 109 
33  1 21 22 121 
33  1 23 77 
33  1 23 24 112 
33  1 17 25 77 
33  1 17 18 26 80 
33  1 19 27 117 
33  1 19 27 28 127 
33  1 21 29 125 
33  1 21 22 30 115 
33  1 23 31 71 
33  1 23 24 32 141 
33 34 88 
33  1 35 145 
33  1 35 36 140 
33  1 37 153 
33  1 37 38 92 
33  1 39 103 
33  1 39 40 160 
33 41 98 
33 34 42 119 
33  1 35 43 143 
33  1 35 43 44 143 
33  1 37 45 147 
33  1 37 38 46 105 
33  1 39 47 107 
33  1 39 40 48 140 
33  1 49 92 
33  1 49 50 85 
33  1 51 132 
33  1 51 52 142 
33  1 53 158 
33  1 53 54 93 
33  1 55 87 
33  1 55 56 123 
33  1 49 57 102 
33  1 49 57 58 95 
33  1 51 59 102 
33  1 51 59 60 111 
33  1 53 61 92 
33  1 53 54 62 75 
33  1 55 63 62 
33  1 55 63 64 152 
34 33  1 68 
34 33  1  2 99 
34 33  1  3 141 
34 33  1  3  4 158 
34 33  1  5 139 
34 33  1  5  6 105 
34 33  1  7 102 
34 33  1  7  8 111 
34 33  1  9 100 
34 33  1  2 10 85 
34 33  1  3 11 153 
34 33  1  3 11 12 143 
34 33  1  5 13 140 
34 33  1  5  6 14 85 
34 33  1  7 15 71 
34 33  1  7  8 16 141 
34 33  1 17 87 
34 33  1 17 18 91 
34 33  1 19 112 
34 33  1 19 20 165 
34 33  1 21 133 
34 33  1 21 22 93 
34 33  1 23 77 
34 33  1 23 24 127 
34 33  1 17 25 87 
34 33  1 17 18 26 92 
34 33  1 19 27 136 
34 33  1 19 27 28 133 
34 33  1 21 29 160 
34 33  1 21 29 30 112 
34 33  1 23 31 72 
34 33  1 23 24 32 127 
34 33 82 
34 33  1 35 135 
34 33  1 35 36 161 
34 33  1 37 153 
34 33  1 37 38 124 
34 33  1 39 64 
34 33  1 39 40 129 
34 42 41 79 
34 42 98 
34 33  1 35 43 126 
34 33  1 35 36 44 156 
34 33  1 37 45 154 
34 33  1 37 38 46 108 
34 33  1 39 47 92 
34 33  1 39 40 48 128 
34 33  1 49 76 
34 33  1 49 50 83 
34 33  1 51 138 
34 33  1 51 52 154 
34 33  1 53 138 
34 33  1 53 54 113 
34 33  1 55 92 
34 33  1 55 56 127 
34 33  1 49 57 108 
34 33  1 49 50 58 99 
34 33  1 51 59 98 
34 33  1 51 59 60 122 
34 33  1 53 61 102 
34 33  1 53 54 62 98 
34 33  1 55 63 78 
34 33  1 55 63 64 153 
35  1 81 
35  1  2 91 
35  1  3 186 
35  1  3  4 153 
35  1  5 136 
35  1  5  6 112 
35  1  7 92 
35  1  7  8 125 
35  1  9 79 
35  1  9 10 93 
35  1  3 11 129 
35  1  3  4 12 155 
35  1  5 13 133 
35  1  5 13 14 104 
35  1  7 15 95 
35  1  7  8 16 120 
35  1 17 84 
35  1 17 18 72 
35  1 19 113 
35  1 19 20 162 
35  1 21 144 
35  1 21 22 99 
35  1 23 80 
35  1 23 24 142 
35  1 17 25 81 
35  1 17 25 26 74 
35  1 19 27 103 
35  1 19 27 28 144 
35  1 21 29 152 
35  1 21 29 30 113 
35  1 23 31 96 
35  1 23 24 32 137 
35  1 33 74 
35  1 33 34 98 
35 36 140 
35  1 37 140 
35  1 37 38 104 
35  1 39 90 
35  1 39 40 118 
35  1 33 41 95 
35  1 33 41 42 92 
35 43 138 
35 36 44 130 
35  1 37 45 145 
35  1 37 38 46 106 
35  1 39 47 93 
35  1 39 40 48 128 
35  1 49 107 
35  1 49 50 97 
35  1 51 138 
35  1 51 52 132 
35  1 53 147 
35  1 53 54 99 
35  1 55 93 
35  1 55 56 133 
35  1 49 57 94 
35  1 49 57 58 72 
35  1 51 59 106 
35  1 51 59 60 142 
35  1 53 61 107 
35  1 53 54 62 83 
35  1 55 63 86 
35  1 55 63 64 140 
36 35  1 77 
36 35  1  2 90 
36 35  1  3 140 
36 35  1  3  4 152 
36 35  1  5 164 
36 35  1  5  6 123 
36 35  1  7 110 
36 35  1  7  8 126 
36 35  1  9 92 
36 35  1  9 10 84 
36 35  1  3 11 104 
36 35  1  3  4 12 142 
36 35  1  5 13 128 
36 35  1  5 13 14 92 
36 35  1  7 15 71 
36 35  1  7  8 16 111 
36 35  1 17 91 
36 35  1 17 18 92 
36 35  1 19 115 
36 35  1 19 20 135 
36 35  1 21 132 
36 35  1 21 22 94 
36 35  1 23 78 
36 35  1 23 24 89 
36 35  1 17 25 91 
36 35  1 17 25 26 93 
36 35  1 19 27 113 
36 35  1 19 27 28 122 
36 35  1 21 29 145 
36 35  1 21 29 30 93 
36 35  1 23 31 88 
36 35  1 23 31 32 127 
36 35  1 33 91 
36 35  1 33 34 94 
36 35 120 
36 35  1 37 167 
36 35  1 37 38 104 
36 35  1 39 79 
36 35  1 39 40 118 
36 35  1 33 41 92 
36 35  1 33 41 42 81 
36 44 43 139 
36 44 135 
36 35  1 37 45 135 
36 35  1 37 38 46 101 
36 35  1 39 47 88 
36 35  1 39 40 48 140 
36 35  1 49 100 
36 35  1 49 50 99 
36 35  1 51 92 
36 35  1 51 52 165 
36 35  1 53 169 
36 35  1 53 54 83 
36 35  1 55 96 
36 35  1 55 56 126 
36 35  1 49 57 93 
36 35  1 49 50 58 78 
36 35  1 51 59 114 
36 35  1 51 59 60 121 
36 35  1 53 61 102 
36 35  1 53 61 62 73 
36 35  1 55 63 84 
36 35  1 55 63 64 137 
37  1 84 
37  1  2 93 
37  1  3 148 
37  1  3  4 149 
37  1  5 120 
37  1  5  6 109 
37  1  7 88 
37  1  7  8 95 
37  1  9 99 
37  1  9 10 103 
37  1  3 11 144 
37  1  3  4 12 128 
37  1  5 13 132 
37  1  5 13 14 91 
37  1  7 15 72 
37  1  7  8 16 115 
37  1 17 71 
37  1 17 18 65 
37  1 19 129 
37  1 19 20 131 
37  1 21 136 
37  1 21 22 107 
37  1 23 76 
37  1 23 24 118 
37  1 17 25 91 
37  1 17 18 26 87 
37  1 19 27 119 
37  1 19 27 28 129 
37  1 21 29 132 
37  1 21 29 30 92 
37  1 23 31 92 
37  1 23 24 32 137 
37  1 33 69 
37  1 33 34 82 
37  1 35 139 
37  1 35 36 152 
37 38 104 
37  1 39 95 
37  1 39 40 111 
37  1 33 41 101 
37  1 33 41 42 95 
37  1 35 43 120 
37  1 35 43 44 160 
37 45 148 
37 38 46 125 
37  1 39 47 83 
37  1 39 40 48 159 
37  1 49 85 
37  1 49 50 90 
37  1 51 148 
37  1 51 52 119 
37  1 53 156 
37  1 53 54 101 
37  1 55 76 
37  1 55 56 122 
37  1 49 57 122 
37  1 49 57 58 99 
37  1 51 59 122 
37  1 51 52 60 103 
37  1 53 61 110 
37  1 53 54 62 95 
37  1 55 63 65 
37  1 55 63 64 133 
38 37  1 85 
38 37  1  2 108 
38 37  1  3 134 
38 37  1  3  4 141 
38 37  1  5 143 
38 37  1  5  6 102 
38 37  1  7 75 
38 37  1  7  8 108 
38 37  1  9 81 
38 37  1  9 10 83 
38 37  1  3 11 139 
38 37  1  3 11 12 148 
38 37  1  5 13 145 
38 37  1  5 13 14 97 
38 37  1  7 15 91 
38 37  1  7  8 16 135 
38 37  1 17 89 
38 37  1 17 18 84 
38 37  1 19 117 
38 37  1 19 20 131 
38 37  1 21 116 
38 37  1 21 22 104 
38 37  1 23 80 
38 37  1 23 24 87 
38 37  1 17 25 83 
38 37  1 17 25 26 81 
38 37  1 19 27 110 
38 37  1 19 27 28 139 
38 37  1 21 29 143 
38 37  1 21 29 30 99 
38 37  1 23 31 79 
38 37  1 23 31 32 126 
38 37  1 33 106 
38 37  1 33 34 89 
38 37  1 35 133 
38 37  1 35 36 148 
38 37 156 
38 37  1 39 94 
38 37  1 39 40 124 
38 37  1 33 41 90 
38 37  1 33 41 42 83 
38 37  1 35 43 145 
38 37  1 35 36 44 154 
38 46 45 142 
38 46 113 
38 37  1 39 47 90 
38 37  1 39 40 48 128 
38 37  1 49 99 
38 37  1 49 50 83 
38 37  1 51 139 
38 37  1 51 52 134 
38 37  1 53 144 
38 37  1 53 54 117 
38 37  1 55 100 
38 37  1 55 56 135 
38 37  1 49 57 113 
38 37  1 49 57 58 75 
38 37  1 51 59 85 
38 37  1 51 59 60 114 
38 37  1 53 61 88 
38 37  1 53 54 62 80 
38 37  1 55 63 70 
38 37  1 55 63 64 133 
39  1 79 
39  1  2 118 
39  1  3 141 
39  1  3  4 134 
39  1  5 128 
39  1  5  6 121 
39  1  7 105 
39  1  7  8 121 
39  1  9 111 
39  1  2 10 83 
39  1  3 11 149 
39  1  3  4 12 143 
39  1  5 13 121 
39  1  5 13 14 101 
39  1  7 15 81 
39  1  7  8 16 124 
39  1 17 85 
39  1 17 18 81 
39  1 19 108 
39  1 19 20 137 
39  1 21 140 
39  1 21 22 100 
39  1 23 80 
39  1 23 24 108 
39  1 17 25 90 
39  1 17 18 26 71 
39  1 19 27 129 
39  1 19 20 28 145 
39  1 21 29 141 
39  1 21 22 30 103 
39  1 23 31 71 
39  1 23 31 32 126 
39  1 33 91 
39  1 33 34 89 
39  1 35 173 
39  1 35 36 153 
39  1 37 151 
39  1 37 38 105 
39 40 123 
39  1 33 41 94 
39  1 33 41 42 88 
39  1 35 43 130 
39  1 35 43 44 150 
39  1 37 45 154 
39  1 37 45 46 94 
39 47 98 
39 40 48 135 
39  1 49 89 
39  1 49 50 86 
39  1 51 142 
39  1 51 52 145 
39  1 53 126 
39  1 53 54 115 
39  1 55 99 
39  1 55 56 130 
39  1 49 57 97 
39  1 49 57 58 82 
39  1 51 59 118 
39  1 51 59 60 119 
39  1 53 61 113 
39  1 53 54 62 87 
39  1 55 63 74 
39  1 55 63 64 125 
40 39  1 75 
40 39  1  2 107 
40 39  1  3 133 
40 39  1  3  4 121 
40 39  1  5 148 
40 39  1  5  6 118 
40 39  1  7 93 
40 39  1  7  8 122 
40 39  1  9 89 
40 39  1  2 10 96 
40 39  1  3 11 128 
40 39  1  3  4 12 160 
40 39  1  5 13 121 
40 39  1  5 13 14 104 
40 39  1  7 15 66 
40 39  1  7  8 16 123 
40 39  1 17 75 
40 39  1 17 18 78 
40 39  1 19 125 
40 39  1 19 20 116 
40 39  1 21 126 
40 39  1 21 22 114 
40 39  1 23 72 
40 39  1 23 24 99 
40 39  1 17 25 74 
40 39  1 17 18 26 104 
40 39  1 19 27 113 
40 39  1 19 20 28 155 
40 39  1 21 29 136 
40 39  1 21 22 30 88 
40 39  1 23 31 91 
40 39  1 23 24 32 139 
40 39  1 33 77 
40 39  1 33 34 97 
40 39  1 35 122 
40 39  1 35 36 146 
40 39  1 37 140 
40 39  1 37 38 95 
40 39 84 
40 39  1 33 41 85 
40 39  1 33 41 42 90 
40 39  1 35 43 158 
40 39  1 35 36 44 157 
40 39  1 37 45 170 
40 39  1 37 45 46 100 
40 48 47 74 
40 48 133 
40 39  1 49 84 
40 39  1 49 50 94 
40 39  1 51 151 
40 39  1 51 52 136 
40 39  1 53 149 
40 39  1 53 54 141 
40 39  1 55 74 
40 39  1 55 56 122 
40 39  1 49 57 107 
40 39  1 49 57 58 92 
40 39  1 51 59 106 
40 39  1 51 59 60 141 
40 39  1 53 61 101 
40 39  1 53 54 62 70 
40 39  1 55 63 74 
40 39  1 55 63 64 120 
41 33  1 75 
41 33  1  2 105 
41 33  1  3 138 
41 33  1  3  4 156 
41 33  1  5 155 
41 33  1  5  6 118 
41 33  1  7 99 
41 33  1  7  8 102 
41 33  1  9 109 
41 33  1  2 10 81 
41 33  1  3 11 140 
41 33  1  3  4 12 162 
41 33  1  5 13 136 
41 33  1  5  6 14 105 
41 33  1  7 15 84 
41 33  1  7  8 16 116 
41 33  1 17 82 
41 33  1 17 18 72 
41 33  1 19 143 
41 33  1 19 20 140 
41 33  1 21 121 
41 33  1 21 22 111 
41 33  1 23 91 
41 33  1 23 24 140 
41 33  1 17 25 77 
41 33  1 17 18 26 97 
41 33  1 19 27 132 
41 33  1 19 20 28 137 
41 33  1 21 29 157 
41 33  1 21 29 30 109 
41 33  1 23 31 79 
41 33  1 23 24 32 105 
41 33 89 
41 42 34 83 
41 33  1 35 155 
41 33  1 35 36 152 
41 33  1 37 140 
41 33  1 37 38 110 
41 33  1 39 100 
41 33  1 39 40 136 
41 42 90 
41 33  1 35 43 139 
41 33  1 35 36 44 151 
41 33  1 37 45 141 
41 33  1 37 38 46 134 
41 33  1 39 47 79 
41 33  1 39 40 48 132 
41 33  1 49 85 
41 33  1 49 50 105 
41 33  1 51 139 
41 33  1 51 52 146 
41 33  1 53 159 
41 33  1 53 54 96 
41 33  1 55 77 
41 33  1 55 56 134 
41 33  1 49 57 113 
41 33  1 49 57 58 65 
41 33  1 51 59 95 
41 33  1 51 59 60 116 
41 33  1 53 61 107 
41 33  1 53 54 62 90 
41 33  1 55 63 87 
41 33  1 55 63 64 136 
42 34 33  1 81 
42 34 33  1  2 98 
42 34 33  1  3 146 
42 34 33  1  3  4 143 
42 34 33  1  5 150 
42 34 33  1  5  6 117 
42 34 33  1  7 70 
42 34 33  1  7  8 106 
42 34 33  1  9 70 
42 34 33  1  9 10 80 
42 34 33  1  3 11 139 
42 34 33  1  3  4 12 131 
42 34 33  1  5 13 131 
42 34 33  1  5  6 14 105 
42 34 33  1  7 15 68 
42 34 33  1  7  8 16 105 
42 34 33  1 17 92 
42 34 33  1 17 18 91 
42 34 33  1 19 128 
42 34 33  1 19 20 168 
42 34 33  1 21 131 
42 34 33  1 21 22 98 
42 34 33  1 23 92 
42 34 33  1 23 24 115 
42 34 33  1 17 25 84 
42 34 33  1 17 18 26 91 
42 34 33  1 19 27 95 
42 34 33  1 19 20 28 132 
42 34 33  1 21 29 137 
42 34 33  1 21 29 30 139 
42 34 33  1 23 31 86 
42 34 33  1 23 24 32 129 
42 34 33 79 
42 34 69 
42 34 33  1 35 137 
42 34 33  1 35 36 130 
42 34 33  1 37 141 
42 34 33  1 37 38 108 
42 34 33  1 39 96 
42 34 33  1 39 40 118 
42 41 110 
42 34 33  1 35 43 151 
42 34 33  1 35 43 44 137 
42 34 33  1 37 45 140 
42 34 33  1 37 38 46 108 
42 34 33  1 39 47 88 
42 34 33  1 39 40 48 130 
42 34 33  1 49 109 
42 34 33  1 49 50 87 
42 34 33  1 51 135 
42 34 33  1 51 52 117 
42 34 33  1 53 116 
42 34 33  1 53 54 97 
42 34 33  1 55 89 
42 34 33  1 55 56 121 
42 34 33  1 49 57 102 
42 34 33  1 49 57 58 80 
42 34 33  1 51 59 108 
42 34 33  1 51 59 60 128 
42 34 33  1 53 61 103 
42 34 33  1 53 54 62 98 
42 34 33  1 55 63 86 
42 34 33  1 55 63 64 148 
43 35  1 80 
43 35  1  2 102 
43 35  1  3 140 
43 35  1  3  4 170 
43 35  1  5 167 
43 35  1  5  6 131 
43 35  1  7 97 
43 35  1  7  8 109 
43 35  1  9 89 
43 35  1  2 10 85 
43 35  1  3 11 126 
43 35  1  3  4 12 129 
43 35  1  5 13 164 
43 35  1  5 13 14 111 
43 35  1  7 15 88 
43 35  1  7  8 16 131 
43 35  1 17 91 
43 35  1 17 18 74 
43 35  1 19 110 
43 35  1 19 20 141 
43 35  1 21 122 
43 35  1 21 22 102 
43 35  1 23 80 
43 35  1 23 24 107 
43 35  1 17 25 79 
43 35  1 17 18 26 83 
43 35  1 19 27 108 
43 35  1 19 20 28 128 
43 35  1 21 29 128 
43 35  1 21 22 30 114 
43 35  1 23 31 93 
43 35  1 23 31 32 148 
43 35  1 33 92 
43 35  1 33 34 89 
43 35 165 
43 44 36 135 
43 35  1 37 133 
43 35  1 37 38 123 
43 35  1 39 102 
43 35  1 39 40 126 
43 35  1 33 41 93 
43 35  1 33 41 42 80 
43 44 119 
43 35  1 37 45 156 
43 35  1 37 38 46 99 
43 35  1 39 47 85 
43 35  1 39 40 48 147 
43 35  1 49 83 
43 35  1 49 50 91 
43 35  1 51 119 
43 35  1 51 52 141 
43 35  1 53 142 
43 35  1 53 54 114 
43 35  1 55 80 
43 35  1 55 56 127 
43 35  1 49 57 99 
43 35  1 49 57 58 80 
43 35  1 51 59 107 
43 35  1 51 59 60 116 
43 35  1 53 61 115 
43 35  1 53 54 62 91 
43 35  1 55 63 65 
43 35  1 55 63 64 150 
44 43 35  1 82 
44 43 35  1  2 108 
44 43 35  1  3 148 
44 43 35  1  3  4 134 
44 43 35  1  5 161 
44 43 35  1  5  6 116 
44 43 35  1  7 94 
44 43 35  1  7  8 107 
44 43 35  1  9 82 
44 43 35  1  9 10 84 
44 43 35  1  3 11 133 
44 43 35  1  3  4 12 142 
44 43 35  1  5 13 135 
44 43 35  1  5  6 14 114 
44 43 35  1  7 15 71 
44 43 35  1  7  8 16 139 
44 43 35  1 17 61 
44 43 35  1 17 18 76 
44 43 35  1 19 137 
44 43 35  1 19 20 146 
44 43 35  1 21 143 
44 43 35  1 21 22 105 
44 43 35  1 23 86 
44 43 35  1 23 24 120 
44 43 35  1 17 25 83 
44 43 35  1 17 18 26 93 
44 43 35  1 19 27 153 
44 43 35  1 19 20 28 146 
44 43 35  1 21 29 145 
44 43 35  1 21 22 30 115 
44 43 35  1 23 31 87 
44 43 35  1 23 24 32 126 
44 43 35  1 33 83 
44 43 35  1 33 34 82 
44 43 35 154 
44 36 133 
44 43 35  1 37 170 
44 43 35  1 37 38 102 
44 43 35  1 39 94 
44 43 35  1 39 40 144 
44 43 35  1 33 41 72 
44 43 35  1 33 41 42 84 
44 43 132 
44 43 35  1 37 45 148 
44 43 35  1 37 38 46 115 
44 43 35  1 39 47 86 
44 43 35  1 39 40 48 132 
44 43 35  1 49 85 
44 43 35  1 49 50 90 
44 43 35  1 51 117 
44 43 35  1 51 52 165 
44 43 35  1 53 146 
44 43 35  1 53 54 122 
44 43 35  1 55 84 
44 43 35  1 55 56 142 
44 43 35  1 49 57 96 
44 43 35  1 49 57 58 83 
44 43 35  1 51 59 115 
44 43 35  1 51 59 60 112 
44 43 35  1 53 61 101 
44 43 35  1 53 54 62 97 
44 43 35  1 55 63 69 
44 43 35  1 55 63 64 137 
45 37  1 73 
45 37  1  2 82 
45 37  1  3 156 
45 37  1  3  4 167 
45 37  1  5 165 
45 37  1  5  6 131 
45 37  1  7 89 
45 37  1  7  8 128 
45 37  1  9 76 
45 37  1  9 10 71 
45 37  1  3 11 158 
45 37  1  3  4 12 149 
45 37  1  5 13 147 
45 37  1  5 13 14 89 
45 37  1  7 15 76 
45 37  1  7  8 16 109 
45 37  1 17 71 
45 37  1 17 18 94 
45 37  1 19 137 
45 37  1 19 20 159 
45 37  1 21 141 
45 37  1 21 22 100 
45 37  1 23 86 
45 37  1 23 24 108 
45 37  1 17 25 84 
45 37  1 17 18 26 83 
45 37  1 19 27 135 
45 37  1 19 20 28 146 
45 37  1 21 29 133 
45 37  1 21 22 30 107 
45 37  1 23 31 81 
45 37  1 23 24 32 121 
45 37  1 33 108 
45 37  1 33 34 92 
45 37  1 35 140 
45 37  1 35 36 137 
45 37 149 
45 46 38 121 
45 37  1 39 80 
45 37  1 39 40 128 
45 37  1 33 41 108 
45 37  1 33 41 42 100 
45 37  1 35 43 153 
45 37  1 35 36 44 144 
45 46 108 
45 37  1 39 47 84 
45 37  1 39 40 48 128 
45 37  1 49 85 
45 37  1 49 50 86 
45 37  1 51 130 
45 37  1 51 52 132 
45 37  1 53 141 
45 37  1 53 54 110 
45 37  1 55 71 
45 37  1 55 56 112 
45 37  1 49 57 98 
45 37  1 49 57 58 86 
45 37  1 51 59 108 
45 37  1 51 59 60 134 
45 37  1 53 61 89 
45 37  1 53 54 62 91 
45 37  1 55 63 84 
45 37  1 55 63 64 128 
46 38 37  1 64 
46 38 37  1  2 100 
46 38 37  1  3 146 
46 38 37  1  3  4 146 
46 38 37  1  5 147 
46 38 37  1  5  6 112 
46 38 37  1  7 97 
46 38 37  1  7  8 116 
46 38 37  1  9 80 
46 38 37  1  2 10 74 
46 38 37  1  3 11 141 
46 38 37  1  3  4 12 132 
46 38 37  1  5 13 147 
46 38 37  1  5  6 14 79 
46 38 37  1  7 15 92 
46 38 37  1  7  8 16 124 
46 38 37  1 17 82 
46 38 37  1 17 18 95 
46 38 37  1 19 124 
46 38 37  1 19 20 161 
46 38 37  1 21 143 
46 38 37  1 21 22 109 
46 38 37  1 23 58 
46 38 37  1 23 24 128 
46 38 37  1 17 25 69 
46 38 37  1 17 18 26 98 
46 38 37  1 19 27 142 
46 38 37  1 19 20 28 140 
46 38 37  1 21 29 159 
46 38 37  1 21 29 30 116 
46 38 37  1 23 31 84 
46 38 37  1 23 31 32 144 
46 38 37  1 33 86 
46 38 37  1 33 34 75 
46 38 37  1 35 132 
46 38 37  1 35 36 150 
46 38 37 112 
46 38 90 
46 38 37  1 39 84 
46 38 37  1 39 40 115 
46 38 37  1 33 41 87 
46 38 37  1 33 41 42 80 
46 38 37  1 35 43 128 
46 38 37  1 35 43 44 106 
46 45 161 
46 38 37  1 39 47 91 
46 38 37  1 39 40 48 112 
46 38 37  1 49 95 
46 38 37  1 49 50 67 
46 38 37  1 51 144 
46 38 37  1 51 52 144 
46 38 37  1 53 133 
46 38 37  1 53 54 108 
46 38 37  1 55 88 
46 38 37  1 55 56 143 
46 38 37  1 49 57 108 
46 38 37  1 49 57 58 87 
46 38 37  1 51 59 93 
46 38 37  1 51 59 60 125 
46 38 37  1 53 61 98 
46 38 37  1 53 54 62 77 
46 38 37  1 55 63 82 
46 38 37  1 55 63 64 140 
47 39  1 81 
47 39  1  2 105 
47 39  1  3 134 
47 39  1  3  4 153 
47 39  1  5 144 
47 39  1  5  6 110 
47 39  1  7 87 
47 39  1  7  8 106 
47 39  1  9 71 
47 39  1  9 10 89 
47 39  1  3 11 139 
47 39  1  3  4 12 148 
47 39  1  5 13 129 
47 39  1  5  6 14 112 
47 39  1  7 15 78 
47 39  1  7  8 16 112 
47 39  1 17 81 
47 39  1 17 18 85 
47 39  1 19 119 
47 39  1 19 20 127 
47 39  1 21 146 
47 39  1 21 22 104 
47 39  1 23 71 
47 39  1 23 24 119 
47 39  1 17 25 81 
47 39  1 17 18 26 92 
47 39  1 19 27 131 
47 39  1 19 27 28 140 
47 39  1 21 29 138 
47 39  1 21 29 30 109 
47 39  1 23 31 82 
47 39  1 23 24 32 140 
47 39  1 33 89 
47 39  1 33 34 92 
47 39  1 35 156 
47 39  1 35 36 162 
47 39  1 37 137 
47 39  1 37 38 84 
47 39 85 
47 48 40 164 
47 39  1 33 41 92 
47 39  1 33 41 42 100 
47 39  1 35 43 120 
47 39  1 35 43 44 151 
47 39  1 37 45 147 
47 39  1 37 45 46 104 
47 48 118 
47 39  1 49 95 
47 39  1 49 50 89 
47 39  1 51 121 
47 39  1 51 52 170 
47 39  1 53 159 
47 39  1 53 54 105 
47 39  1 55 92 
47 39  1 55 56 135 
47 39  1 49 57 110 
47 39  1 49 50 58 70 
47 39  1 51 59 116 
47 39  1 51 59 60 112 
47 39  1 53 61 108 
47 39  1 53 54 62 83 
47 39  1 55 63 60 
47 39  1 55 63 64 123 
48 40 39  1 73 
48 40 39  1  2 117 
48 40 39  1  3 134 
48 40 39  1  3  4 139 
48 40 39  1  5 154 
48 40 39  1  5  6 117 
48 40 39  1  7 88 
48 40 39  1  7  8 91 
48 40 39  1  9 87 
48 40 39  1  9 10 96 
48 40 39  1  3 11 126 
48 40 39  1  3  4 12 161 
48 40 39  1  5 13 122 
48 40 39  1  5  6 14 106 
48 40 39  1  7 15 71 
48 40 39  1  7  8 16 130 
48 40 39  1 17 77 
48 40 39  1 17 18 103 
48 40 39  1 19 116 
48 40 39  1 19 20 141 
48 40 39  1 21 145 
48 40 39  1 21 22 96 
48 40 39  1 23 62 
48 40 39  1 23 24 121 
48 40 39  1 17 25 68 
48 40 39  1 17 18 26 86 
48 40 39  1 19 27 101 
48 40 39  1 19 20 28 148 
48 40 39  1 21 29 153 
48 40 39  1 21 22 30 100 
48 40 39  1 23 31 86 
48 40 39  1 23 24 32 158 
48 40 39  1 33 86 
48 40 39  1 33 34 97 
48 40 39  1 35 153 
48 40 39  1 35 36 150 
48 40 39  1 37 128 
48 40 39  1 37 38 109 
48 40 39 79 
48 40 151 
48 40 39  1 33 41 89 
48 40 39  1 33 41 42 103 
48 40 39  1 35 43 129 
48 40 39  1 35 43 44 134 
48 40 39  1 37 45 144 
48 40 39  1 37 45 46 113 
48 47 78 
48 40 39  1 49 88 
48 40 39  1 49 50 74 
48 40 39  1 51 144 
48 40 39  1 51 52 156 
48 40 39  1 53 133 
48 40 39  1 53 54 92 
48 40 39  1 55 85 
48 40 39  1 55 56 127 
48 40 39  1 49 57 96 
48 40 39  1 49 57 58 92 
48 40 39  1 51 59 112 
48 40 39  1 51 59 60 118 
48 40 39  1 53 61 107 
48 40 39  1 53 54 62 67 
48 40 39  1 55 63 70 
48 40 39  1 55 63 64 160 
49  1 91 
49  1  2 119 
49  1  3 148 
49  1  3  4 144 
49  1  5 131 
49  1  5  6 114 
49  1  7 76 
49  1  7  8 120 
49  1  9 91 
49  1  2 10 93 
49  1  3 11 139 
49  1  3  4 12 135 
49  1  5 13 123 
49  1  5  6 14 100 
49  1  7 15 110 
49  1  7  8 16 127 
49  1 17 87 
49  1 17 18 85 
49  1 19 101 
49  1 19 20 159 
49  1 21 128 
49  1 21 22 124 
49  1 23 74 
49  1 23 24 99 
49  1 17 25 93 
49  1 17 18 26 79 
49  1 19 27 111 
49  1 19 27 28 163 
49  1 21 29 140 
49  1 21 29 30 104 
49  1 23 31 83 
49  1 23 24 32 122 
49  1 33 99 
49  1 33 34 86 
49  1 35 133 
49  1 35 36 152 
49  1 37 131 
49  1 37 38 122 
49  1 39 82 
49  1 39 40 130 
49  1 33 41 93 
49  1 33 41 42 95 
49  1 35 43 126 
49  1 35 43 44 128 
49  1 37 45 120 
49  1 37 45 46 116 
49  1 39 47 83 
49  1 39 47 48 126 
49 50 107 
49  1 51 125 
49  1 51 52 119 
49  1 53 132 
49  1 53 54 115 
49  1 55 90 
49  1 55 56 131 
49 57 95 
49 50 58 97 
49  1 51 59 93 
49  1 51 52 60 116 
49  1 53 61 106 
49  1 53 54 62 81 
49  1 55 63 77 
49  1 55 63 64 133 
50 49  1 95 
50 49  1  2 101 
50 49  1  3 117 
50 49  1  3  4 132 
50 49  1  5 163 
50 49  1  5  6 128 
50 49  1  7 94 
50 49  1  7  8 93 
50 49  1  9 95 
50 49  1  2 10 83 
50 49  1  3 11 122 
50 49  1  3 11 12 140 
50 49  1  5 13 114 
50 49  1  5 13 14 103 
50 49  1  7 15 82 
50 49  1  7  8 16 97 
50 49  1 17 92 
50 49  1 17 18 86 
50 49  1 19 129 
50 49  1 19 20 147 
50 49  1 21 136 
50 49  1 21 22 102 
50 49  1 23 76 
50 49  1 23 24 107 
50 49  1 17 25 84 
50 49  1 17 18 26 92 
50 49  1 19 27 156 
50 49  1 19 27 28 132 
50 49  1 21 29 132 
50 49  1 21 29 30 122 
50 49  1 23 31 92 
50 49  1 23 24 32 137 
50 49  1 33 84 
50 49  1 33 34 84 
50 49  1 35 163 
50 49  1 35 36 132 
50 49  1 37 175 
50 49  1 37 38 96 
50 49  1 39 85 
50 49  1 39 40 135 
50 49  1 33 41 103 
50 49  1 33 41 42 88 
50 49  1 35 43 152 
50 49  1 35 36 44 145 
50 49  1 37 45 135 
50 49  1 37 45 46 105 
50 49  1 39 47 85 
50 49  1 39 47 48 138 
50 49 91 
50 49  1 51 130 
50 49  1 51 52 144 
50 49  1 53 130 
50 49  1 53 54 109 
50 49  1 55 91 
50 49  1 55 56 105 
50 58 57 121 
50 58 78 
50 49  1 51 59 106 
50 49  1 51 59 60 137 
50 49  1 53 61 92 
50 49  1 53 54 62 73 
50 49  1 55 63 79 
50 49  1 55 63 64 163 
51  1 86 
51  1  2 102 
51  1  3 151 
51  1  3  4 136 
51  1  5 150 
51  1  5  6 103 
51  1  7 89 
51  1  7  8 123 
51  1  9 75 
51  1  2 10 100 
51  1  3 11 131 
51  1  3  4 12 114 
51  1  5 13 155 
51  1  5 13 14 111 
51  1  7 15 105 
51  1  7  8 16 109 
51  1 17 83 
51  1 17 18 73 
51  1 19 125 
51  1 19 20 149 
51  1 21 120 
51  1 21 22 96 
51  1 23 79 
51  1 23 24 109 
51  1 17 25 85 
51  1 17 25 26 84 
51  1 19 27 142 
51  1 19 27 28 161 
51  1 21 29 138 
51  1 21 29 30 84 
51  1 23 31 83 
51  1 23 24 32 139 
51  1 33 83 
51  1 33 34 84 
51  1 35 125 
51  1 35 36 134 
51  1 37 140 
51  1 37 38 102 
51  1 39 94 
51  1 39 40 118 
51  1 33 41 93 
51  1 33 41 42 102 
51  1 35 43 124 
51  1 35 43 44 138 
51  1 37 45 150 
51  1 37 45 46 108 
51  1 39 47 101 
51  1 39 40 48 112 
51  1 49 96 
51  1 49 50 82 
51 52 133 
51  1 53 156 
51  1 53 54 110 
51  1 55 88 
51  1 55 56 121 
51  1 49 57 94 
51  1 49 57 58 97 
51 59 104 
51 59 60 111 
51  1 53 61 86 
51  1 53 54 62 85 
51  1 55 63 78 
51  1 55 63 64 165 
52 51  1 86 
52 51  1  2 87 
52 51  1  3 135 
52 51  1  3  4 150 
52 51  1  5 156 
52 51  1  5  6 118 
52 51  1  7 75 
52 51  1  7  8 122 
52 51  1  9 80 
52 51  1  9 10 86 
52 51  1  3 11 129 
52 51  1  3  4 12 157 
52 51  1  5 13 130 
52 51  1  5 13 14 84 
52 51  1  7 15 78 
52 51  1  7  8 16 130 
52 51  1 17 87 
52 51  1 17 18 78 
52 51  1 19 120 
52 51  1 19 20 152 
52 51  1 21 139 
52 51  1 21 22 86 
52 51  1 23 72 
52 51  1 23 24 127 
52 51  1 17 25 83 
52 51  1 17 18 26 88 
52 51  1 19 27 132 
52 51  1 19 27 28 160 
52 51  1 21 29 138 
52 51  1 21 29 30 97 
52 51  1 23 31 87 
52 51  1 23 24 32 130 
52 51  1 33 95 
52 51  1 33 34 97 
52 51  1 35 121 
52 51  1 35 36 123 
52 51  1 37 130 
52 51  1 37 38 106 
52 51  1 39 83 
52 51  1 39 40 120 
52 51  1 33 41 92 
52 51  1 33 41 42 96 
52 51  1 35 43 140 
52 51  1 35 43 44 135 
52 51  1 37 45 127 
52 51  1 37 45 46 94 
52 51  1 39 47 91 
52 51  1 39 47 48 123 
52 51  1 49 78 
52 51  1 49 50 92 
52 51 120 
52 51  1 53 140 
52 51  1 53 54 102 
52 51  1 55 94 
52 51  1 55 56 124 
52 51  1 49 57 103 
52 51  1 49 50 58 85 
52 60 59 98 
52 60 115 
52 51  1 53 61 104 
52 51  1 53 54 62 74 
52 51  1 55 63 92 
52 51  1 55 63 64 136 
53  1 83 
53  1  2 109 
53  1  3 159 
53  1  3  4 173 
53  1  5 165 
53  1  5  6 108 
53  1  7 91 
53  1  7  8 103 
53  1  9 125 
53  1  2 10 101 
53  1  3 11 152 
53  1  3 11 12 141 
53  1  5 13 113 
53  1  5 13 14 111 
53  1  7 15 73 
53  1  7  8 16 111 
53  1 17 102 
53  1 17 18 75 
53  1 19 137 
53  1 19 20 140 
53  1 21 146 
53  1 21 22 102 
53  1 23 82 
53  1 23 24 131 
53  1 17 25 76 
53  1 17 18 26 73 
53  1 19 27 133 
53  1 19 27 28 133 
53  1 21 29 140 
53  1 21 29 30 93 
53  1 23 31 95 
53  1 23 24 32 148 
53  1 33 108 
53  1 33 34 86 
53  1 35 153 
53  1 35 36 148 
53  1 37 151 
53  1 37 38 106 
53  1 39 101 
53  1 39 40 129 
53  1 33 41 100 
53  1 33 41 42 92 
53  1 35 43 142 
53  1 35 36 44 171 
53  1 37 45 156 
53  1 37 45 46 97 
53  1 39 47 84 
53  1 39 47 48 128 
53  1 49 85 
53  1 49 50 81 
53  1 51 125 
53  1 51 52 149 
53 54 106 
53  1 55 100 
53  1 55 56 140 
53  1 49 57 96 
53  1 49 50 58 84 
53  1 51 59 112 
53  1 51 59 60 108 
53 61 98 
53 61 62 92 
53  1 55 63 78 
53  1 55 63 64 139 
54 53  1 72 
54 53  1  2 98 
54 53  1  3 148 
54 53  1  3  4 127 
54 53  1  5 179 
54 53  1  5  6 111 
54 53  1  7 75 
54 53  1  7  8 105 
54 53  1  9 87 
54 53  1  2 10 104 
54 53  1  3 11 178 
54 53  1  3  4 12 132 
54 53  1  5 13 135 
54 53  1  5 13 14 106 
54 53  1  7 15 69 
54 53  1  7  8 16 124 
54 53  1 17 61 
54 53  1 17 18 87 
54 53  1 19 116 
54 53  1 19 20 141 
54 53  1 21 120 
54 53  1 21 22 103 
54 53  1 23 81 
54 53  1 23 24 117 
54 53  1 17 25 91 
54 53  1 17 18 26 81 
54 53  1 19 27 134 
54 53  1 19 27 28 136 
54 53  1 21 29 128 
54 53  1 21 29 30 103 
54 53  1 23 31 82 
54 53  1 23 24 32 118 
54 53  1 33 91 
54 53  1 33 34 84 
54 53  1 35 139 
54 53  1 35 36 142 
54 53  1 37 132 
54 53  1 37 38 104 
54 53  1 39 97 
54 53  1 39 40 139 
54 53  1 33 41 88 
54 53  1 33 41 42 85 
54 53  1 35 43 147 
54 53  1 35 43 44 114 
54 53  1 37 45 180 
54 53  1 37 45 46 90 
54 53  1 39 47 79 
54 53  1 39 40 48 132 
54 53  1 49 80 
54 53  1 49 50 84 
54 53  1 51 129 
54 53  1 51 52 166 
54 53 163 
54 53  1 55 86 
54 53  1 55 56 114 
54 53  1 49 57 92 
54 53  1 49 57 58 92 
54 53  1 51 59 99 
54 53  1 51 59 60 125 
54 62 61 98 
54 62 96 
54 53  1 55 63 64 
54 53  1 55 63 64 122 
55  1 77 
55  1  2 118 
55  1  3 145 
55  1  3  4 139 
55  1  5 145 
55  1  5  6 131 
55  1  7 111 
55  1  7  8 111 
55  1  9 76 
55  1  2 10 96 
55  1  3 11 136 
55  1  3  4 12 149 
55  1  5 13 140 
55  1  5 13 14 90 
55  1  7 15 86 
55  1  7  8 16 136 
55  1 17 94 
55  1 17 18 76 
55  1 19 132 
55  1 19 20 142 
55  1 21 139 
55  1 21 22 103 
55  1 23 87 
55  1 23 24 114 
55  1 17 25 85 
55  1 17 18 26 98 
55  1 19 27 131 
55  1 19 20 28 137 
55  1 21 29 141 
55  1 21 22 30 97 
55  1 23 31 85 
55  1 23 24 32 107 
55  1 33 108 
55  1 33 34 108 
55  1 35 135 
55  1 35 36 154 
55  1 37 164 
55  1 37 38 126 
55  1 39 107 
55  1 39 40 133 
55  1 33 41 97 
55  1 33 41 42 108 
55  1 35 43 115 
55  1 35 36 44 150 
55  1 37 45 142 
55  1 37 45 46 111 
55  1 39 47 101 
55  1 39 40 48 134 
55  1 49 107 
55  1 49 50 91 
55  1 51 134 
55  1 51 52 167 
55  1 53 140 
55  1 53 54 99 
55 56 120 
55  1 49 57 82 
55  1 49 50 58 88 
55  1 51 59 112 
55  1 51 59 60 104 
55  1 53 61 106 
55  1 53 54 62 84 
55 63 77 
55 63 64 122 
56 55  1 83 
56 55  1  2 90 
56 55  1  3 138 
56 55  1  3  4 134 
56 55  1  5 156 
56 55  1  5  6 152 
56 55  1  7 75 
56 55  1  7  8 117 
56 55  1  9 93 
56 55  1  2 10 89 
56 55  1  3 11 127 
56 55  1  3  4 12 145 
56 55  1  5 13 148 
56 55  1  5  6 14 94 
56 55  1  7 15 84 
56 55  1  7  8 16 120 
56 55  1 17 83 
56 55  1 17 18 77 
56 55  1 19 114 
56 55  1 19 20 137 
56 55  1 21 110 
56 55  1 21 22 106 
56 55  1 23 84 
56 55  1 23 24 110 
56 55  1 17 25 91 
56 55  1 17 18 26 113 
56 55  1 19 27 108 
56 55  1 19 20 28 152 
56 55  1 21 29 148 
56 55  1 21 22 30 120 
56 55  1 23 31 97 
56 55  1 23 24 32 115 
56 55  1 33 87 
56 55  1 33 34 97 
56 55  1 35 156 
56 55  1 35 36 130 
56 55  1 37 186 
56 55  1 37 38 108 
56 55  1 39 95 
56 55  1 39 40 131 
56 55  1 33 41 96 
56 55  1 33 41 42 95 
56 55  1 35 43 156 
56 55  1 35 43 44 133 
56 55  1 37 45 140 
56 55  1 37 45 46 124 
56 55  1 39 47 75 
56 55  1 39 47 48 121 
56 55  1 49 82 
56 55  1 49 50 77 
56 55  1 51 119 
56 55  1 51 52 139 
56 55  1 53 152 
56 55  1 53 54 100 
56 55 88 
56 55  1 49 57 110 
56 55  1 49 50 58 77 
56 55  1 51 59 104 
56 55  1 51 59 60 124 
56 55  1 53 61 94 
56 55  1 53 54 62 88 
56 64 63 90 
56 64 148 
57 49  1 90 
57 49  1  2 109 
57 49  1  3 148 
57 49  1  3  4 148 
57 49  1  5 146 
57 49  1  5  6 110 
57 49  1  7 85 
57 49  1  7  8 115 
57 49  1  9 88 
57 49  1  9 10 83 
57 49  1  3 11 113 
57 49  1  3  4 12 134 
57 49  1  5 13 131 
57 49  1  5  6 14 105 
57 49  1  7 15 90 
57 49  1  7  8 16 129 
57 49  1 17 89 
57 49  1 17 18 82 
57 49  1 19 109 
57 49  1 19 20 130 
57 49  1 21 139 
57 49  1 21 22 110 
57 49  1 23 89 
57 49  1 23 24 125 
57 49  1 17 25 111 
57 49  1 17 18 26 93 
57 49  1 19 27 110 
57 49  1 19 20 28 164 
57 49  1 21 29 141 
57 49  1 21 22 30 122 
57 49  1 23 31 84 
57 49  1 23 24 32 112 
57 49  1 33 74 
57 49  1 33 34 93 
57 49  1 35 118 
57 49  1 35 36 138 
57 49  1 37 142 
57 49  1 37 38 94 
57 49  1 39 88 
57 49  1 39 40 130 
57 49  1 33 41 89 
57 49  1 33 41 42 94 
57 49  1 35 43 130 
57 49  1 35 43 44 172 
57 49  1 37 45 135 
57 49  1 37 45 46 90 
57 49  1 39 47 83 
57 49  1 39 47 48 145 
57 49 79 
57 58 50 89 
57 49  1 51 126 
57 49  1 51 52 149 
57 49  1 53 137 
57 49  1 53 54 103 
57 49  1 55 88 
57 49  1 55 56 134 
57 58 85 
57 49  1 51 59 107 
57 49  1 51 59 60 112 
57 49  1 53 61 100 
57 49  1 53 54 62 83 
57 49  1 55 63 83 
57 49  1 55 63 64 123 
58 50 49  1 80 
58 50 49  1  2 94 
58 50 49  1  3 148 
58 50 49  1  3  4 137 
58 50 49  1  5 130 
58 50 49  1  5  6 103 
58 50 49  1  7 85 
58 50 49  1  7  8 120 
58 50 49  1  9 78 
58 50 49  1  2 10 114 
58 50 49  1  3 11 135 
58 50 49  1  3 11 12 143 
58 50 49  1  5 13 134 
58 50 49  1  5 13 14 92 
58 50 49  1  7 15 60 
58 50 49  1  7  8 16 124 
58 50 49  1 17 84 
58 50 49  1 17 18 93 
58 50 49  1 19 115 
58 50 49  1 19 20 147 
58 50 49  1 21 143 
58 50 49  1 21 22 105 
58 50 49  1 23 88 
58 50 49  1 23 24 114 
58 50 49  1 17 25 86 
58 50 49  1 17 18 26 101 
58 50 49  1 19 27 126 
58 50 49  1 19 20 28 152 
58 50 49  1 21 29 143 
58 50 49  1 21 22 30 89 
58 50 49  1 23 31 74 
58 50 49  1 23 24 32 117 
58 50 49  1 33 76 
58 50 49  1 33 34 92 
58 50 49  1 35 115 
58 50 49  1 35 36 164 
58 50 49  1 37 131 
58 50 49  1 37 38 96 
58 50 49  1 39 92 
58 50 49  1 39 40 122 
58 50 49  1 33 41 109 
58 50 49  1 33 41 42 75 
58 50 49  1 35 43 157 
58 50 49  1 35 43 44 150 
58 50 49  1 37 45 132 
58 50 49  1 37 45 46 113 
58 50 49  1 39 47 94 
58 50 49  1 39 47 48 143 
58 50 49 83 
58 50 104 
58 50 49  1 51 115 
58 50 49  1 51 52 136 
58 50 49  1 53 144 
58 50 49  1 53 54 103 
58 50 49  1 55 92 
58 50 49  1 55 56 122 
58 57 100 
58 50 49  1 51 59 115 
58 50 49  1 51 52 60 115 
58 50 49  1 53 61 104 
58 50 49  1 53 54 62 86 
58 50 49  1 55 63 77 
58 50 49  1 55 63 64 131 
59 51  1 81 
59 51  1  2 93 
59 51  1  3 157 
59 51  1  3  4 145 
59 51  1  5 130 
59 51  1  5  6 127 
59 51  1  7 89 
59 51  1  7  8 113 
59 51  1  9 117 
59 51  1  2 10 86 
59 51  1  3 11 134 
59 51  1  3  4 12 130 
59 51  1  5 13 120 
59 51  1  5 13 14 100 
59 51  1  7 15 84 
59 51  1  7 15 16 121 
59 51  1 17 74 
59 51  1 17 18 82 
59 51  1 19 112 
59 51  1 19 20 152 
59 51  1 21 120 
59 51  1 21 22 108 
59 51  1 23 80 
59 51  1 23 24 125 
59 51  1 17 25 84 
59 51  1 17 18 26 80 
59 51  1 19 27 108 
59 51  1 19 20 28 153 
59 51  1 21 29 135 
59 51  1 21 22 30 123 
59 51  1 23 31 84 
59 51  1 23 24 32 127 
59 51  1 33 101 
59 51  1 33 34 90 
59 51  1 35 128 
59 51  1 35 36 154 
59 51  1 37 141 
59 51  1 37 38 129 
59 51  1 39 105 
59 51  1 39 40 135 
59 51  1 33 41 101 
59 51  1 33 41 42 94 
59 51  1 35 43 125 
59 51  1 35 43 44 129 
59 51  1 37 45 153 
59 51  1 37 45 46 109 
59 51  1 39 47 97 
59 51  1 39 47 48 124 
59 51  1 49 91 
59 51  1 49 50 76 
59 51 132 
59 60 52 141 
59 51  1 53 128 
59 51  1 53 54 103 
59 51  1 55 101 
59 51  1 55 56 132 
59 51  1 49 57 90 
59 51  1 49 50 58 88 
59 60 117 
59 51  1 53 61 91 
59 51  1 53 54 62 84 
59 51  1 55 63 74 
59 51  1 55 63 64 140 
60 59 51  1 80 
60 59 51  1  2 115 
60 59 51  1  3 140 
60 59 51  1  3  4 160 
60 59 51  1  5 143 
60 59 51  1  5  6 125 
60 59 51  1  7 82 
60 59 51  1  7  8 112 
60 59 51  1  9 92 
60 59 51  1  2 10 101 
60 59 51  1  3 11 121 
60 59 51  1  3  4 12 134 
60 59 51  1  5 13 116 
60 59 51  1  5 13 14 100 
60 59 51  1  7 15 77 
60 59 51  1  7  8 16 121 
60 59 51  1 17 93 
60 59 51  1 17 18 87 
60 59 51  1 19 105 
60 59 51  1 19 20 141 
60 59 51  1 21 136 
60 59 51  1 21 22 101 
60 59 51  1 23 87 
60 59 51  1 23 24 118 
60 59 51  1 17 25 92 
60 59 51  1 17 18 26 88 
60 59 51  1 19 27 135 
60 59 51  1 19 27 28 147 
60 59 51  1 21 29 128 
60 59 51  1 21 29 30 126 
60 59 51  1 23 31 87 
60 59 51  1 23 24 32 133 
60 59 51  1 33 96 
60 59 51  1 33 34 93 
60 59 51  1 35 141 
60 59 51  1 35 36 127 
60 59 51  1 37 153 
60 59 51  1 37 38 110 
60 59 51  1 39 77 
60 59 51  1 39 40 141 
60 59 51  1 33 41 91 
60 59 51  1 33 41 42 99 
60 59 51  1 35 43 137 
60 59 51  1 35 36 44 156 
60 59 51  1 37 45 165 
60 59 51  1 37 45 46 122 
60 59 51  1 39 47 101 
60 59 51  1 39 47 48 108 
60 59 51  1 49 87 
60 59 51  1 49 50 80 
60 59 51 115 
60 52 143 
60 59 51  1 53 113 
60 59 51  1 53 54 105 
60 59 51  1 55 75 
60 59 51  1 55 56 108 
60 59 51  1 49 57 120 
60 59 51  1 49 50 58 76 
60 59 104 
60 59 51  1 53 61 104 
60 59 51  1 53 54 62 93 
60 59 51  1 55 63 65 
60 59 51  1 55 63 64 141 
61 53  1 89 
61 53  1  2 105 
61 53  1  3 149 
61 53  1  3  4 132 
61 53  1  5 149 
61 53  1  5  6 122 
61 53  1  7 90 
61 53  1  7  8 101 
61 53  1  9 83 
61 53  1  9 10 96 
61 53  1  3 11 131 
61 53  1  3  4 12 146 
61 53  1  5 13 123 
61 53  1  5 13 14 96 
61 53  1  7 15 84 
61 53  1  7  8 16 121 
61 53  1 17 93 
61 53  1 17 18 89 
61 53  1 19 107 
61 53  1 19 20 148 
61 53  1 21 146 
61 53  1 21 22 103 
61 53  1 23 71 
61 53  1 23 24 99 
61 53  1 17 25 83 
61 53  1 17 18 26 92 
61 53  1 19 27 138 
61 53  1 19 20 28 137 
61 53  1 21 29 163 
61 53  1 21 29 30 112 
61 53  1 23 31 92 
61 53  1 23 24 32 130 
61 53  1 33 104 
61 53  1 33 34 89 
61 53  1 35 121 
61 53  1 35 36 156 
61 53  1 37 149 
61 53  1 37 38 84 
61 53  1 39 87 
61 53  1 39 40 103 
61 53  1 33 41 103 
61 53  1 33 41 42 90 
61 53  1 35 43 128 
61 53  1 35 43 44 152 
61 53  1 37 45 132 
61 53  1 37 45 46 103 
61 53  1 39 47 81 
61 53  1 39 47 48 111 
61 53  1 49 104 
61 53  1 49 50 82 
61 53  1 51 124 
61 53  1 51 52 147 
61 53 132 
61 62 54 108 
61 53  1 55 82 
61 53  1 55 56 129 
61 53  1 49 57 90 
61 53  1 49 50 58 102 
61 53  1 51 59 91 
61 53  1 51 59 60 102 
61 62 87 
61 53  1 55 63 75 
61 53  1 55 63 64 145 
62 61 53  1 71 
62 61 53  1  2 116 
62 61 53  1  3 156 
62 61 53  1  3  4 128 
62 61 53  1  5 125 
62 61 53  1  5  6 118 
62 61 53  1  7 84 
62 61 53  1  7  8 115 
62 61 53  1  9 109 
62 61 53  1  9 10 75 
62 61 53  1  3 11 120 
62 61 53  1  3 11 12 124 
62 61 53  1  5 13 118 
62 61 53  1  5 13 14 99 
62 61 53  1  7 15 72 
62 61 53  1  7  8 16 113 
62 61 53  1 17 79 
62 61 53  1 17 18 75 
62 61 53  1 19 121 
62 61 53  1 19 20 155 
62 61 53  1 21 145 
62 61 53  1 21 22 122 
62 61 53  1 23 92 
62 61 53  1 23 24 126 
62 61 53  1 17 25 96 
62 61 53  1 17 18 26 61 
62 61 53  1 19 27 117 
62 61 53  1 19 20 28 165 
62 61 53  1 21 29 142 
62 61 53  1 21 29 30 110 
62 61 53  1 23 31 68 
62 61 53  1 23 24 32 141 
62 61 53  1 33 81 
62 61 53  1 33 34 85 
62 61 53  1 35 139 
62 61 53  1 35 36 145 
62 61 53  1 37 155 
62 61 53  1 37 38 104 
62 61 53  1 39 82 
62 61 53  1 39 40 142 
62 61 53  1 33 41 91 
62 61 53  1 33 41 42 78 
62 61 53  1 35 43 122 
62 61 53  1 35 43 44 152 
62 61 53  1 37 45 142 
62 61 53  1 37 45 46 112 
62 61 53  1 39 47 83 
62 61 53  1 39 47 48 127 
62 61 53  1 49 100 
62 61 53  1 49 50 82 
62 61 53  1 51 115 
62 61 53  1 51 52 148 
62 61 53 128 
62 54 96 
62 61 53  1 55 82 
62 61 53  1 55 56 119 
62 61 53  1 49 57 97 
62 61 53  1 49 50 58 85 
62 61 53  1 51 59 99 
62 61 53  1 51 59 60 126 
62 61 101 
62 61 53  1 55 63 71 
62 61 53  1 55 63 64 143 
63 55  1 79 
63 55  1  2 82 
63 55  1  3 147 
63 55  1  3  4 148 
63 55  1  5 161 
63 55  1  5  6 118 
63 55  1  7 78 
63 55  1  7  8 105 
63 55  1  9 101 
63 55  1  2 10 81 
63 55  1  3 11 126 
63 55  1  3  4 12 147 
63 55  1  5 13 138 
63 55  1  5 13 14 94 
63 55  1  7 15 76 
63 55  1  7  8 16 125 
63 55  1 17 85 
63 55  1 17 18 84 
63 55  1 19 119 
63 55  1 19 20 152 
63 55  1 21 145 
63 55  1 21 22 111 
63 55  1 23 63 
63 55  1 23 24 114 
63 55  1 17 25 79 
63 55  1 17 18 26 96 
63 55  1 19 27 127 
63 55  1 19 20 28 136 
63 55  1 21 29 127 
63 55  1 21 29 30 115 
63 55  1 23 31 87 
63 55  1 23 24 32 122 
63 55  1 33 89 
63 55  1 33 34 96 
63 55  1 35 116 
63 55  1 35 36 134 
63 55  1 37 157 
63 55  1 37 38 97 
63 55  1 39 70 
63 55  1 39 40 125 
63 55  1 33 41 79 
63 55  1 33 41 42 104 
63 55  1 35 43 136 
63 55  1 35 43 44 131 
63 55  1 37 45 147 
63 55  1 37 45 46 106 
63 55  1 39 47 98 
63 55  1 39 47 48 127 
63 55  1 49 88 
63 55  1 49 50 79 
63 55  1 51 126 
63 55  1 51 52 152 
63 55  1 53 121 
63 55  1 53 54 101 
63 55 79 
63 64 56 138 
63 55  1 49 57 111 
63 55  1 49 50 58 76 
63 55  1 51 59 112 
63 55  1 51 59 60 115 
63 55  1 53 61 122 
63 55  1 53 54 62 91 
63 64 124 
64 63 55  1 87 
64 63 55  1  2 97 
64 63 55  1  3 142 
64 63 55  1  3  4 159 
64 63 55  1  5 143 
64 63 55  1  5  6 118 
64 63 55  1  7 102 
64 63 55  1  7  8 114 
64 63 55  1  9 93 
64 63 55  1  2 10 93 
64 63 55  1  3 11 155 
64 63 55  1  3  4 12 150 
64 63 55  1  5 13 146 
64 63 55  1  5 13 14 97 
64 63 55  1  7 15 78 
64 63 55  1  7  8 16 112 
64 63 55  1 17 85 
64 63 55  1 17 18 69 
64 63 55  1 19 112 
64 63 55  1 19 20 148 
64 63 55  1 21 124 
64 63 55  1 21 22 119 
64 63 55  1 23 73 
64 63 55  1 23 24 117 
64 63 55  1 17 25 82 
64 63 55  1 17 18 26 91 
64 63 55  1 19 27 157 
64 63 55  1 19 20 28 139 
64 63 55  1 21 29 151 
64 63 55  1 21 29 30 116 
64 63 55  1 23 31 88 
64 63 55  1 23 24 32 132 
64 63 55  1 33 110 
64 63 55  1 33 34 99 
64 63 55  1 35 127 
64 63 55  1 35 36 143 
64 63 55  1 37 132 
64 63 55  1 37 38 105 
64 63 55  1 39 78 
64 63 55  1 39 40 124 
64 63 55  1 33 41 86 
64 63 55  1 33 41 42 95 
64 63 55  1 35 43 113 
64 63 55  1 35 43 44 123 
64 63 55  1 37 45 145 
64 63 55  1 37 45 46 100 
64 63 55  1 39 47 94 
64 63 55  1 39 47 48 140 
64 63 55  1 49 87 
64 63 55  1 49 50 81 
64 63 55  1 51 119 
64 63 55  1 51 52 142 
64 63 55  1 53 128 
64 63 55  1 53 54 117 
64 63 55 75 
64 56 126 
64 63 55  1 49 57 94 
64 63 55  1 49 50 58 76 
64 63 55  1 51 59 110 
64 63 55  1 51 59 60 105 
64 63 55  1 53 61 89 
64 63 55  1 53 54 62 75 
64 63 79 
