 1  2 83 
 1  2  3 132 
 1  2  3  4 160 
 1  2  5 135 
 1  2  5  6 127 
 1  2  5  6  7 82 
 1  2  8 107 
 1  9 93 
 1  9 10 91 
 1  2  3 11 127 
 1  2  3 11 12 154 
 1  2  5 13 152 
 1  2  5 13 14 116 
 1  2  5 13 14 15 100 
 1  2  5 13 14 15 16 115 
 1  9 17 84 
 1  9 10 18 85 
 1  9 10 18 19 96 
 1  2  3 11 12 20 148 
 1 29 21 122 
 1 29 21 22 105 
 1 29 21 22 23 96 
 1 29 21 22 23 24 132 
 1  9 17 25 78 
 1  9 10 18 26 87 
 1  9 10 18 19 27 120 
 1  2  3 11 12 20 28 186 
 1 29 129 
 1 29 30 97 
 1 29 30 31 85 
 1 29 30 31 32 126 
 1  2 33 82 
 1  2 33 34 77 
 1 43 35 129 
 1 43 35 36 187 
 1 48 40 39 38 37 136 
 1 48 40 39 38 105 
 1 48 40 39 83 
 1 48 40 133 
 1  2 33 41 74 
 1 43 42 90 
 1 43 133 
 1 43 44 181 
 1 63 55 47 46 45 152 
 1 63 55 47 46 113 
 1 63 55 47 102 
 1 48 124 
 1  2 33 41 49 75 
 1 43 42 50 80 
 1 43 51 125 
 1 43 44 52 155 
 1 63 55 54 53 142 
 1 63 55 54 100 
 1 63 55 77 
 1 48 56 118 
 1  2 33 41 49 57 128 
 1 43 42 50 58 76 
 1 43 51 59 114 
 1 43 44 52 60 111 
 1 63 62 61 106 
 1 63 62 96 
 1 63 68 
 1 63 64 154 
 2  1 66 
 2  3 125 
 2  3  4 180 
 2  5 148 
 2  5  6 128 
 2  5  6  7 103 
 2  8 119 
 2 10  9 81 
 2 10 89 
 2  3 11 123 
 2  3 11 12 162 
 2  5 13 171 
 2  5 13 14 103 
 2  5 13 14 15 80 
 2  8 16 119 
 2 10 18 17 71 
 2 10 18 87 
 2  3 11 19 128 
 2  3 11 12 20 159 
 2  5 13 21 140 
 2  5 13 14 22 111 
 2  5 13 14 15 23 85 
 2  8 16 24 117 
 2 10 18 26 25 97 
 2 10 18 26 81 
 2  3 11 19 27 135 
 2  3 11 12 20 28 182 
 2  1 29 144 
 2  1 29 30 126 
 2  1 29 30 31 78 
 2  1 29 30 31 32 125 
 2 33 84 
 2 33 34 80 
 2 33 34 35 133 
 2 33 34 35 36 206 
 2 37 143 
 2  1 48 40 39 38 96 
 2  1 48 40 39 80 
 2  1 48 40 131 
 2 33 41 87 
 2 33 41 42 114 
 2 33 34 35 43 142 
 2 33 34 35 43 44 146 
 2 37 45 138 
 2  1 48 47 46 92 
 2  1 48 47 86 
 2  1 48 144 
 2 33 41 49 76 
 2 33 41 42 50 90 
 2  3 51 114 
 2  3 51 52 164 
 2  1 63 55 54 53 130 
 2  1 63 55 54 111 
 2  1 63 55 74 
 2  1 48 56 132 
 2 33 41 49 57 98 
 2 33 41 42 50 58 84 
 2  3 51 59 105 
 2  3 51 59 60 123 
 2  1 63 62 61 117 
 2  1 63 62 97 
 2  1 63 82 
 2  1 63 64 137 
 3  2  1 68 
 3  2 93 
 3  4 179 
 3  2  5 163 
 3  2  5  6 119 
 3  2  5  6  7 72 
 3  2  8 126 
 3 11 10  9 88 
 3 11 10 74 
 3 11 125 
 3  4 12 162 
 3  2  5 13 126 
 3  2  5 13 14 103 
 3  2  5  6  7 15 101 
 3  2  8 16 130 
 3 11 19 18 17 79 
 3 11 19 18 99 
 3 11 19 102 
 3  4 12 20 138 
 3  2  5 13 21 121 
 3  2  5 13 14 22 92 
 3  2  5  6  7 15 23 96 
 3  2  8 16 24 98 
 3 11 19 18 17 25 82 
 3 11 19 18 26 78 
 3 11 19 27 134 
 3  4 12 20 28 171 
 3  2  1 29 134 
 3  2  1 29 30 96 
 3  2  1 29 30 31 82 
 3  2  1 29 30 31 32 117 
 3 51 50 42 34 33 102 
 3 51 50 42 34 76 
 3 51 43 35 122 
 3 51 52 44 36 174 
 3  2 37 150 
 3  2 37 38 117 
 3  2  1 48 40 39 100 
 3  2  1 48 40 129 
 3 51 50 42 41 91 
 3 51 50 42 90 
 3 51 43 137 
 3 51 52 44 171 
 3  2 37 45 124 
 3  2  1 48 47 46 118 
 3  2  1 48 47 116 
 3  2  1 48 148 
 3 51 50 49 98 
 3 51 50 77 
 3 51 117 
 3 51 52 168 
 3  2  1 63 55 54 53 148 
 3  2  1 63 55 54 109 
 3  2  1 63 55 104 
 3  2  1 48 56 130 
 3 51 50 49 57 109 
 3 51 59 58 107 
 3 51 59 94 
 3 51 59 60 125 
 3  2  1 63 62 61 122 
 3  2  1 63 62 101 
 3  2  1 63 97 
 3  2  1 63 64 132 
 4  3  2  1 75 
 4  3  2 107 
 4  3 142 
 4  3  2  5 151 
 4  3  2  5  6 124 
 4  3  2  5  6  7 80 
 4  3  2  8 131 
 4 12 11 10  9 88 
 4 12 11 10 110 
 4 12 11 140 
 4 12 161 
 4  3  2  5 13 144 
 4  3  2  5 13 14 112 
 4  3  2  5 13 14 15 88 
 4  3  2  8 16 131 
 4 12 20 19 18 17 83 
 4 12 20 19 18 74 
 4 12 20 19 126 
 4 12 20 167 
 4  3  2  5 13 21 134 
 4  3  2  5 13 14 22 105 
 4  3  2  5 13 14 15 23 97 
 4  3  2  8 16 24 136 
 4 12 20 19 18 26 25 81 
 4 12 20 19 18 26 78 
 4 12 20 28 27 127 
 4 12 20 28 131 
 4  3  2  1 29 156 
 4  3  2  1 29 30 91 
 4  3  2  1 29 30 31 74 
 4  3  2  1 29 30 31 32 131 
 4  3 51 50 42 41 33 87 
 4  3 51 50 42 34 94 
 4  3 51 43 35 124 
 4  3 51 52 44 36 169 
 4  3  2 37 130 
 4  3  2 37 38 114 
 4  3  2  1 48 40 39 94 
 4  3  2  1 48 40 120 
 4  3 51 50 42 41 86 
 4  3 51 50 42 73 
 4  3 51 43 110 
 4  3 51 52 44 175 
 4  3  2 37 45 169 
 4  3  2  1 48 47 46 107 
 4  3  2  1 48 47 91 
 4  3  2  1 48 126 
 4  3 51 50 49 85 
 4  3 51 50 93 
 4  3 51 135 
 4  3 51 52 151 
 4  3  2  1 63 55 54 53 116 
 4  3  2  1 63 55 54 99 
 4  3  2  1 63 55 72 
 4  3  2  1 48 56 119 
 4  3 51 50 49 57 112 
 4  3 51 59 58 78 
 4  3 51 59 100 
 4  3 51 59 60 127 
 4  3  2  1 63 62 61 103 
 4  3  2  1 63 62 96 
 4  3  2  1 63 91 
 4  3  2  1 63 64 145 
 5  2  1 72 
 5  2 83 
 5  2  3 144 
 5  2  3  4 174 
 5  6 107 
 5  6  7 85 
 5  6  7  8 115 
 5  2 10  9 90 
 5  2 10 95 
 5  2  3 11 136 
 5  2  3 11 12 181 
 5 13 140 
 5 13 14 100 
 5 13 14 15 79 
 5 13 14 15 16 113 
 5  2 10 18 17 88 
 5  2 10 18 75 
 5  2  3 11 19 124 
 5  2  3 11 12 20 136 
 5 13 21 120 
 5 13 21 22 110 
 5 13 21 22 23 105 
 5 13 14 15 16 24 117 
 5  2 10 18 26 25 72 
 5  2 10 18 26 80 
 5  2  3 11 19 27 103 
 5  2  3 11 19 27 28 163 
 5 13 21 29 145 
 5 13 21 22 30 104 
 5 13 21 22 23 31 91 
 5 13 21 22 23 31 32 137 
 5  2 33 89 
 5  2 33 34 73 
 5  2 33 34 35 137 
 5  2 33 34 35 36 148 
 5  2 37 130 
 5  2 37 38 120 
 5  2  1 48 40 39 76 
 5  2  1 48 40 134 
 5  2 33 41 90 
 5  2 33 41 42 108 
 5  2 33 34 35 43 114 
 5  2 33 34 35 43 44 155 
 5  2 37 45 157 
 5  2  1 48 47 46 105 
 5  2  1 48 47 95 
 5  2  1 48 119 
 5  2 33 41 49 107 
 5  2 33 41 42 50 99 
 5  2  3 51 124 
 5  2  3 51 52 196 
 5  2  1 63 62 61 53 162 
 5  2  1 63 55 54 115 
 5  2  1 63 55 83 
 5  2  1 48 56 111 
 5  2 33 41 49 57 96 
 5  2 33 41 42 50 58 86 
 5  2  3 51 59 96 
 5  2  3 51 52 60 116 
 5  2  1 63 62 61 132 
 5  2  1 63 62 105 
 5  2  1 63 83 
 5  2  1 63 64 116 
 6  5  2  1 76 
 6  5  2 78 
 6  5  2  3 142 
 6  5  2  3  4 156 
 6  5 152 
 6  7 88 
 6  7  8 112 
 6  5  2 10  9 83 
 6  5  2 10 102 
 6  5  2 10 11 120 
 6  5  2 10 11 12 170 
 6 14 13 136 
 6 14 79 
 6 14 15 92 
 6  7  8 16 147 
 6  5  2 10 18 17 73 
 6  5  2 10 18 73 
 6  5  2 10 18 19 102 
 6  5  2 10 11 12 20 156 
 6 14 22 21 138 
 6 14 22 103 
 6 14 22 23 76 
 6 14 22 23 24 120 
 6  5  2 10 18 26 25 98 
 6  5  2 10 18 26 84 
 6  5  2 10 18 19 27 139 
 6  5  2 10 11 12 20 28 178 
 6 14 22 21 29 131 
 6 14 22 30 106 
 6 14 22 30 31 89 
 6 14 22 23 24 32 148 
 6  5  2 33 94 
 6  5  2 33 34 90 
 6  5  2 33 34 35 131 
 6  5  2 33 34 35 36 161 
 6  5  2 37 149 
 6  5  2 37 38 119 
 6  5  2  1 48 40 39 86 
 6  5  2  1 48 40 123 
 6  5  2 33 41 74 
 6  5  2 33 34 42 81 
 6  5  2 33 34 35 43 128 
 6  5  2 33 34 35 43 44 177 
 6  5  2 37 45 169 
 6  5  2  1 63 55 54 46 99 
 6  5  2  1 63 55 47 93 
 6  5  2  1 48 133 
 6  5  2 33 41 49 73 
 6  5  2 33 34 42 50 91 
 6  5  2  3 51 122 
 6  5  2  3 51 52 174 
 6  5  2  1 63 62 61 53 164 
 6  5  2  1 63 55 54 100 
 6  5  2  1 63 55 92 
 6  5  2  1 48 56 134 
 6  5  2 33 41 49 57 106 
 6  5  2 33 34 42 50 58 86 
 6  5  2  3 51 59 130 
 6  5  2  3 51 59 60 132 
 6  5  2  1 63 62 61 119 
 6  5  2  1 63 62 100 
 6  5  2  1 63 68 
 6  5  2  1 63 64 124 
 7  6  5  2  1 78 
 7  6  5  2 86 
 7  6  5  2  3 134 
 7  6  5  2  3  4 201 
 7  6  5 150 
 7  6 111 
 7  8 123 
 7  6  5  2 10  9 77 
 7  6  5  2 10 75 
 7  6  5  2 10 11 138 
 7  6  5  2 10 11 12 161 
 7 15 14 13 135 
 7 15 14 111 
 7 15 87 
 7 15 16 114 
 7  6  5  2 10 18 17 90 
 7  6  5  2 10 18 92 
 7  6  5  2 10 18 19 125 
 7  6  5  2 10 11 12 20 161 
 7 15 23 22 21 135 
 7 15 23 22 89 
 7 15 23 92 
 7 15 23 24 110 
 7  6  5  2 10 18 17 25 81 
 7  6  5  2 10 18 26 104 
 7  6  5  2 10 18 19 27 129 
 7  6  5  2 10 11 12 20 28 148 
 7 15 23 22 21 29 140 
 7 15 23 31 30 100 
 7 15 23 31 92 
 7 15 23 31 32 106 
 7  6  5  2 33 86 
 7  6  5  2 33 34 90 
 7  6  5  2 33 34 35 139 
 7  6  5  2 33 34 35 36 170 
 7  6  5  2 37 169 
 7  6  5  2 37 38 119 
 7  6  5  2  1 48 40 39 77 
 7  6  5  2  1 48 40 150 
 7  6  5  2 33 41 92 
 7  6  5  2 33 41 42 81 
 7  6  5  2 33 34 35 43 116 
 7  6  5  2 33 34 35 36 44 160 
 7  6  5  2 37 45 158 
 7  6  5  2  1 63 55 54 46 122 
 7  6  5  2  1 63 55 47 93 
 7  6  5  2  1 48 125 
 7  6  5  2 33 41 49 90 
 7  6  5  2 33 41 42 50 88 
 7  6  5  2  3 51 129 
 7  6  5  2  3 51 52 156 
 7  6  5  2  1 63 55 54 53 128 
 7  6  5  2  1 63 55 54 121 
 7  6  5  2  1 63 55 79 
 7  6  5  2  1 48 56 121 
 7  6  5  2 33 41 49 57 118 
 7  6  5  2 33 41 42 50 58 95 
 7  6  5  2  3 51 59 105 
 7  6  5  2  3 51 52 60 120 
 7  6  5  2  1 63 62 61 102 
 7  6  5  2  1 63 62 92 
 7  6  5  2  1 63 85 
 7  6  5  2  1 63 64 148 
 8  2  1 75 
 8  2 88 
 8  2  3 139 
 8  2  3  4 181 
 8  7  6  5 162 
 8  7  6 126 
 8  7 87 
 8  2 10  9 79 
 8  2 10 94 
 8  2 10 11 135 
 8  2 10 11 12 148 
 8  7  6 14 13 118 
 8  7  6 14 102 
 8  7 15 86 
 8 16 134 
 8  2 10 18 17 82 
 8  2 10 18 89 
 8  2 10 18 19 105 
 8  2 10 11 12 20 170 
 8  7  6 14 13 21 129 
 8 16 24 23 22 92 
 8 16 24 23 94 
 8 16 24 121 
 8  2 10 18 26 25 78 
 8  2 10 18 26 79 
 8  2 10 18 19 27 137 
 8  2 10 11 12 20 28 174 
 8  7  6 14 13 21 29 125 
 8 16 24 23 22 30 105 
 8 16 24 32 31 91 
 8 16 24 32 103 
 8  2 33 79 
 8  2 33 34 85 
 8  2 33 34 35 135 
 8  2 33 34 35 36 161 
 8  2 37 145 
 8  2 37 38 116 
 8  2  1 48 40 39 87 
 8  2  1 48 40 110 
 8  2 33 41 87 
 8  2 33 41 42 101 
 8  2 33 34 35 43 142 
 8  2 33 34 35 36 44 182 
 8  2 37 45 121 
 8  2  1 63 55 47 46 107 
 8  2  1 63 55 47 91 
 8  2  1 48 119 
 8  2 33 41 49 91 
 8  2 33 41 42 50 85 
 8  2  3 51 130 
 8  2  3 51 52 147 
 8  2  1 63 55 54 53 144 
 8  2  1 63 55 54 111 
 8  2  1 63 55 113 
 8  2  1 48 56 117 
 8  2 33 41 49 57 113 
 8  2 33 41 42 50 58 89 
 8  2  3 51 59 93 
 8  2  3 51 59 60 115 
 8  2  1 63 62 61 110 
 8  2  1 63 62 80 
 8  2  1 63 77 
 8  2  1 63 64 137 
 9  1 68 
 9 10  2 86 
 9 10 11  3 140 
 9 10 11 12  4 180 
 9 10  2  5 155 
 9 10  2  5  6 139 
 9 10  2  5  6  7 95 
 9 10  2  5  6  7  8 100 
 9 10 92 
 9 10 11 119 
 9 10 11 12 168 
 9 10  2  5 13 139 
 9 10  2  5 13 14 119 
 9 10  2  5  6  7 15 87 
 9 10  2  5  6  7  8 16 117 
 9 17 78 
 9 17 18 73 
 9 17 18 19 106 
 9 17 18 19 20 148 
 9  1 29 21 138 
 9  1 29 21 22 123 
 9  1 29 21 22 23 93 
 9  1 29 21 22 23 24 131 
 9 17 25 100 
 9 17 25 26 94 
 9 17 25 26 27 136 
 9 17 18 19 20 28 121 
 9  1 29 142 
 9  1 29 30 102 
 9  1 29 30 31 93 
 9  1 29 30 31 32 142 
 9 10 11  3 51 50 42 34 33 105 
 9 10 11  3 51 50 42 34 84 
 9 10 11  3 51 43 35 133 
 9 10 11  3 51 52 44 36 163 
 9 10  2 37 143 
 9  1 48 40 39 38 120 
 9  1 48 40 39 84 
 9  1 48 40 135 
 9 10 11  3 51 50 49 41 90 
 9 10 11  3 51 50 42 113 
 9 10 11  3 51 43 104 
 9 10 11  3 51 52 44 184 
 9  1 63 62 54 53 45 143 
 9  1 63 62 54 46 112 
 9  1 63 55 47 92 
 9  1 48 115 
 9 10 11  3 51 50 49 71 
 9 10 11  3 51 50 102 
 9 10 11  3 51 124 
 9 10 11  3 51 52 139 
 9  1 63 62 54 53 129 
 9  1 63 62 54 94 
 9  1 63 55 96 
 9  1 48 56 113 
 9 10 11  3 51 59 58 57 108 
 9 10 11  3 51 59 58 86 
 9 10 11  3 51 59 98 
 9 10 11  3 51 59 60 149 
 9  1 63 62 61 130 
 9  1 63 62 100 
 9  1 63 77 
 9  1 63 64 149 
10  2  1 78 
10  2 90 
10 11  3 133 
10 11 12  4 179 
10  2  5 174 
10  2  5  6 109 
10  2  5  6  7 90 
10  2  5  6  7  8 116 
10  9 93 
10 11 101 
10 11 12 164 
10  2  5 13 143 
10  2  5 13 14 90 
10  2  5  6  7 15 85 
10  2  5  6  7  8 16 95 
10 18 17 83 
10 18 78 
10 18 19 117 
10 18 19 20 156 
10  2  5 13 21 149 
10  2  5 13 21 22 97 
10  2  5  6  7 15 23 80 
10  2  5  6  7 15 23 24 118 
10 18 26 25 91 
10 18 26 82 
10 18 26 27 142 
10 18 19 20 28 167 
10  2  1 29 142 
10  2  1 29 30 102 
10  2  1 29 30 31 77 
10  2  1 29 30 31 32 123 
10 11  3 51 50 49 41 33 90 
10 11  3 51 50 42 34 79 
10 11  3 51 43 35 123 
10 11  3 51 52 44 36 154 
10  2 37 137 
10  2 37 38 101 
10  2  1 48 40 39 88 
10  2  1 48 40 107 
10 11  3 51 50 49 41 109 
10 11  3 51 50 42 88 
10 11  3 51 43 128 
10 11  3 51 52 44 171 
10  2 37 45 166 
10  2  1 63 62 54 46 113 
10  2  1 63 55 47 93 
10  2  1 48 138 
10 11  3 51 50 49 86 
10 11  3 51 50 102 
10 11  3 51 119 
10 11  3 51 52 144 
10  2  1 63 62 61 53 114 
10  2  1 63 62 54 109 
10  2  1 63 55 81 
10  2  1 48 56 118 
10 11  3 51 50 58 57 104 
10 11  3 51 50 58 98 
10 11  3 51 59 105 
10 11  3 51 59 60 121 
10  2  1 63 62 61 105 
10  2  1 63 62 100 
10  2  1 63 92 
10  2  1 63 64 153 
11 10  2  1 69 
11 10  2 78 
11  3 146 
11 12  4 188 
11 10  2  5 129 
11 10  2  5  6 117 
11 10  2  5  6  7 90 
11 10  2  5  6  7  8 97 
11 10  9 88 
11 10 70 
11 12 158 
11 10  2  5 13 153 
11 10  2  5  6 14 101 
11 10  2  5  6  7 15 85 
11 10  2  5  6  7  8 16 132 
11 19 18 17 85 
11 19 18 79 
11 19 122 
11 19 20 158 
11 10  2  5 13 21 154 
11 10  2  5  6 14 22 93 
11 10  2  5  6 14 22 23 81 
11 10  2  5  6  7  8 16 24 113 
11 19 27 26 25 98 
11 19 27 26 73 
11 19 27 123 
11 19 27 28 142 
11 10  2  1 29 161 
11 10  2  1 29 30 118 
11 10  2  1 29 30 31 88 
11 10  2  1 29 30 31 32 118 
11  3 51 50 42 34 33 81 
11  3 51 50 42 34 81 
11  3 51 43 35 145 
11  3 51 52 44 36 154 
11 10  2 37 160 
11 10  2 37 38 106 
11 10  2  1 48 40 39 84 
11 10  2  1 48 40 121 
11  3 51 50 49 41 85 
11  3 51 50 42 99 
11  3 51 43 139 
11  3 51 52 44 180 
11 10  2 37 45 151 
11 10  2  1 48 47 46 110 
11 10  2  1 48 47 89 
11 10  2  1 48 124 
11  3 51 50 49 86 
11  3 51 50 82 
11  3 51 139 
11  3 51 52 146 
11 10  2  1 63 55 54 53 129 
11 10  2  1 63 55 54 111 
11 10  2  1 63 55 95 
11 10  2  1 48 56 131 
11  3 51 59 58 57 106 
11  3 51 59 58 82 
11  3 51 59 108 
11  3 51 59 60 107 
11 10  2  1 63 62 61 116 
11 10  2  1 63 62 94 
11 10  2  1 63 85 
11 10  2  1 63 64 128 
12  4  3  2  1 77 
12  4  3  2 86 
12  4  3 122 
12  4 192 
12  4  3  2  5 165 
12  4  3  2  5  6 99 
12  4  3  2  5  6  7 76 
12  4  3  2  5  6  7  8 108 
12 11 10  9 83 
12 11 10 88 
12 11 108 
12  4  3  2  5 13 131 
12  4  3  2  5  6 14 84 
12  4  3  2  5  6 14 15 76 
12  4  3  2  5  6  7  8 16 134 
12 11 19 18 17 85 
12 11 19 18 89 
12 11 19 118 
12 20 148 
12  4  3  2  5 13 21 116 
12  4  3  2  5 13 21 22 96 
12  4  3  2  5  6 14 15 23 97 
12  4  3  2  5  6  7  8 16 24 124 
12 11 19 18 17 25 86 
12 11 19 27 26 89 
12 11 19 27 130 
12 20 28 174 
12  4  3  2  1 29 127 
12  4  3  2  1 29 30 121 
12  4  3  2  1 29 30 31 102 
12  4  3  2  1 29 30 31 32 128 
12  4  3 51 50 49 41 33 86 
12  4  3 51 50 42 34 82 
12  4  3 51 43 35 125 
12  4  3 51 52 44 36 160 
12  4  3  2 37 138 
12  4  3  2 37 38 109 
12  4  3  2  1 48 40 39 83 
12  4  3  2  1 48 40 114 
12  4  3 51 50 49 41 101 
12  4  3 51 50 42 78 
12  4  3 51 43 122 
12  4  3 51 52 44 174 
12  4  3  2 37 45 151 
12  4  3  2  1 48 47 46 108 
12  4  3  2  1 48 47 90 
12  4  3  2  1 48 119 
12  4  3 51 50 49 100 
12  4  3 51 50 92 
12  4  3 51 140 
12  4  3 51 52 176 
12  4  3  2  1 63 62 61 53 140 
12  4  3  2  1 63 62 54 108 
12  4  3  2  1 63 55 91 
12  4  3  2  1 48 56 136 
12  4  3 51 59 58 57 117 
12  4  3 51 59 58 85 
12  4  3 51 59 106 
12  4  3 51 59 60 114 
12  4  3  2  1 63 62 61 108 
12  4  3  2  1 63 62 122 
12  4  3  2  1 63 80 
12  4  3  2  1 63 64 169 
13  5  2  1 64 
13  5  2 86 
13  5  2  3 124 
13  5  2  3  4 152 
13  5 141 
13 14  6 98 
13 14 15  7 100 
13 14 15 16  8 108 
13  5  2 10  9 99 
13  5  2 10 77 
13  5  2 10 11 123 
13  5  2  3  4 12 139 
13 14 111 
13 14 15 89 
13 14 15 16 117 
13  5  2 10 18 17 103 
13  5  2 10 18 88 
13  5  2 10 18 19 123 
13  5  2  3  4 12 20 140 
13 21 143 
13 21 22 89 
13 14 15 23 80 
13 14 15 23 24 129 
13  5  2 10 18 17 25 76 
13  5  2 10 18 26 88 
13  5  2 10 18 19 27 135 
13  5  2  3  4 12 20 28 152 
13 21 29 136 
13 21 22 30 118 
13 21 22 30 31 84 
13 14 15 23 24 32 114 
13  5  2 33 83 
13  5  2 33 34 117 
13  5  2 33 34 35 105 
13  5  2 33 34 35 36 167 
13  5  2 37 167 
13  5  2  1 48 40 39 38 117 
13  5  2  1 48 40 39 94 
13  5  2  1 48 40 122 
13  5  2 33 41 101 
13  5  2 33 34 42 82 
13  5  2 33 34 35 43 152 
13  5  2 33 34 35 43 44 154 
13  5  2 37 45 158 
13  5  2  1 48 47 46 102 
13  5  2  1 48 47 80 
13  5  2  1 48 123 
13  5  2 33 41 49 99 
13  5  2 33 34 42 50 83 
13  5  2  3 51 127 
13  5  2  3 51 52 153 
13  5  2  1 63 62 61 53 137 
13  5  2  1 63 62 54 109 
13  5  2  1 63 55 90 
13  5  2  1 48 56 150 
13  5  2 33 41 49 57 100 
13  5  2 33 34 42 50 58 88 
13  5  2  3 51 59 100 
13  5  2  3 51 52 60 118 
13  5  2  1 63 62 61 124 
13  5  2  1 63 62 91 
13  5  2  1 63 76 
13  5  2  1 63 64 127 
14 22 21 29  1 88 
14 13  5  2 89 
14 13  5  2  3 149 
14 13  5  2  3  4 171 
14 13  5 147 
14  6 111 
14 15  7 84 
14 15 16  8 99 
14 13  5  2 10  9 78 
14 13  5  2 10 76 
14 13  5  2 10 11 148 
14 13  5  2  3  4 12 173 
14 13 136 
14 15 101 
14 15 16 148 
14 13  5  2 10 18 17 80 
14 13  5  2 10 18 77 
14 13  5  2 10 18 19 123 
14 13  5  2  3  4 12 20 159 
14 22 21 132 
14 22 106 
14 22 23 82 
14 22 23 24 120 
14 13  5  2 10 18 26 25 92 
14 13  5  2 10 18 26 93 
14 13  5  2 10 18 26 27 107 
14 13  5  2 10 18 26 27 28 161 
14 22 21 29 139 
14 22 30 100 
14 22 30 31 92 
14 22 23 24 32 127 
14 13  5  2 33 92 
14 13  5  2 33 34 77 
14 13  5  2 33 34 35 142 
14 13  5  2 33 34 35 36 146 
14 13  5  2 37 141 
14 13  5  2 37 38 99 
14 22 21 29  1 48 47 39 93 
14 22 21 29  1 48 40 105 
14 13  5  2 33 41 112 
14 13  5  2 33 41 42 94 
14 13  5  2 33 34 35 43 117 
14 13  5  2 33 34 35 43 44 171 
14 13  5  2 37 45 141 
14 22 21 29  1 48 47 46 101 
14 22 21 29  1 48 47 82 
14 22 21 29  1 48 123 
14 13  5  2 33 41 49 70 
14 13  5  2 33 41 42 50 89 
14 13  5  2  3 51 135 
14 13  5  2  3 51 52 169 
14 22 21 29  1 63 55 54 53 159 
14 22 21 29  1 63 55 54 112 
14 22 21 29  1 63 55 83 
14 22 21 29  1 48 56 128 
14 13  5  2 33 41 49 57 116 
14 13  5  2 33 41 42 50 58 85 
14 13  5  2  3 51 59 97 
14 13  5  2  3 51 59 60 139 
14 22 21 29  1 63 62 61 106 
14 22 21 29  1 63 62 98 
14 22 21 29  1 63 82 
14 22 21 29  1 63 64 140 
15 14 13 21 29  1 67 
15 14 13  5  2 83 
15 14 13  5  2  3 143 
15 14 13  5  2  3  4 188 
15 14 13  5 167 
15 14  6 112 
15  7 91 
15 16  8 109 
15 14 13  5  2 10  9 80 
15 14 13  5  2 10 76 
15 14 13  5  2 10 11 113 
15 14 13  5  2  3  4 12 180 
15 14 13 118 
15 14 111 
15 16 118 
15 14 13  5  2 10 18 17 66 
15 14 13  5  2 10 18 82 
15 14 13  5  2 10 18 19 111 
15 14 13  5  2  3  4 12 20 130 
15 14 13 21 131 
15 23 22 104 
15 23 94 
15 23 24 107 
15 14 13  5  2 10 18 26 25 85 
15 14 13  5  2 10 18 26 67 
15 14 13  5  2 10 18 26 27 128 
15 14 13  5  2  3  4 12 20 28 168 
15 14 13 21 29 142 
15 23 31 30 104 
15 23 31 97 
15 23 31 32 117 
15 14 13  5  2 33 86 
15 14 13  5  2 33 34 97 
15 14 13  5  2 33 34 35 113 
15 14 13  5  2 33 34 35 36 184 
15 14 13  5  2 37 142 
15 14 13 21 29  1 48 47 39 38 116 
15 14 13 21 29  1 48 47 39 88 
15 14 13 21 29  1 48 40 147 
15 14 13  5  2 33 41 97 
15 14 13  5  2 33 34 42 91 
15 14 13  5  2 33 34 35 43 109 
15 14 13  5  2 33 34 35 43 44 134 
15 14 13 21 29  1 63 62 61 53 45 158 
15 14 13 21 29  1 48 47 46 109 
15 14 13 21 29  1 48 47 83 
15 14 13 21 29  1 48 119 
15 14 13  5  2 33 41 49 92 
15 14 13  5  2 33 34 42 50 95 
15 14 13  5  2  3 51 121 
15 14 13  5  2  3 51 52 144 
15 14 13 21 29  1 63 62 61 53 164 
15 14 13 21 29  1 63 55 54 117 
15 14 13 21 29  1 63 55 78 
15 14 13 21 29  1 48 56 138 
15 14 13  5  2 33 41 49 57 109 
15 14 13  5  2 33 34 42 50 58 91 
15 14 13  5  2  3 51 59 110 
15 14 13  5  2  3 51 52 60 125 
15 14 13 21 29  1 63 62 61 119 
15 14 13 21 29  1 63 62 91 
15 14 13 21 29  1 63 80 
15 14 13 21 29  1 63 64 148 
16 15 14 22 21 29  1 61 
16  8  2 85 
16  8  2  3 146 
16  8  2  3  4 180 
16 15 14 13  5 164 
16 15 14  6 125 
16 15  7 82 
16  8 117 
16  8  2 10  9 89 
16  8  2 10 83 
16  8  2 10 11 117 
16  8  2  3  4 12 145 
16 15 14 13 131 
16 15 14 109 
16 15 86 
16  8  2 10 18 17 76 
16  8  2 10 18 96 
16  8  2 10 18 19 118 
16  8  2 10 18 19 20 137 
16 15 14 22 21 140 
16 15 14 22 113 
16 24 23 79 
16 24 123 
16  8  2 10 18 26 25 87 
16  8  2 10 18 26 96 
16  8  2 10 18 26 27 92 
16  8  2 10 18 19 20 28 152 
16 15 14 22 21 29 148 
16 24 23 31 30 95 
16 24 23 31 87 
16 24 32 124 
16  8  2 33 103 
16  8  2 33 34 86 
16  8  2 33 34 35 120 
16  8  2 33 34 35 36 179 
16  8  2 37 134 
16 15 14 22 21 29  1 63 55 54 46 38 123 
16 15 14 22 21 29  1 48 40 39 98 
16 15 14 22 21 29  1 48 40 130 
16  8  2 33 41 81 
16  8  2 33 41 42 96 
16  8  2 33 34 35 43 131 
16  8  2 33 34 35 43 44 148 
16 15 14 22 21 29  1 63 62 61 53 45 136 
16 15 14 22 21 29  1 63 55 54 46 102 
16 15 14 22 21 29  1 48 47 87 
16 15 14 22 21 29  1 48 127 
16  8  2 33 41 49 101 
16  8  2 33 41 42 50 100 
16  8  2  3 51 116 
16  8  2  3 51 52 144 
16 15 14 22 21 29  1 63 62 61 53 117 
16 15 14 22 21 29  1 63 55 54 121 
16 15 14 22 21 29  1 63 55 84 
16 15 14 22 21 29  1 48 56 134 
16  8  2 33 41 49 57 120 
16  8  2 33 41 42 50 58 82 
16  8  2  3 51 59 121 
16  8  2  3 51 52 60 125 
16 15 14 22 21 29  1 63 62 61 109 
16 15 14 22 21 29  1 63 62 87 
16 15 14 22 21 29  1 63 70 
16 15 14 22 21 29  1 63 64 146 
17  9  1 82 
17 18 10  2 90 
17 18 19 11  3 138 
17 18 19 20 12  4 172 
17 18 10  2  5 134 
17 18 10  2  5  6 127 
17 18 10  2  5  6  7 85 
17 18 10  2  8 110 
17  9 81 
17 18 10 100 
17 18 19 11 108 
17 18 19 20 12 166 
17 18 10  2  5 13 131 
17 18 10  2  5 13 14 107 
17 18 10  2  5  6  7 15 92 
17 18 10  2  8 16 116 
17 18 97 
17 18 19 115 
17 18 19 20 154 
17  9  1 29 21 112 
17  9  1 29 21 22 96 
17  9  1 29 21 22 23 94 
17  9  1 29 21 22 23 24 120 
17 25 109 
17 18 26 77 
17 18 19 27 125 
17 18 19 27 28 161 
17  9  1 29 137 
17  9  1 29 30 105 
17  9  1 29 30 31 93 
17  9  1 29 30 31 32 122 
17 18 19 11  3 51 50 42 34 33 96 
17 18 19 11  3 51 50 42 34 77 
17 18 19 11  3 51 43 35 119 
17 18 19 11  3 51 52 44 36 158 
17 18 10  2 37 146 
17  9  1 48 47 39 38 108 
17  9  1 48 47 39 88 
17  9  1 48 40 131 
17 18 19 11  3 51 50 49 41 88 
17 18 19 11  3 51 50 42 99 
17 18 19 11  3 51 43 125 
17 18 19 11  3 51 52 44 199 
17  9  1 63 62 61 53 45 129 
17  9  1 48 47 46 113 
17  9  1 48 47 88 
17  9  1 48 115 
17 18 19 11  3 51 50 49 90 
17 18 19 11  3 51 50 78 
17 18 19 11  3 51 112 
17 18 19 11  3 51 52 155 
17  9  1 63 62 61 53 138 
17  9  1 63 62 54 114 
17  9  1 63 55 94 
17  9  1 48 56 127 
17 18 19 11  3 51 50 49 57 117 
17 18 19 11  3 51 50 58 84 
17 18 19 11  3 51 59 92 
17 18 19 11  3 51 52 60 124 
17  9  1 63 62 61 108 
17  9  1 63 62 89 
17  9  1 63 73 
17  9  1 63 64 145 
18 17  9  1 83 
18 10  2 79 
18 19 11  3 138 
18 19 20 12  4 180 
18 10  2  5 144 
18 10  2  5  6 112 
18 10  2  5  6  7 101 
18 10  2  8 116 
18 17  9 91 
18 10 86 
18 19 11 134 
18 19 20 12 155 
18 10  2  5 13 129 
18 10  2  5 13 14 110 
18 10  2  5 13 14 15 93 
18 10  2  8 16 102 
18 17 88 
18 19 120 
18 19 20 137 
18 10  2  5 13 21 127 
18 10  2  5 13 14 22 115 
18 10  2  5 13 14 15 23 88 
18 10  2  8 16 24 134 
18 26 25 85 
18 26 86 
18 26 27 129 
18 19 20 28 156 
18 17  9  1 29 140 
18 17  9  1 29 30 114 
18 17  9  1 29 30 31 84 
18 17  9  1 29 30 31 32 123 
18 19 11  3 51 43 35 34 33 97 
18 19 11  3 51 43 35 34 87 
18 19 11  3 51 43 35 123 
18 19 11  3 51 43 35 36 162 
18 10  2 37 133 
18 10  2 37 38 102 
18 17  9  1 48 47 39 82 
18 17  9  1 48 40 118 
18 19 11  3 51 50 42 41 104 
18 19 11  3 51 50 42 86 
18 19 11  3 51 43 129 
18 19 11  3 51 52 44 180 
18 10  2 37 45 145 
18 17  9  1 63 55 54 46 114 
18 17  9  1 48 47 95 
18 17  9  1 48 136 
18 19 11  3 51 50 49 93 
18 19 11  3 51 50 86 
18 19 11  3 51 123 
18 19 11  3 51 52 161 
18 17  9  1 63 62 61 53 163 
18 17  9  1 63 55 54 115 
18 17  9  1 63 55 99 
18 17  9  1 48 56 117 
18 19 11  3 51 50 49 57 92 
18 19 11  3 51 59 58 88 
18 19 11  3 51 59 105 
18 19 11  3 51 59 60 115 
18 17  9  1 63 62 61 104 
18 17  9  1 63 62 86 
18 17  9  1 63 90 
18 17  9  1 63 64 147 
19 18 17  9  1 83 
19 18 10  2 93 
19 11  3 103 
19 20 12  4 183 
19 18 10  2  5 160 
19 18 10  2  5  6 110 
19 18 10  2  5  6  7 83 
19 18 10  2  8 88 
19 18 17  9 84 
19 18 10 90 
19 11 126 
19 20 12 161 
19 18 10  2  5 13 132 
19 18 10  2  5 13 14 109 
19 18 10  2  5 13 14 15 78 
19 18 10  2  8 16 131 
19 18 17 92 
19 18 80 
19 20 150 
19 18 10  2  5 13 21 140 
19 18 10  2  5 13 14 22 100 
19 18 10  2  5 13 14 15 23 82 
19 18 10  2  8 16 24 116 
19 18 17 25 95 
19 18 26 94 
19 27 129 
19 27 28 156 
19 18 17  9  1 29 127 
19 18 17  9  1 29 30 99 
19 18 17  9  1 29 30 31 75 
19 18 17  9  1 29 30 31 32 118 
19 11  3 51 50 42 34 33 112 
19 11  3 51 50 42 34 76 
19 11  3 51 43 35 124 
19 11  3 51 43 35 36 172 
19 18 10  2 37 128 
19 18 10  2 37 38 96 
19 18 17  9  1 48 47 39 86 
19 18 17  9  1 48 40 139 
19 11  3 51 50 42 41 82 
19 11  3 51 50 42 85 
19 11  3 51 43 127 
19 11  3 51 52 44 160 
19 18 10  2 37 45 133 
19 18 17  9  1 48 47 46 110 
19 18 17  9  1 48 47 74 
19 18 17  9  1 48 130 
19 11  3 51 50 49 81 
19 11  3 51 50 91 
19 11  3 51 118 
19 11  3 51 52 164 
19 18 17  9  1 63 62 61 53 140 
19 18 17  9  1 63 62 54 111 
19 18 17  9  1 63 55 94 
19 18 17  9  1 48 56 133 
19 11  3 51 50 49 57 122 
19 11  3 51 59 58 88 
19 11  3 51 59 114 
19 11  3 51 59 60 115 
19 18 17  9  1 63 62 61 108 
19 18 17  9  1 63 62 100 
19 18 17  9  1 63 67 
19 18 17  9  1 63 64 122 
20 19 18 17  9  1 72 
20 12  4  3  2 100 
20 12  4  3 140 
20 12  4 172 
20 12  4  3  2  5 147 
20 12  4  3  2  5  6 136 
20 12  4  3  2  5  6  7 87 
20 12  4  3  2  8 97 
20 19 18 17  9 82 
20 19 18 10 85 
20 19 11 111 
20 12 143 
20 12  4  3  2  5 13 115 
20 12  4  3  2  5 13 14 90 
20 12  4  3  2  5 13 14 15 89 
20 12  4  3  2  8 16 144 
20 19 18 17 86 
20 19 18 91 
20 19 103 
20 12  4  3  2  5 13 21 134 
20 12  4  3  2  5 13 14 22 108 
20 12  4  3  2  5 13 14 15 23 76 
20 12  4  3  2  8 16 24 125 
20 19 18 26 25 80 
20 19 18 26 86 
20 28 27 114 
20 28 187 
20 19 18 17  9  1 29 156 
20 19 18 17  9  1 29 30 114 
20 12  4  3  2  5 13 14 15 23 31 93 
20 12  4  3  2  5 13 14 15 23 31 32 115 
20 12  4  3 51 50 42 41 33 97 
20 12  4  3 51 50 42 34 92 
20 12  4  3 51 43 35 122 
20 12  4  3 51 43 35 36 175 
20 12  4  3  2 37 137 
20 12  4  3  2 37 38 122 
20 19 18 17  9  1 48 47 39 95 
20 19 18 17  9  1 48 40 111 
20 12  4  3 51 50 42 41 87 
20 12  4  3 51 50 42 93 
20 12  4  3 51 43 134 
20 12  4  3 51 52 44 146 
20 12  4  3  2 37 45 132 
20 19 18 17  9  1 48 47 46 113 
20 19 18 17  9  1 48 47 100 
20 19 18 17  9  1 48 127 
20 12  4  3 51 50 49 84 
20 12  4  3 51 50 89 
20 12  4  3 51 130 
20 12  4  3 51 52 168 
20 19 18 17  9  1 63 62 54 53 124 
20 19 18 17  9  1 63 62 54 115 
20 19 18 17  9  1 63 55 93 
20 19 18 17  9  1 63 55 56 126 
20 12  4  3 51 50 49 57 94 
20 12  4  3 51 59 58 86 
20 12  4  3 51 59 119 
20 12  4  3 51 59 60 117 
20 19 18 17  9  1 63 62 61 133 
20 19 18 17  9  1 63 62 98 
20 19 18 17  9  1 63 88 
20 19 18 17  9  1 63 64 133 
21 29  1 81 
21 13  5  2 80 
21 13  5  2  3 150 
21 13  5  2  3  4 171 
21 13  5 145 
21 13  5  6 137 
21 22 23 15  7 100 
21 22 23 15  7  8 106 
21 29  1  9 75 
21 13  5  2 10 78 
21 13  5  2 10 11 104 
21 13  5  2  3  4 12 146 
21 13 122 
21 22 14 97 
21 22 23 15 87 
21 22 23 24 16 115 
21 29  1  9 17 82 
21 13  5  2 10 18 88 
21 13  5  2 10 18 19 87 
21 13  5  2  3  4 12 20 174 
21 22 105 
21 22 23 74 
21 22 23 24 138 
21 29  1  9 17 25 100 
21 13  5  2 10 18 26 70 
21 13  5  2 10 18 19 27 125 
21 13  5  2 10 18 19 27 28 172 
21 29 146 
21 22 30 89 
21 22 23 31 87 
21 22 23 31 32 128 
21 13  5  2 33 98 
21 13  5  2 33 34 83 
21 13  5  2 33 34 35 135 
21 13  5  2 33 34 35 36 175 
21 29  1 63 62 54 46 45 37 126 
21 29  1 63 62 54 46 38 111 
21 29  1 48 47 39 95 
21 29  1 48 40 117 
21 13  5  2 33 41 87 
21 29  1 43 42 91 
21 29  1 43 112 
21 29  1 43 44 150 
21 29  1 63 62 54 46 45 131 
21 29  1 63 62 54 46 98 
21 29  1 48 47 74 
21 29  1 48 114 
21 13  5  2 33 41 49 93 
21 29  1 43 42 50 102 
21 29  1 43 51 114 
21 29  1 43 51 52 186 
21 29  1 63 62 54 53 141 
21 29  1 63 62 54 128 
21 29  1 63 55 79 
21 29  1 48 56 125 
21 13  5  2 33 41 49 57 92 
21 29  1 43 42 50 58 94 
21 29  1 43 51 59 100 
21 29  1 43 51 59 60 117 
21 29  1 63 62 61 127 
21 29  1 63 62 88 
21 29  1 63 76 
21 29  1 63 64 146 
22 21 29  1 79 
22 14  6  5  2 76 
22 14  6  5  2  3 119 
22 14  6  5  2  3  4 171 
22 14  6  5 162 
22 14  6 115 
22 14  6  7 98 
22 23 24 16  8 108 
22 21 29  1  9 84 
22 14  6  5  2 10 93 
22 14  6  5  2 10 11 128 
22 14  6  5  2  3  4 12 150 
22 21 13 143 
22 14 109 
22 23 15 82 
22 23 24 16 118 
22 21 29  1  9 17 74 
22 14  6  5  2 10 18 89 
22 14  6  5  2 10 11 19 118 
22 14  6  5  2  3  4 12 20 153 
22 21 139 
22 23 87 
22 23 24 117 
22 21 29  1  9 17 25 99 
22 14  6  5  2 10 18 26 84 
22 14  6  5  2 10 11 19 27 122 
22 14  6  5  2 10 11 19 27 28 156 
22 21 29 132 
22 30 110 
22 30 31 104 
22 30 31 32 90 
22 14  6  5  2 33 103 
22 14  6  5  2 33 34 96 
22 21 29  1 43 35 129 
22 21 29  1 43 35 36 147 
22 21 29  1 48 47 46 45 37 152 
22 21 29  1 48 47 46 38 114 
22 21 29  1 48 47 39 81 
22 21 29  1 48 40 122 
22 14  6  5  2 33 41 102 
22 21 29  1 43 42 93 
22 21 29  1 43 128 
22 21 29  1 43 44 184 
22 21 29  1 48 47 46 45 138 
22 21 29  1 48 47 46 98 
22 21 29  1 48 47 82 
22 21 29  1 48 122 
22 14  6  5  2 33 41 49 87 
22 21 29  1 43 42 50 73 
22 21 29  1 43 51 125 
22 21 29  1 43 51 52 162 
22 21 29  1 63 62 61 53 122 
22 21 29  1 63 62 54 108 
22 21 29  1 63 55 97 
22 21 29  1 48 56 115 
22 14  6  5  2 33 41 49 57 126 
22 21 29  1 43 42 50 58 84 
22 21 29  1 43 51 59 113 
22 21 29  1 43 51 59 60 139 
22 21 29  1 63 62 61 100 
22 21 29  1 63 62 87 
22 21 29  1 63 81 
22 21 29  1 63 64 132 
23 22 21 29  1 70 
23 22 21 13  5  2 90 
23 22 21 13  5  2  3 147 
23 22 21 13  5  2  3  4 179 
23 22 21 13  5 151 
23 15  7  6 131 
23 15  7 85 
23 15  7  8 121 
23 22 21 29  1  9 87 
23 22 21 13  5  2 10 92 
23 22 21 13  5  2 10 11 143 
23 22 21 13  5  2  3  4 12 163 
23 22 21 13 109 
23 22 14 124 
23 15 97 
23 24 16 139 
23 22 21 29  1  9 17 85 
23 22 21 13  5  2 10 18 77 
23 22 21 13  5  2 10 11 19 120 
23 22 21 13  5  2  3  4 12 20 138 
23 22 21 151 
23 22 103 
23 24 116 
23 22 21 29  1  9 17 25 91 
23 22 21 13  5  2 10 18 26 93 
23 22 21 13  5  2 10 11 19 27 134 
23 22 21 13  5  2 10 11 19 27 28 175 
23 22 21 29 142 
23 31 30 104 
23 31 72 
23 31 32 132 
23 22 21 13  5  2 33 72 
23 22 21 13  5  2 33 34 96 
23 22 21 29  1 43 35 126 
23 22 21 29  1 43 44 36 172 
23 22 21 29  1 48 47 46 45 37 148 
23 22 21 29  1 48 47 39 38 118 
23 22 21 29  1 48 47 39 87 
23 22 21 29  1 48 40 101 
23 22 21 13  5  2 33 41 89 
23 22 21 29  1 43 42 85 
23 22 21 29  1 43 127 
23 22 21 29  1 43 44 173 
23 22 21 29  1 48 47 46 45 124 
23 22 21 29  1 48 47 46 114 
23 22 21 29  1 48 47 73 
23 22 21 29  1 48 118 
23 22 21 13  5  2 33 41 49 84 
23 22 21 29  1 43 42 50 79 
23 22 21 29  1 43 51 109 
23 22 21 29  1 43 44 52 153 
23 22 21 29  1 63 62 61 53 144 
23 22 21 29  1 63 62 54 116 
23 22 21 29  1 63 55 90 
23 22 21 29  1 48 56 132 
23 22 21 13  5  2 33 41 49 57 114 
23 22 21 29  1 43 42 50 58 91 
23 22 21 29  1 43 51 59 98 
23 22 21 29  1 43 44 52 60 109 
23 22 21 29  1 63 62 61 133 
23 22 21 29  1 63 62 89 
23 22 21 29  1 63 74 
23 22 21 29  1 63 64 134 
24 23 22 21 29  1 71 
24 16  8  2 84 
24 16  8  2  3 132 
24 16  8  2  3  4 144 
24 23 22 14  6  5 173 
24 23 22 14  6 116 
24 16  8  7 99 
24 16  8 130 
24 23 22 21 29  1  9 96 
24 16  8  2 10 77 
24 16  8  2 10 11 122 
24 16  8  2  3  4 12 166 
24 23 22 21 13 130 
24 23 22 14 117 
24 23 15 94 
24 16 119 
24 23 22 21 29  1  9 17 85 
24 16  8  2 10 18 80 
24 16  8  2 10 11 19 115 
24 16  8  2  3  4 12 20 166 
24 23 22 21 126 
24 23 22 100 
24 23 78 
24 23 22 21 29  1  9 17 25 80 
24 16  8  2 10 18 26 81 
24 16  8  2 10 11 19 27 123 
24 16  8  2 10 11 19 27 28 198 
24 23 22 21 29 137 
24 23 22 30 115 
24 32 31 88 
24 32 145 
24 16  8  2 33 90 
24 16  8  2 33 34 78 
24 23 22 21 29  1 43 35 114 
24 23 22 21 29  1 43 35 36 191 
24 16  8  2 37 131 
24 23 22 21 29  1 48 47 39 38 113 
24 23 22 21 29  1 48 47 39 92 
24 23 22 21 29  1 48 40 126 
24 16  8  2 33 41 89 
24 23 22 21 29  1 43 42 89 
24 23 22 21 29  1 43 117 
24 23 22 21 29  1 43 44 177 
24 23 22 21 29  1 63 62 54 53 45 148 
24 23 22 21 29  1 48 47 46 103 
24 23 22 21 29  1 48 47 88 
24 23 22 21 29  1 48 141 
24 16  8  2 33 41 49 81 
24 23 22 21 29  1 43 42 50 98 
24 23 22 21 29  1 43 51 123 
24 23 22 21 29  1 43 44 52 170 
24 23 22 21 29  1 63 62 54 53 133 
24 23 22 21 29  1 63 62 54 109 
24 23 22 21 29  1 63 55 90 
24 23 22 21 29  1 48 56 133 
24 16  8  2 33 41 49 57 124 
24 23 22 21 29  1 43 42 50 58 89 
24 23 22 21 29  1 43 51 59 84 
24 23 22 21 29  1 43 51 59 60 118 
24 23 22 21 29  1 63 62 61 109 
24 23 22 21 29  1 63 62 90 
24 23 22 21 29  1 63 84 
24 23 22 21 29  1 63 64 138 
25 17  9  1 83 
25 17  9 10  2 75 
25 26 27 19 11  3 161 
25 26 27 19 11 12  4 181 
25 17  9 10  2  5 154 
25 17  9 10  2  5  6 101 
25 17  9 10  2  5  6  7 112 
25 17  9 10  2  8 93 
25 17  9 97 
25 17  9 10 88 
25 26 27 19 11 135 
25 26 27 19 11 12 145 
25 17  9 10  2  5 13 130 
25 17  9 10  2  5  6 14 100 
25 17  9 10  2  5  6  7 15 73 
25 17  9 10  2  8 16 129 
25 17 91 
25 26 18 82 
25 26 27 19 130 
25 26 27 28 20 154 
25 17  9 10  2  5 13 21 132 
25 17  9  1 29 30 22 103 
25 17  9  1 29 30 31 23 78 
25 17  9 10  2  8 16 24 105 
25 26 80 
25 26 27 119 
25 26 27 28 137 
25 17  9  1 29 149 
25 17  9  1 29 30 93 
25 17  9  1 29 30 31 79 
25 17  9  1 29 30 31 32 132 
25 26 27 19 11  3 51 43 35 34 33 92 
25 26 27 19 11  3 51 43 35 34 87 
25 26 27 19 11  3 51 43 35 147 
25 26 27 19 11  3 51 43 44 36 199 
25 17  9 10  2 37 160 
25 17  9  1 48 47 46 38 116 
25 17  9  1 48 47 39 67 
25 17  9  1 48 40 127 
25 26 27 19 11  3 51 50 49 41 105 
25 26 27 19 11  3 51 50 42 102 
25 26 27 19 11  3 51 43 127 
25 26 27 19 11  3 51 43 44 167 
25 17  9  1 48 47 46 45 129 
25 17  9  1 48 47 46 113 
25 17  9  1 48 47 72 
25 17  9  1 48 131 
25 26 27 19 11  3 51 50 49 87 
25 26 27 19 11  3 51 50 101 
25 26 27 19 11  3 51 119 
25 26 27 19 11  3 51 52 170 
25 17  9  1 63 62 61 53 146 
25 17  9  1 63 62 54 103 
25 17  9  1 63 55 90 
25 17  9  1 48 56 131 
25 26 27 19 11  3 51 50 49 57 107 
25 26 27 19 11  3 51 50 58 80 
25 26 27 19 11  3 51 59 113 
25 26 27 19 11  3 51 52 60 112 
25 17  9  1 63 62 61 105 
25 17  9  1 63 62 88 
25 17  9  1 63 85 
25 17  9  1 63 64 127 
26 18 10  9  1 70 
26 18 10  2 79 
26 18 10 11  3 130 
26 27 28 20 12  4 168 
26 18 10  2  5 179 
26 18 10  2  5  6 120 
26 18 10  2  5  6  7 81 
26 18 10  2  8 100 
26 18 10  9 92 
26 18 10 90 
26 18 10 11 149 
26 27 28 20 12 148 
26 18 10  2  5 13 138 
26 18 10  2  5 13 14 111 
26 18 10  2  5 13 14 15 88 
26 18 10  2  5 13 14 15 16 144 
26 25 17 86 
26 18 88 
26 27 19 98 
26 27 28 20 155 
26 18 10  2  5 13 21 142 
26 18 10  2  5 13 21 22 89 
26 18 10  2  5 13 21 22 23 80 
26 18 10  2  5 13 21 22 23 24 107 
26 25 89 
26 27 120 
26 27 28 135 
26 18 10  9  1 29 125 
26 18 10  2  5 13 21 22 30 96 
26 18 10  2  5 13 21 22 23 31 97 
26 18 10  2  5 13 21 22 23 24 32 131 
26 18 10 11  3 51 43 35 34 33 104 
26 18 10 11  3 51 43 35 34 98 
26 18 10 11  3 51 43 35 124 
26 18 10 11  3 51 43 35 36 145 
26 18 10  2 37 117 
26 18 10  2 37 38 130 
26 18 10  9  1 48 47 39 91 
26 18 10  9  1 48 40 122 
26 18 10 11  3 51 50 49 41 99 
26 18 10 11  3 51 43 42 100 
26 18 10 11  3 51 43 117 
26 18 10 11  3 51 52 44 174 
26 18 10  2 37 45 155 
26 18 10  9  1 48 47 46 102 
26 18 10  9  1 48 47 81 
26 18 10  9  1 48 140 
26 18 10 11  3 51 50 49 94 
26 18 10 11  3 51 50 94 
26 18 10 11  3 51 126 
26 18 10 11  3 51 52 154 
26 18 10  9  1 63 62 61 53 132 
26 18 10  9  1 63 62 54 99 
26 18 10  9  1 63 55 76 
26 18 10  9  1 48 56 124 
26 18 10 11  3 51 59 58 57 82 
26 18 10 11  3 51 59 58 79 
26 18 10 11  3 51 59 100 
26 18 10 11  3 51 59 60 123 
26 18 10  9  1 63 62 61 108 
26 18 10  9  1 63 62 95 
26 18 10  9  1 63 75 
26 18 10  9  1 63 64 133 
27 26 25 17  9  1 76 
27 19 11 10  2 81 
27 19 11  3 137 
27 19 11 12  4 178 
27 19 11 10  2  5 143 
27 19 11 10  2  5  6 118 
27 19 11 10  2  5  6  7 85 
27 19 11 10  2  8 115 
27 26 25 17  9 93 
27 19 11 10 102 
27 19 11 137 
27 19 11 12 190 
27 19 11 10  2  5 13 142 
27 19 11 10  2  5  6 14 99 
27 19 11 10  2  5  6  7 15 93 
27 19 11 10  2  8 16 119 
27 26 25 17 83 
27 26 18 87 
27 19 115 
27 28 20 144 
27 19 11 10  2  5 13 21 115 
27 19 11 10  2  5  6 14 22 95 
27 19 11 10  2  5  6  7 15 23 97 
27 19 11 10  2  8 16 24 117 
27 26 25 94 
27 26 98 
27 28 156 
27 26 25 17  9  1 29 124 
27 26 25 17  9  1 29 30 123 
27 26 25 17  9  1 29 30 31 113 
27 26 25 17  9  1 29 30 31 32 138 
27 19 11  3 51 50 42 41 33 98 
27 19 11  3 51 50 42 34 88 
27 19 11  3 51 43 35 130 
27 19 11  3 51 43 35 36 152 
27 19 11 10  2 37 139 
27 19 11 10  2 37 38 110 
27 26 25 17  9  1 48 40 39 94 
27 26 25 17  9  1 48 40 124 
27 19 11  3 51 50 42 41 89 
27 19 11  3 51 50 42 105 
27 19 11  3 51 43 124 
27 19 11  3 51 52 44 174 
27 19 11 10  2 37 45 151 
27 26 25 17  9  1 63 62 54 46 106 
27 26 25 17  9  1 48 47 93 
27 26 25 17  9  1 48 136 
27 19 11  3 51 50 49 87 
27 19 11  3 51 50 92 
27 19 11  3 51 114 
27 19 11  3 51 52 141 
27 26 25 17  9  1 63 62 54 53 119 
27 26 25 17  9  1 63 62 54 103 
27 26 25 17  9  1 63 55 85 
27 26 25 17  9  1 48 56 124 
27 19 11  3 51 50 49 57 117 
27 19 11  3 51 59 58 73 
27 19 11  3 51 59 98 
27 19 11  3 51 59 60 129 
27 26 25 17  9  1 63 62 61 121 
27 26 25 17  9  1 63 62 93 
27 26 25 17  9  1 63 74 
27 26 25 17  9  1 63 64 159 
28 27 26 18 10  9  1 73 
28 27 26 18 10  2 93 
28 20 12  4  3 144 
28 20 12  4 177 
28 27 26 18 10  2  5 147 
28 27 26 18 10  2  5  6 121 
28 27 26 18 10  2  5  6  7 92 
28 27 26 18 10  2  8 94 
28 27 26 18 10  9 89 
28 27 26 18 10 99 
28 20 12 11 118 
28 20 12 150 
28 27 26 18 10  2  5 13 124 
28 27 26 18 10  2  5 13 14 125 
28 27 26 18 10  2  5 13 14 15 86 
28 27 26 18 10  2  8 16 130 
28 27 26 25 17 88 
28 27 26 18 87 
28 27 19 122 
28 20 137 
28 27 26 18 10  2  5 13 21 144 
28 27 26 18 10  2  5 13 14 22 118 
28 27 26 18 10  2  5 13 14 15 23 81 
28 27 26 18 10  2  8 16 24 111 
28 27 26 25 90 
28 27 26 87 
28 27 122 
28 27 26 18 10  9  1 29 138 
28 27 26 18 10  2  5 13 14 22 30 107 
28 27 26 18 10  2  5 13 14 22 30 31 90 
28 27 26 18 10  2  5 13 14 22 30 31 32 127 
28 20 12  4  3 51 50 42 41 33 81 
28 20 12  4  3 51 50 42 34 80 
28 20 12  4  3 51 43 35 127 
28 20 12  4  3 51 52 44 36 166 
28 27 26 18 10  2 37 118 
28 27 26 18 10  2 37 38 121 
28 27 26 18 10  9  1 48 40 39 100 
28 27 26 18 10  9  1 48 40 140 
28 20 12  4  3 51 50 42 41 101 
28 20 12  4  3 51 50 42 76 
28 20 12  4  3 51 43 138 
28 20 12  4  3 51 52 44 164 
28 27 26 18 10  2 37 45 145 
28 27 26 18 10  9  1 48 47 46 102 
28 27 26 18 10  9  1 48 47 84 
28 27 26 18 10  9  1 48 150 
28 20 12  4  3 51 50 49 88 
28 20 12  4  3 51 50 83 
28 20 12  4  3 51 131 
28 20 12  4  3 51 52 160 
28 27 26 18 10  9  1 63 62 54 53 121 
28 27 26 18 10  9  1 63 62 54 122 
28 27 26 18 10  9  1 63 55 98 
28 27 26 18 10  9  1 48 56 113 
28 20 12  4  3 51 59 58 57 108 
28 20 12  4  3 51 59 58 80 
28 20 12  4  3 51 59 137 
28 20 12  4  3 51 59 60 117 
28 27 26 18 10  9  1 63 62 61 117 
28 27 26 18 10  9  1 63 62 89 
28 27 26 18 10  9  1 63 74 
28 27 26 18 10  9  1 63 64 127 
29  1 77 
29  1  2 73 
29  1  2  3 137 
29  1  2  3  4 160 
29 21 13  5 150 
29 21 13 14  6 124 
29 21 13 14  6  7 78 
29 30 31 23 15 16  8 92 
29  1  9 87 
29  1  2 10 93 
29  1  2 10 11 143 
29  1  2 10 11 12 149 
29 21 13 151 
29 21 13 14 90 
29 30 31 23 15 89 
29 30 31 23 15 16 139 
29  1  9 17 83 
29  1  2 10 18 70 
29  1  2 10 11 19 127 
29  1  2 10 11 19 20 164 
29 21 128 
29 30 22 103 
29 30 31 23 75 
29 30 31 32 24 134 
29  1  9 17 25 90 
29  1  2 10 18 26 79 
29  1  2 10 18 26 27 124 
29  1  2 10 18 26 27 28 153 
29 30 116 
29 30 31 84 
29 30 31 32 130 
29  1  2 33 79 
29  1 43 35 34 101 
29  1 43 35 123 
29  1 43 35 36 185 
29  1 48 47 46 45 37 137 
29  1 48 47 46 38 86 
29  1 48 40 39 102 
29  1 48 40 114 
29  1 43 42 41 79 
29  1 43 42 90 
29  1 43 136 
29  1 43 44 155 
29  1 48 47 46 45 133 
29  1 48 47 46 100 
29  1 48 47 90 
29  1 48 150 
29  1 43 42 41 49 84 
29  1 43 51 50 88 
29  1 43 51 119 
29  1 43 51 52 186 
29  1 63 62 61 53 117 
29  1 63 62 54 85 
29  1 63 55 94 
29  1 48 56 123 
29  1 43 51 50 58 57 121 
29  1 43 51 50 58 89 
29  1 43 51 59 104 
29  1 43 51 52 60 132 
29  1 63 62 61 116 
29  1 63 62 96 
29  1 63 80 
29  1 63 64 144 
30 29  1 68 
30 29  1  2 96 
30 29  1  2  3 136 
30 29  1  2  3  4 181 
30 22 14 13  5 146 
30 22 14  6 107 
30 22 14 15  7 84 
30 22 14 15  7  8 99 
30 29  1  9 92 
30 29  1  2 10 87 
30 29  1  2 10 11 113 
30 29  1  2  3  4 12 169 
30 22 14 13 163 
30 22 14 119 
30 22 14 15 89 
30 31 32 24 16 155 
30 29  1  9 17 83 
30 29  1  2 10 18 83 
30 29  1  2 10 18 19 105 
30 29  1  2 10 18 19 20 133 
30 29 21 163 
30 22 90 
30 31 23 89 
30 31 32 24 120 
30 29  1  9 17 25 88 
30 29  1  2 10 18 26 71 
30 29  1  2 10 18 26 27 114 
30 29  1  2 10 18 19 20 28 165 
30 29 128 
30 31 92 
30 31 32 118 
30 29  1  2 33 91 
30 29  1 43 42 34 90 
30 29  1 43 35 140 
30 29  1 43 44 36 145 
30 29  1 48 47 46 45 37 163 
30 29  1 48 47 46 38 96 
30 29  1 48 47 39 108 
30 29  1 48 40 141 
30 29  1 43 42 41 83 
30 29  1 43 42 94 
30 29  1 43 155 
30 29  1 43 44 163 
30 29  1 48 47 46 45 146 
30 29  1 48 47 46 92 
30 29  1 48 47 87 
30 29  1 48 116 
30 29  1 43 42 41 49 100 
30 29  1 43 51 50 88 
30 29  1 43 51 110 
30 29  1 43 51 52 140 
30 29  1 63 62 61 53 139 
30 29  1 63 62 54 106 
30 29  1 63 55 86 
30 29  1 48 56 99 
30 29  1 43 42 41 49 57 113 
30 29  1 43 51 50 58 89 
30 29  1 43 51 59 98 
30 29  1 43 51 52 60 127 
30 29  1 63 62 61 118 
30 29  1 63 62 99 
30 29  1 63 83 
30 29  1 63 64 134 
31 30 29  1 65 
31 23 15 14  6  5  2 87 
31 23 15 14  6  5  2  3 109 
31 23 15 14  6  5  2  3  4 185 
31 23 15 14  6  5 176 
31 23 15 14  6 120 
31 23 15  7 86 
31 23 15 16  8 83 
31 30 29  1  9 101 
31 23 15 14  6  5  2 10 69 
31 23 15 14  6  5  2 10 11 112 
31 23 15 14  6  5  2 10 11 12 171 
31 30 29 21 13 133 
31 23 15 14 122 
31 23 15 79 
31 23 15 16 128 
31 30 29  1  9 17 76 
31 23 15 14  6  5  2 10 18 90 
31 23 15 14  6  5  2 10 18 19 105 
31 23 15 14  6  5  2 10 18 19 20 134 
31 30 29 21 118 
31 30 22 107 
31 23 84 
31 32 24 129 
31 30 29  1  9 17 25 74 
31 23 15 14  6  5  2 10 18 26 91 
31 23 15 14  6  5  2 10 18 26 27 122 
31 23 15 14  6  5  2 10 18 26 27 28 160 
31 30 29 130 
31 30 113 
31 32 135 
31 23 15 14  6  5  2 33 87 
31 30 29  1 43 42 34 85 
31 30 29  1 43 35 128 
31 30 29  1 43 44 36 173 
31 30 29  1 48 47 46 45 37 149 
31 30 29  1 48 47 46 38 111 
31 30 29  1 48 47 39 93 
31 30 29  1 48 40 140 
31 30 29  1 43 42 41 95 
31 30 29  1 43 42 92 
31 30 29  1 43 116 
31 30 29  1 43 44 143 
31 30 29  1 48 47 46 45 157 
31 30 29  1 48 47 46 116 
31 30 29  1 48 47 86 
31 30 29  1 48 128 
31 30 29  1 43 42 41 49 88 
31 30 29  1 43 51 50 94 
31 30 29  1 43 51 115 
31 30 29  1 43 51 52 172 
31 30 29  1 63 62 61 53 133 
31 30 29  1 63 62 54 112 
31 30 29  1 63 55 87 
31 30 29  1 48 56 136 
31 30 29  1 43 42 41 49 57 108 
31 30 29  1 43 51 50 58 88 
31 30 29  1 43 51 59 97 
31 30 29  1 43 51 52 60 123 
31 30 29  1 63 62 61 101 
31 30 29  1 63 62 89 
31 30 29  1 63 70 
31 30 29  1 63 64 150 
32 31 30 29  1 84 
32 24 16  8  2 94 
32 24 16  8  2  3 111 
32 24 16  8  2  3  4 194 
32 31 30 22 14 13  5 154 
32 24 16 15  7  6 124 
32 24 16 15  7 92 
32 24 16  8 110 
32 31 30 29  1  9 75 
32 24 16  8  2 10 80 
32 24 16  8  2 10 11 138 
32 24 16  8  2 10 11 12 156 
32 31 30 22 14 13 132 
32 31 30 22 14 121 
32 24 16 15 75 
32 24 16 152 
32 31 30 29  1  9 17 103 
32 24 16  8  2 10 18 85 
32 24 16  8  2 10 11 19 113 
32 24 16  8  2 10 11 12 20 127 
32 31 30 29 21 145 
32 31 30 22 96 
32 31 23 73 
32 24 121 
32 31 30 29  1  9 17 25 85 
32 24 16  8  2 10 18 26 93 
32 24 16  8  2 10 18 26 27 124 
32 24 16  8  2 10 18 26 27 28 164 
32 31 30 29 163 
32 31 30 114 
32 31 90 
32 24 16  8  2 33 91 
32 31 30 29  1 43 35 34 79 
32 31 30 29  1 43 35 124 
32 31 30 29  1 43 35 36 131 
32 31 30 29  1 48 47 46 45 37 153 
32 31 30 29  1 48 47 39 38 110 
32 31 30 29  1 48 47 39 81 
32 31 30 29  1 48 40 129 
32 31 30 29  1 43 42 41 88 
32 31 30 29  1 43 42 89 
32 31 30 29  1 43 124 
32 31 30 29  1 43 44 160 
32 31 30 29  1 48 47 46 45 105 
32 31 30 29  1 48 47 46 107 
32 31 30 29  1 48 47 83 
32 31 30 29  1 48 108 
32 31 30 29  1 43 42 41 49 95 
32 31 30 29  1 43 51 50 97 
32 31 30 29  1 43 51 122 
32 31 30 29  1 43 51 52 172 
32 31 30 29  1 63 62 54 53 133 
32 31 30 29  1 63 62 54 127 
32 31 30 29  1 63 55 97 
32 31 30 29  1 63 55 56 139 
32 31 30 29  1 43 51 50 58 57 116 
32 31 30 29  1 43 51 50 58 80 
32 31 30 29  1 43 51 59 120 
32 31 30 29  1 43 51 52 60 120 
32 31 30 29  1 63 62 61 119 
32 31 30 29  1 63 62 92 
32 31 30 29  1 63 77 
32 31 30 29  1 63 64 151 
33  2  1 69 
33  2 84 
33 41 49 50 51  3 117 
33 41 49 50 51  3  4 166 
33  2  5 148 
33  2  5  6 100 
33  2  5  6  7 79 
33  2  5  6  7  8 110 
33 41 49 50 51  3 11 10  9 97 
33 41 49 50 51  3 11 10 85 
33 41 49 50 51  3 11 121 
33 41 49 50 51  3  4 12 155 
33  2  5 13 123 
33  2  5 13 14 103 
33  2  5 13 14 15 87 
33  2  5 13 14 15 16 143 
33 41 49 50 51  3 11 10  9 17 91 
33 41 49 50 51  3 11 10 18 91 
33 41 49 50 51  3 11 19 112 
33 41 49 50 51  3  4 12 20 137 
33  2  5 13 21 133 
33  2  5 13 14 22 103 
33  2  5 13 14 15 23 92 
33  2  5 13 14 15 23 24 133 
33 41 49 50 51  3 11 10 18 26 25 70 
33 41 49 50 51  3 11 10 18 26 94 
33 41 49 50 51  3 11 19 27 131 
33 41 49 50 51  3  4 12 20 28 148 
33  2  1 29 150 
33  2  1 29 30 101 
33  2  1 29 30 31 94 
33  2  1 29 30 31 32 132 
33 34 103 
33 34 35 134 
33 34 35 36 147 
33  2 37 133 
33  2 37 38 98 
33  2  1 48 47 39 99 
33  2  1 48 40 162 
33 41 92 
33 41 42 79 
33 34 35 43 119 
33 34 35 36 44 174 
33  2 37 45 149 
33  2  1 48 47 46 112 
33  2  1 48 47 87 
33  2  1 48 136 
33 41 49 89 
33 41 49 50 106 
33 41 49 50 51 112 
33 34 35 36 44 52 156 
33  2  1 63 62 61 53 122 
33  2  1 63 62 54 106 
33  2  1 63 55 89 
33  2  1 48 56 120 
33 41 49 57 112 
33 41 49 57 58 103 
33 41 49 50 51 59 97 
33 41 49 50 51 59 60 126 
33  2  1 63 62 61 101 
33  2  1 63 62 86 
33  2  1 63 89 
33  2  1 63 64 151 
34 42 43  1 61 
34 33  2 75 
34 42 50 51  3 159 
34 42 50 51  3  4 163 
34 33  2  5 179 
34 33  2  5  6 121 
34 33  2  5  6  7 86 
34 33  2  8 96 
34 42 50 51  3 11 10  9 101 
34 42 50 51  3 11 10 79 
34 42 50 51  3 11 138 
34 42 50 51  3  4 12 167 
34 33  2  5 13 129 
34 33  2  5  6 14 115 
34 33  2  5  6  7 15 89 
34 33  2  8 16 114 
34 42 50 51  3 11 10  9 17 91 
34 42 50 51  3 11 10 18 77 
34 42 50 51  3 11 19 93 
34 42 50 51  3  4 12 20 124 
34 33  2  5 13 21 118 
34 33  2  5 13 21 22 91 
34 33  2  5 13 21 22 23 109 
34 33  2  8 16 24 135 
34 42 50 51  3 11 10  9 17 25 74 
34 42 50 51  3 11 10 18 26 92 
34 42 50 51  3 11 19 27 135 
34 42 50 51  3  4 12 20 28 145 
34 42 43  1 29 152 
34 42 43  1 29 30 128 
34 42 43  1 29 30 31 85 
34 42 43  1 29 30 31 32 132 
34 33 90 
34 35 140 
34 35 36 183 
34 33  2 37 153 
34 33  2 37 38 116 
34 42 43  1 48 47 39 95 
34 42 43  1 48 40 125 
34 42 41 89 
34 42 88 
34 42 43 138 
34 35 36 44 162 
34 33  2 37 45 129 
34 42 43  1 48 47 46 97 
34 42 43  1 48 47 77 
34 42 43  1 48 131 
34 42 50 49 82 
34 42 50 101 
34 42 50 51 122 
34 42 50 51 52 173 
34 42 43  1 63 62 61 53 154 
34 42 43  1 63 62 54 121 
34 42 43  1 63 55 76 
34 42 43  1 48 56 132 
34 42 50 58 57 100 
34 42 50 58 84 
34 42 50 58 59 92 
34 42 50 51 52 60 132 
34 42 43  1 63 62 61 114 
34 42 43  1 63 62 105 
34 42 43  1 63 89 
34 42 43  1 63 64 155 
35 43  1 79 
35 34 33  2 81 
35 43 51  3 138 
35 43 51  3  4 194 
35 34 33  2  5 181 
35 34 33  2  5  6 126 
35 34 33  2  5  6  7 90 
35 34 33  2  8 108 
35 43 51  3 11 10  9 78 
35 43 51  3 11 10 86 
35 43 51  3 11 148 
35 43 51  3  4 12 134 
35 34 33  2  5 13 129 
35 34 33  2  5 13 14 93 
35 34 33  2  5 13 14 15 90 
35 34 33  2  5 13 14 15 16 116 
35 43 51  3 11 10 18 17 87 
35 43 51  3 11 10 18 80 
35 43 51  3 11 19 126 
35 43 51  3  4 12 20 143 
35 43  1 29 21 139 
35 43  1 29 30 22 123 
35 43  1 29 30 22 23 88 
35 43  1 29 30 31 32 24 153 
35 43 51  3 11 10 18 26 25 94 
35 43 51  3 11 10 18 26 84 
35 43 51  3 11 19 27 124 
35 43 51  3  4 12 20 28 158 
35 43  1 29 149 
35 43  1 29 30 113 
35 43  1 29 30 31 97 
35 43  1 29 30 31 32 125 
35 34 33 83 
35 34 94 
35 36 166 
35 34 33  2 37 153 
35 43  1 48 47 39 38 124 
35 43  1 48 47 39 84 
35 43  1 48 40 152 
35 34 33 41 88 
35 43 42 70 
35 43 134 
35 43 44 147 
35 43  1 63 62 61 53 45 140 
35 43  1 48 47 46 114 
35 43  1 48 47 96 
35 43  1 48 148 
35 43 51 50 49 82 
35 43 51 50 88 
35 43 51 131 
35 43 51 52 148 
35 43  1 63 62 61 53 134 
35 43  1 63 62 54 112 
35 43  1 63 55 83 
35 43  1 48 56 141 
35 43 51 50 49 57 114 
35 43 51 59 58 88 
35 43 51 59 94 
35 43 51 59 60 113 
35 43  1 63 62 61 124 
35 43  1 63 62 91 
35 43  1 63 77 
35 43  1 63 64 145 
36 44 43  1 66 
36 35 34 33  2 84 
36 44 52 51  3 156 
36 44 52 51  3  4 175 
36 35 34 33  2  5 163 
36 35 34 33  2  5  6 113 
36 35 34 33  2  5  6  7 83 
36 35 34 33  2  8 103 
36 44 52 51  3 11 10  9 93 
36 44 52 51  3 11 10 89 
36 44 52 51  3 11 125 
36 44 52 51  3  4 12 156 
36 35 34 33  2  5 13 147 
36 35 34 33  2  5 13 14 116 
36 35 34 33  2  5 13 14 15 81 
36 35 34 33  2  5 13 14 15 16 120 
36 44 52 51  3 11 10 18 17 88 
36 44 52 51  3 11 10 18 83 
36 44 52 51  3 11 19 114 
36 44 52 51  3  4 12 20 152 
36 44 43  1 29 21 132 
36 44 43  1 29 30 22 96 
36 44 43  1 29 30 22 23 81 
36 44 43  1 29 30 22 23 24 136 
36 44 52 51  3 11 10 18 17 25 108 
36 44 52 51  3 11 19 27 26 75 
36 44 52 51  3 11 19 27 114 
36 44 52 51  3  4 12 20 28 156 
36 44 43  1 29 126 
36 44 43  1 29 30 103 
36 44 43  1 29 30 31 82 
36 44 43  1 29 30 31 32 146 
36 35 34 33 92 
36 35 34 108 
36 35 118 
36 35 34 33  2 37 171 
36 44 43  1 48 47 46 38 113 
36 44 43  1 48 47 39 86 
36 44 43  1 48 40 111 
36 35 34 42 41 81 
36 35 34 42 97 
36 44 43 124 
36 44 167 
36 44 43  1 48 47 46 45 156 
36 44 43  1 48 47 46 99 
36 44 43  1 48 47 93 
36 44 43  1 48 118 
36 35 34 42 41 49 71 
36 44 52 51 50 105 
36 44 52 51 112 
36 44 52 150 
36 44 43  1 63 62 61 53 168 
36 44 43  1 63 62 54 134 
36 44 43  1 63 55 83 
36 44 43  1 48 56 132 
36 44 52 51 50 58 57 102 
36 44 52 51 50 58 83 
36 44 52 60 59 99 
36 44 52 60 128 
36 44 43  1 63 62 61 112 
36 44 43  1 63 62 96 
36 44 43  1 63 80 
36 44 43  1 63 64 135 
37 38 39 40 48  1 75 
37  2 84 
37  2  3 141 
37  2  3  4 174 
37  2  5 158 
37  2  5  6 120 
37  2  5  6  7 83 
37  2  5  6  7  8 128 
37  2 10  9 92 
37  2 10 76 
37  2 10 11 133 
37  2 10 11 12 155 
37  2  5 13 146 
37  2  5 13 14 109 
37  2  5  6  7 15 89 
37  2  5  6  7 15 16 135 
37  2 10  9 17 68 
37  2 10 18 93 
37  2 10 18 19 116 
37  2 10 18 19 20 190 
37 38 39 40 48  1 29 21 151 
37 38 39 40 48  1 29 21 22 114 
37 38 39 40 48  1 29 21 22 23 76 
37 38 39 40 48  1 29 30 31 32 24 103 
37  2 10  9 17 25 66 
37  2 10 18 26 83 
37  2 10 18 26 27 141 
37  2 10 18 26 27 28 159 
37 38 39 40 48  1 29 131 
37 38 39 40 48  1 29 30 102 
37 38 39 40 48  1 29 30 31 85 
37 38 39 40 48  1 29 30 31 32 118 
37  2 33 95 
37  2 33 34 87 
37  2 33 34 35 108 
37  2 33 34 35 36 179 
37 38 101 
37 38 39 84 
37 38 39 40 130 
37  2 33 41 87 
37  2 33 34 42 98 
37 38 39 40 48  1 43 129 
37 38 39 40 48  1 43 44 136 
37 45 152 
37 45 46 116 
37 38 39 47 84 
37 38 39 40 48 116 
37  2 33 41 49 104 
37  2 33 34 42 50 82 
37 38 39 40 48  1 43 51 124 
37 38 39 40 48  1 43 51 52 154 
37 45 53 148 
37 45 53 54 120 
37 45 53 54 55 100 
37 38 39 40 48 56 128 
37  2 33 41 49 57 101 
37  2 33 34 42 50 58 97 
37 38 39 40 48  1 43 51 59 106 
37 38 39 40 48  1 43 51 59 60 124 
37 45 53 61 116 
37 45 53 61 62 87 
37 45 53 54 55 63 78 
37 45 53 54 55 63 64 132 
38 39 40 48  1 77 
38 37  2 86 
38 37  2  3 120 
38 37  2  3  4 178 
38 37  2  5 166 
38 37  2  5  6 104 
38 37  2  5  6  7 86 
38 37  2  5  6  7  8 112 
38 39 40 48  1  9 89 
38 37  2 10 82 
38 37  2 10 11 119 
38 37  2 10 11 12 134 
38 39 40 48  1 29 21 13 123 
38 39 40 48  1 29 30 22 14 105 
38 39 40 48  1 29 30 22 14 15 85 
38 39 40 48  1 29 30 22 14 15 16 114 
38 39 40 48  1  9 17 82 
38 37  2 10 18 68 
38 37  2 10 11 19 126 
38 37  2 10 11 19 20 162 
38 39 40 48  1 29 21 128 
38 39 40 48  1 29 30 22 117 
38 39 40 48  1 29 30 22 23 93 
38 39 40 48  1 29 30 22 23 24 118 
38 39 40 48  1  9 17 25 70 
38 37  2 10 18 26 100 
38 37  2 10 18 26 27 115 
38 37  2 10 18 26 27 28 146 
38 39 40 48  1 29 121 
38 39 40 48  1 29 30 107 
38 39 40 48  1 29 30 31 90 
38 39 40 48  1 29 30 31 32 123 
38 37  2 33 89 
38 37  2 33 34 85 
38 39 40 48  1 43 35 128 
38 39 40 48  1 43 44 36 158 
38 37 131 
38 39 97 
38 39 40 132 
38 37  2 33 41 92 
38 39 40 48  1 43 42 83 
38 39 40 48  1 43 100 
38 39 40 48  1 43 44 151 
38 46 45 147 
38 46 105 
38 46 47 91 
38 39 40 48 136 
38 37  2 33 41 49 94 
38 39 40 48  1 43 42 50 95 
38 39 40 48  1 43 51 121 
38 39 40 48  1 43 51 52 172 
38 46 54 53 115 
38 46 54 122 
38 46 54 55 96 
38 46 54 55 56 127 
38 37  2 33 41 49 57 118 
38 39 40 48  1 43 42 50 58 84 
38 39 40 48  1 43 51 59 121 
38 39 40 48  1 43 51 59 60 129 
38 46 54 62 61 120 
38 46 54 62 89 
38 46 54 62 63 78 
38 46 54 55 56 64 155 
39 47 48  1 86 
39 47 48  1  2 99 
39 47 48  1  2  3 144 
39 47 48  1  2  3  4 156 
39 47 48  1  2  5 152 
39 47 48  1  2  5  6 128 
39 47 48  1  2  5  6  7 97 
39 47 48  1  2  8 103 
39 47 48  1  9 89 
39 47 48  1  9 10 94 
39 47 48  1  9 10 11 118 
39 47 48  1  9 10 11 12 171 
39 47 48  1 29 21 13 148 
39 47 48  1 29 21 13 14 92 
39 47 48  1 29 21 13 14 15 99 
39 47 48  1 29 21 13 14 15 16 128 
39 47 48  1  9 17 94 
39 47 48  1  9 10 18 90 
39 47 48  1  9 10 11 19 132 
39 47 48  1  9 10 11 12 20 129 
39 47 48  1 29 21 139 
39 47 48  1 29 30 22 113 
39 47 48  1 29 30 31 23 83 
39 47 48  1 29 30 31 23 24 110 
39 47 48  1  9 17 25 81 
39 47 48  1  9 17 25 26 93 
39 47 48  1  9 17 25 26 27 130 
39 47 48  1  9 17 25 26 27 28 147 
39 47 48  1 29 128 
39 47 48  1 29 30 89 
39 47 48  1 29 30 31 100 
39 47 48  1 29 30 31 32 102 
39 47 48  1  2 33 99 
39 47 48  1 43 42 34 107 
39 47 48  1 43 35 120 
39 47 48  1 43 35 36 171 
39 38 37 160 
39 38 115 
39 40 130 
39 47 48  1 43 42 41 103 
39 47 48  1 43 42 84 
39 47 48  1 43 124 
39 47 48  1 43 44 130 
39 38 37 45 141 
39 47 46 100 
39 47 72 
39 47 48 152 
39 47 48  1 43 42 41 49 99 
39 47 48  1 43 42 50 88 
39 47 48  1 43 51 132 
39 47 48  1 43 51 52 149 
39 47 55 54 53 148 
39 47 55 54 112 
39 47 55 85 
39 47 55 56 114 
39 47 48  1 43 42 41 49 57 131 
39 47 48  1 43 42 50 58 104 
39 47 48  1 43 51 59 108 
39 47 48  1 43 51 59 60 114 
39 47 55 54 53 61 110 
39 47 55 63 62 90 
39 47 55 63 87 
39 47 55 63 64 147 
40 48  1 73 
40 48  1  2 75 
40 48  1  2  3 140 
40 48  1  2  3  4 160 
40 48  1  2  5 142 
40 48  1  2  5  6 108 
40 48  1  2  5  6  7 97 
40 48  1  2  5  6  7  8 82 
40 48  1  9 80 
40 48  1  9 10 95 
40 48  1  9 10 11 112 
40 48  1  9 10 11 12 155 
40 48  1 29 21 13 144 
40 48  1 29 21 13 14 117 
40 48  1 29 21 13 14 15 80 
40 48  1 29 30 31 23 24 16 132 
40 48  1  9 17 92 
40 48  1  9 10 18 92 
40 48  1  9 10 11 19 116 
40 48  1  9 10 11 12 20 155 
40 48  1 29 21 124 
40 48  1 29 30 22 110 
40 48  1 29 30 31 23 87 
40 48  1 29 30 31 23 24 104 
40 48  1  9 17 25 84 
40 48  1  9 10 18 26 84 
40 48  1  9 10 18 26 27 112 
40 48  1  9 10 18 26 27 28 185 
40 48  1 29 158 
40 48  1 29 30 104 
40 48  1 29 30 31 100 
40 48  1 29 30 31 32 125 
40 48  1  2 33 96 
40 48  1 43 35 34 103 
40 48  1 43 35 134 
40 48  1 43 44 36 163 
40 39 38 37 153 
40 39 38 123 
40 39 87 
40 48  1 43 42 41 100 
40 48  1 43 42 95 
40 48  1 43 132 
40 48  1 43 44 177 
40 39 38 46 45 171 
40 39 38 46 94 
40 48 47 86 
40 48 128 
40 48  1 43 42 41 49 92 
40 48  1 43 42 50 77 
40 48  1 43 51 125 
40 48  1 43 51 52 160 
40 39 38 46 45 53 139 
40 48 56 55 54 115 
40 48 56 55 84 
40 48 56 130 
40 48  1 43 42 41 49 57 111 
40 48  1 43 42 50 58 101 
40 48  1 43 51 59 111 
40 48  1 43 51 52 60 124 
40 48 56 55 54 62 61 116 
40 48 56 55 54 62 89 
40 48 56 64 63 73 
40 48 56 64 149 
41 42 43  1 69 
41 33  2 92 
41 42 43 51  3 133 
41 42 43 51  3  4 166 
41 33  2  5 156 
41 33  2  5  6 114 
41 33  2  5  6  7 78 
41 33  2  8 101 
41 42 43 51  3 11 10  9 87 
41 42 43 51  3 11 10 85 
41 42 43 51  3 11 128 
41 42 43 51  3  4 12 152 
41 33  2  5 13 165 
41 33  2  5 13 14 116 
41 33  2  5 13 14 15 87 
41 33  2  5 13 14 15 16 160 
41 42 43 51  3 11 10  9 17 95 
41 42 43 51  3 11 10 18 83 
41 42 43 51  3 11 19 105 
41 42 43 51  3  4 12 20 151 
41 33  2  5 13 21 144 
41 33  2  5 13 14 22 103 
41 33  2  5 13 14 15 23 83 
41 33  2  5 13 14 15 16 24 135 
41 42 43 51  3 11 10 18 26 25 87 
41 42 43 51  3 11 10 18 26 103 
41 42 43 51  3 11 19 27 126 
41 42 43 51  3  4 12 20 28 139 
41 42 43  1 29 141 
41 42 43  1 29 30 101 
41 42 43  1 29 30 31 81 
41 42 43  1 29 30 31 32 123 
41 33 68 
41 42 34 91 
41 42 43 35 148 
41 42 43 44 36 150 
41 33  2 37 139 
41 33  2 37 38 118 
41 42 43  1 48 40 39 86 
41 42 43  1 48 40 128 
41 42 101 
41 42 43 128 
41 42 43 44 165 
41 33  2 37 45 153 
41 42 43  1 48 47 46 92 
41 42 43  1 48 47 99 
41 42 43  1 48 123 
41 49 87 
41 49 50 69 
41 42 43 51 115 
41 42 43 51 52 155 
41 42 43  1 63 62 54 53 134 
41 42 43  1 63 62 54 106 
41 42 43  1 63 55 91 
41 42 43  1 48 56 130 
41 49 57 112 
41 49 57 58 90 
41 49 57 58 59 103 
41 42 43 51 52 60 113 
41 42 43  1 63 62 61 101 
41 42 43  1 63 62 96 
41 42 43  1 63 76 
41 42 43  1 63 64 144 
42 43  1 68 
42 41 33  2 91 
42 50 51  3 130 
42 50 51  3  4 180 
42 41 33  2  5 155 
42 41 33  2  5  6 108 
42 41 33  2  5  6  7 74 
42 41 33  2  5  6  7  8 115 
42 50 51  3 11 10  9 99 
42 50 51  3 11 10 97 
42 50 51  3 11 122 
42 50 51  3  4 12 141 
42 41 33  2  5 13 129 
42 41 33  2  5  6 14 104 
42 41 33  2  5  6 14 15 76 
42 41 33  2  5  6 14 15 16 101 
42 50 51  3 11 10  9 17 87 
42 50 51  3 11 10 18 97 
42 50 51  3 11 19 109 
42 50 51  3  4 12 20 146 
42 43  1 29 21 126 
42 43  1 29 21 22 91 
42 43  1 29 30 31 23 114 
42 43  1 29 30 31 32 24 106 
42 50 51  3 11 10  9 17 25 77 
42 50 51  3 11 10 18 26 76 
42 50 51  3 11 19 27 129 
42 50 51  3  4 12 20 28 173 
42 43  1 29 137 
42 43  1 29 30 106 
42 43  1 29 30 31 83 
42 43  1 29 30 31 32 136 
42 41 33 79 
42 34 87 
42 43 35 153 
42 43 44 36 178 
42 43  1 48 47 46 45 37 126 
42 43  1 48 47 39 38 123 
42 43  1 48 47 39 80 
42 43  1 48 40 138 
42 41 111 
42 43 131 
42 43 44 144 
42 43  1 48 47 46 45 138 
42 43  1 48 47 46 128 
42 43  1 48 47 106 
42 43  1 48 115 
42 50 49 82 
42 50 91 
42 50 51 122 
42 50 51 52 161 
42 43  1 63 62 61 53 176 
42 43  1 63 62 54 106 
42 43  1 63 55 87 
42 43  1 48 56 140 
42 50 58 57 107 
42 50 58 97 
42 50 58 59 104 
42 50 51 52 60 111 
42 43  1 63 62 61 117 
42 43  1 63 62 95 
42 43  1 63 83 
42 43  1 63 64 169 
43  1 80 
43 42 41 33  2 86 
43 51  3 142 
43 51  3  4 166 
43 42 41 33  2  5 147 
43 42 41 33  2  5  6 124 
43 42 41 33  2  5  6  7 97 
43 42 41 33  2  5  6  7  8 112 
43 51  3 11 10  9 79 
43 51  3 11 10 90 
43 51  3 11 116 
43 51  3  4 12 152 
43  1 29 21 13 141 
43  1 29 21 22 14 95 
43  1 29 21 22 14 15 79 
43  1 29 21 22 14 15 16 135 
43 51  3 11 19 18 17 90 
43 51  3 11 19 18 80 
43 51  3 11 19 121 
43 51  3  4 12 20 150 
43  1 29 21 158 
43  1 29 21 22 120 
43  1 29 21 22 23 94 
43  1 29 21 22 23 24 122 
43 51  3 11 19 27 26 25 75 
43 51  3 11 19 27 26 109 
43 51  3 11 19 27 125 
43 51  3  4 12 20 28 164 
43  1 29 147 
43  1 29 30 140 
43  1 29 30 31 94 
43  1 29 30 31 32 96 
43 42 41 33 79 
43 42 34 98 
43 35 122 
43 44 36 149 
43  1 48 47 46 45 37 167 
43  1 48 47 46 38 107 
43  1 48 47 39 86 
43  1 48 40 128 
43 42 41 93 
43 42 96 
43 44 154 
43  1 48 47 46 45 141 
43  1 48 47 46 116 
43  1 48 47 85 
43  1 48 133 
43 42 41 49 96 
43 51 50 87 
43 51 131 
43 51 52 175 
43  1 63 62 61 53 144 
43  1 63 62 54 100 
43  1 63 55 74 
43  1 48 56 128 
43 51 59 58 57 88 
43 51 59 58 99 
43 51 59 97 
43 51 59 60 121 
43  1 63 62 61 114 
43  1 63 62 92 
43  1 63 87 
43  1 63 64 135 
44 43  1 72 
44 43 42 41 33  2 103 
44 52 51  3 150 
44 52 51  3  4 175 
44 43 42 41 33  2  5 151 
44 43 42 41 33  2  5  6 140 
44 43 42 41 33  2  5  6  7 87 
44 43 42 41 33  2  8 108 
44 52 51  3 11 10  9 112 
44 52 51  3 11 10 94 
44 52 51  3 11 107 
44 52 51  3  4 12 164 
44 43  1 29 21 13 160 
44 43  1 29 21 13 14 105 
44 43  1 29 21 13 14 15 84 
44 43  1 29 21 13 14 15 16 138 
44 52 51  3 11 10 18 17 92 
44 52 51  3 11 10 18 86 
44 52 51  3 11 19 112 
44 52 51  3  4 12 20 156 
44 43  1 29 21 149 
44 43  1 29 30 22 97 
44 43  1 29 30 22 23 100 
44 43  1 29 30 31 32 24 128 
44 52 51  3 11 10 18 17 25 76 
44 52 51  3 11 19 27 26 88 
44 52 51  3 11 19 27 118 
44 52 51  3  4 12 20 28 146 
44 43  1 29 130 
44 43  1 29 30 107 
44 43  1 29 30 31 92 
44 43  1 29 30 31 32 130 
44 43 42 41 33 88 
44 43 42 34 97 
44 43 35 115 
44 36 183 
44 43  1 48 47 46 45 37 163 
44 43  1 48 47 46 38 95 
44 43  1 48 47 39 104 
44 43  1 48 40 116 
44 43 42 41 92 
44 43 42 79 
44 43 124 
44 43  1 48 47 46 45 153 
44 43  1 48 47 46 102 
44 43  1 48 47 74 
44 43  1 48 122 
44 43 42 50 49 81 
44 43 42 50 99 
44 52 51 124 
44 52 170 
44 43  1 63 62 61 53 132 
44 43  1 63 62 54 115 
44 43  1 63 55 100 
44 43  1 48 56 136 
44 43 42 50 49 57 129 
44 52 51 59 58 94 
44 52 51 59 134 
44 52 60 130 
44 43  1 63 62 61 112 
44 43  1 63 62 110 
44 43  1 63 88 
44 43  1 63 64 148 
45 46 47 48  1 69 
45 46 47 48  1  2 80 
45 46 47 48  1  2  3 122 
45 46 47 48  1  2  3  4 157 
45 46 47 48  1  2  5 166 
45 46 47 48  1  2  5  6 118 
45 46 47 48  1  2  5  6  7 95 
45 46 47 48  1  2  8 103 
45 46 47 48  1  9 90 
45 46 47 48  1  9 10 95 
45 46 47 48  1  9 10 11 111 
45 46 47 48  1  9 10 11 12 175 
45 46 47 48  1 29 21 13 158 
45 46 47 48  1 29 21 13 14 122 
45 46 47 48  1 29 21 13 14 15 78 
45 46 47 48  1 29 21 13 14 15 16 112 
45 46 47 48  1  9 17 92 
45 46 47 48  1  9 17 18 91 
45 46 47 48  1  9 17 18 19 127 
45 46 47 48  1  9 17 18 19 20 141 
45 46 47 48  1 29 21 124 
45 46 47 48  1 29 30 22 104 
45 46 47 48  1 29 30 31 23 86 
45 46 47 48  1 29 30 31 23 24 134 
45 46 47 48  1  9 17 25 81 
45 46 47 48  1  9 17 18 26 63 
45 46 47 48  1  9 17 18 26 27 127 
45 46 47 48  1  9 17 18 26 27 28 155 
45 46 47 48  1 29 142 
45 46 47 48  1 29 30 99 
45 46 47 48  1 29 30 31 77 
45 46 47 48  1 29 30 31 32 134 
45 46 47 48  1  2 33 86 
45 46 47 48  1 43 35 34 84 
45 46 47 48  1 43 35 142 
45 46 47 48  1 43 35 36 178 
45 37 132 
45 46 38 118 
45 46 47 39 79 
45 46 47 48 40 131 
45 46 47 48  1 43 42 41 94 
45 46 47 48  1 43 42 90 
45 46 47 48  1 43 140 
45 46 47 48  1 43 44 167 
45 46 116 
45 46 47 100 
45 46 47 48 127 
45 46 47 48  1 43 42 41 49 88 
45 46 47 48  1 43 42 50 82 
45 46 47 48  1 43 51 129 
45 46 47 48  1 43 51 52 184 
45 53 145 
45 53 54 97 
45 46 47 55 98 
45 46 47 55 56 131 
45 46 47 48  1 43 42 41 49 57 110 
45 46 47 48  1 43 42 50 58 92 
45 46 47 48  1 43 51 59 116 
45 46 47 48  1 43 51 59 60 124 
45 53 61 112 
45 53 61 62 100 
45 53 61 62 63 73 
45 46 47 55 56 64 145 
46 47 48  1 74 
46 47 48  1  2 90 
46 47 48  1  2  3 131 
46 47 48  1  2  3  4 186 
46 47 48  1  2  5 162 
46 47 48  1  2  5  6 108 
46 47 48  1  2  5  6  7 91 
46 47 48  1  2  5  6  7  8 101 
46 47 48  1  9 82 
46 47 48  1  9 10 73 
46 47 48  1  9 10 11 132 
46 47 48  1  9 10 11 12 178 
46 47 48  1 29 21 13 133 
46 47 48  1 29 21 13 14 114 
46 47 48  1 29 21 13 14 15 102 
46 47 48  1 29 21 13 14 15 16 120 
46 47 48  1  9 17 58 
46 47 48  1  9 17 18 90 
46 47 48  1  9 17 18 19 108 
46 47 48  1  9 17 18 19 20 133 
46 47 48  1 29 21 132 
46 47 48  1 29 30 22 111 
46 47 48  1 29 30 31 23 98 
46 47 48  1 29 30 31 23 24 122 
46 47 48  1  9 17 25 91 
46 47 48  1  9 17 18 26 81 
46 47 48  1  9 17 18 26 27 124 
46 47 48  1  9 17 18 26 27 28 180 
46 47 48  1 29 141 
46 47 48  1 29 30 107 
46 47 48  1 29 30 31 78 
46 47 48  1 29 30 31 32 128 
46 47 48  1  2 33 89 
46 47 48  1 43 35 34 84 
46 47 48  1 43 35 134 
46 47 48  1 43 35 36 157 
46 45 37 145 
46 38 116 
46 47 39 75 
46 47 48 40 119 
46 47 48  1 43 42 41 78 
46 47 48  1 43 42 75 
46 47 48  1 43 126 
46 47 48  1 43 44 168 
46 45 167 
46 47 86 
46 47 48 131 
46 47 48  1 43 42 41 49 104 
46 47 48  1 43 42 50 85 
46 47 48  1 43 51 106 
46 47 48  1 43 51 52 158 
46 54 53 142 
46 54 97 
46 54 55 95 
46 47 48 56 149 
46 47 48  1 43 42 41 49 57 115 
46 47 48  1 43 42 50 58 73 
46 47 48  1 43 51 59 114 
46 47 48  1 43 51 59 60 125 
46 54 62 61 127 
46 54 62 99 
46 54 62 63 78 
46 54 62 63 64 161 
47 48  1 75 
47 48  1  2 90 
47 48  1  2  3 133 
47 48  1  2  3  4 159 
47 48  1  2  5 170 
47 48  1  2  5  6 104 
47 48  1  2  5  6  7 92 
47 48  1  2  5  6  7  8 111 
47 48  1  9 90 
47 48  1  9 10 82 
47 48  1  9 10 11 137 
47 48  1  9 10 11 12 164 
47 48  1 29 21 13 141 
47 48  1 29 21 13 14 87 
47 48  1 29 30 31 23 15 83 
47 48  1 29 30 31 23 24 16 125 
47 48  1  9 17 109 
47 48  1  9 10 18 81 
47 48  1  9 10 11 19 112 
47 48  1  9 10 11 19 20 158 
47 48  1 29 21 132 
47 48  1 29 30 22 99 
47 48  1 29 30 31 23 92 
47 48  1 29 30 31 23 24 109 
47 48  1  9 17 25 81 
47 48  1  9 17 25 26 99 
47 48  1  9 17 25 26 27 111 
47 48  1  9 17 25 26 27 28 146 
47 48  1 29 124 
47 48  1 29 30 109 
47 48  1 29 30 31 108 
47 48  1 29 30 31 32 115 
47 48  1  2 33 95 
47 48  1 43 42 34 100 
47 48  1 43 35 117 
47 48  1 43 44 36 157 
47 46 45 37 149 
47 46 38 93 
47 39 82 
47 48 40 124 
47 48  1 43 42 41 90 
47 48  1 43 42 93 
47 48  1 43 121 
47 48  1 43 44 176 
47 46 45 155 
47 46 137 
47 48 137 
47 48  1 43 42 41 49 84 
47 48  1 43 51 50 77 
47 48  1 43 51 129 
47 48  1 43 51 52 156 
47 46 45 53 109 
47 55 54 94 
47 55 81 
47 55 56 116 
47 48  1 43 42 41 49 57 125 
47 48  1 43 51 50 58 96 
47 48  1 43 51 59 103 
47 48  1 43 51 59 60 112 
47 55 63 62 61 109 
47 55 63 62 103 
47 55 63 95 
47 55 63 64 138 
48  1 72 
48  1  2 95 
48  1  2  3 121 
48  1  2  3  4 201 
48  1  2  5 158 
48  1  2  5  6 117 
48  1  2  5  6  7 84 
48  1  2  5  6  7  8 108 
48  1  9 76 
48  1  9 10 83 
48  1  9 10 11 128 
48  1  9 10 11 12 155 
48  1 29 21 13 122 
48  1 29 21 13 14 129 
48  1 29 21 13 14 15 83 
48  1 29 30 31 23 24 16 112 
48  1  9 17 89 
48  1  9 17 18 94 
48  1  9 17 18 19 120 
48  1  9 17 18 19 20 149 
48  1 29 21 116 
48  1 29 30 22 99 
48  1 29 30 31 23 81 
48  1 29 30 31 23 24 105 
48  1  9 17 25 83 
48  1  9 17 18 26 95 
48  1  9 17 18 26 27 114 
48  1  9 17 18 26 27 28 177 
48  1 29 136 
48  1 29 30 103 
48  1 29 30 31 85 
48  1 29 30 31 32 116 
48  1  2 33 87 
48  1 43 42 34 91 
48  1 43 35 139 
48  1 43 35 36 163 
48 47 46 45 37 152 
48 47 46 38 110 
48 47 39 110 
48 40 142 
48  1 43 42 41 97 
48  1 43 42 91 
48  1 43 135 
48  1 43 44 171 
48 47 46 45 132 
48 47 46 98 
48 47 78 
48  1 43 42 41 49 76 
48  1 43 42 50 93 
48  1 43 51 131 
48  1 43 44 52 168 
48 47 46 54 53 147 
48 47 46 54 111 
48 56 55 91 
48 56 125 
48  1 43 42 41 49 57 120 
48  1 43 42 50 58 76 
48  1 43 51 59 113 
48  1 43 44 52 60 121 
48 47 46 54 53 61 130 
48 56 55 63 62 103 
48 56 55 63 69 
48 56 64 151 
49 50 51 43  1 79 
49 41 33  2 86 
49 50 51  3 127 
49 50 51  3  4 159 
49 41 33  2  5 161 
49 41 33  2  5  6 96 
49 41 33  2  5  6  7 90 
49 41 33  2  8 99 
49 50 51  3 11 10  9 81 
49 50 51  3 11 10 79 
49 50 51  3 11 121 
49 50 51  3  4 12 162 
49 41 33  2  5 13 139 
49 41 33  2  5  6 14 107 
49 41 33  2  5  6  7 15 83 
49 41 33  2  8 16 120 
49 50 51  3 11 10  9 17 92 
49 50 51  3 11 10 18 87 
49 50 51  3 11 19 127 
49 50 51  3  4 12 20 156 
49 41 33  2  5 13 21 125 
49 41 33  2  5  6 14 22 87 
49 41 33  2  5  6  7 15 23 91 
49 41 33  2  8 16 24 122 
49 50 51  3 11 19 27 26 25 74 
49 50 51  3 11 19 27 26 84 
49 50 51  3 11 19 27 113 
49 50 51  3  4 12 20 28 180 
49 50 51 43  1 29 127 
49 50 51 43  1 29 30 116 
49 50 51 43  1 29 30 31 104 
49 50 51 43  1 29 30 31 32 117 
49 41 33 90 
49 41 33 34 95 
49 50 51 43 35 115 
49 50 51 43 35 36 154 
49 41 33  2 37 125 
49 50 51 43  1 48 40 39 38 131 
49 50 51 43  1 48 40 39 102 
49 50 51 43  1 48 40 121 
49 41 87 
49 50 42 91 
49 50 51 43 126 
49 50 51 52 44 202 
49 50 51 43  1 63 62 54 46 45 160 
49 50 51 43  1 63 62 54 46 102 
49 50 51 43  1 48 47 92 
49 50 51 43  1 48 138 
49 50 88 
49 50 51 123 
49 50 51 52 158 
49 50 51 43  1 63 62 61 53 135 
49 50 51 43  1 63 62 54 129 
49 50 51 43  1 63 55 79 
49 50 51 43  1 48 56 132 
49 57 126 
49 57 58 75 
49 50 51 59 111 
49 50 51 59 60 147 
49 50 51 43  1 63 62 61 88 
49 50 51 43  1 63 62 105 
49 50 51 43  1 63 74 
49 50 51 43  1 63 64 140 
50 42 43  1 70 
50 42 34 33  2 82 
50 51  3 141 
50 51  3  4 181 
50 42 34 33  2  5 141 
50 42 34 33  2  5  6 110 
50 42 34 33  2  5  6  7 90 
50 42 34 33  2  8 123 
50 51  3 11 10  9 86 
50 51  3 11 10 87 
50 51  3 11 133 
50 51  3  4 12 155 
50 42 34 33  2  5 13 138 
50 42 34 33  2  5  6 14 119 
50 42 34 33  2  5  6  7 15 78 
50 42 34 33  2  5  6  7 15 16 111 
50 51  3 11 10 18 17 78 
50 51  3 11 10 18 105 
50 51  3 11 19 117 
50 51  3  4 12 20 148 
50 42 43  1 29 21 131 
50 42 43  1 29 30 22 109 
50 42 43  1 29 30 22 23 87 
50 42 43  1 29 30 31 32 24 129 
50 51  3 11 10 18 17 25 77 
50 51  3 11 19 27 26 105 
50 51  3 11 19 27 123 
50 51  3  4 12 20 28 138 
50 42 43  1 29 155 
50 42 43  1 29 30 112 
50 42 43  1 29 30 31 93 
50 42 43  1 29 30 31 32 121 
50 42 34 33 82 
50 42 34 77 
50 42 34 35 158 
50 51 52 44 36 201 
50 42 43  1 63 62 61 53 45 37 145 
50 42 43  1 48 40 39 38 108 
50 42 43  1 48 40 39 76 
50 42 43  1 48 40 138 
50 49 41 92 
50 42 96 
50 42 43 120 
50 51 52 44 148 
50 42 43  1 63 62 61 53 45 160 
50 42 43  1 63 62 54 46 118 
50 42 43  1 48 47 81 
50 42 43  1 48 142 
50 49 90 
50 51 136 
50 51 52 174 
50 42 43  1 63 62 61 53 132 
50 42 43  1 63 62 54 126 
50 42 43  1 63 55 98 
50 42 43  1 48 56 129 
50 58 57 108 
50 58 85 
50 58 59 97 
50 51 52 60 136 
50 42 43  1 63 62 61 125 
50 42 43  1 63 62 91 
50 42 43  1 63 82 
50 42 43  1 63 64 136 
51 43  1 73 
51  3  2 88 
51  3 134 
51  3  4 171 
51  3  2  5 166 
51  3  2  5  6 122 
51  3  2  5  6  7 85 
51  3  2  8 100 
51  3 11 10  9 94 
51  3 11 10 84 
51  3 11 95 
51  3  4 12 187 
51  3  2  5 13 128 
51  3  2  5 13 14 98 
51  3  2  5 13 14 15 72 
51  3  2  8 16 126 
51  3 11 10 18 17 75 
51  3 11 10 18 89 
51  3 11 19 104 
51  3  4 12 20 147 
51 43  1 29 21 126 
51 43  1 29 21 22 96 
51 43  1 29 30 31 23 87 
51 43  1 29 30 31 23 24 132 
51  3 11 10 18 26 25 75 
51  3 11 10 18 26 76 
51  3 11 19 27 111 
51  3  4 12 20 28 178 
51 43  1 29 148 
51 43  1 29 30 109 
51 43  1 29 30 31 80 
51 43  1 29 30 31 32 120 
51 50 49 41 33 87 
51 43 35 34 102 
51 43 35 132 
51 43 35 36 161 
51 43  1 48 40 39 38 37 143 
51 43  1 48 40 39 38 101 
51 43  1 48 40 39 93 
51 43  1 48 40 132 
51 50 49 41 86 
51 50 42 91 
51 43 126 
51 52 44 171 
51 43  1 63 62 61 53 45 132 
51 43  1 48 47 46 114 
51 43  1 48 47 79 
51 43  1 48 134 
51 50 49 96 
51 50 99 
51 52 146 
51 43  1 63 62 61 53 120 
51 43  1 63 62 54 118 
51 43  1 63 55 92 
51 43  1 48 56 126 
51 50 49 57 104 
51 59 58 84 
51 59 111 
51 59 60 118 
51 43  1 63 62 61 106 
51 43  1 63 62 102 
51 43  1 63 74 
51 43  1 63 64 137 
52 51 43  1 75 
52 51  3  2 86 
52 51  3 143 
52 51  3  4 146 
52 51  3  2  5 137 
52 51  3  2  5  6 116 
52 51  3  2  5  6  7 97 
52 51  3  2  8 99 
52 51  3 11 10  9 94 
52 51  3 11 10 112 
52 51  3 11 102 
52 51  3  4 12 157 
52 51  3  2  5 13 131 
52 51  3  2  5 13 14 108 
52 51  3  2  5  6  7 15 79 
52 51  3  2  5  6  7 15 16 126 
52 51  3 11 10 18 17 84 
52 51  3 11 10 18 89 
52 51  3 11 19 146 
52 51  3  4 12 20 155 
52 51 43  1 29 21 143 
52 51 43  1 29 21 22 103 
52 51 43  1 29 21 22 23 80 
52 51 43  1 29 21 22 23 24 118 
52 51  3 11 10 18 26 25 79 
52 51  3 11 10 18 26 85 
52 51  3 11 19 27 101 
52 51  3  4 12 20 28 160 
52 51 43  1 29 143 
52 51 43  1 29 30 96 
52 51 43  1 29 30 31 82 
52 51 43  1 29 30 31 32 139 
52 51 50 42 34 33 88 
52 51 50 42 34 75 
52 44 36 35 108 
52 44 36 164 
52 51 43  1 48 47 46 38 37 130 
52 51 43  1 48 47 46 38 124 
52 51 43  1 48 40 39 92 
52 51 43  1 48 40 120 
52 51 50 49 41 99 
52 51 50 42 79 
52 51 43 116 
52 44 136 
52 51 43  1 48 47 46 45 120 
52 51 43  1 48 47 46 120 
52 51 43  1 48 47 89 
52 51 43  1 48 125 
52 51 50 49 76 
52 51 50 80 
52 51 119 
52 51 43  1 63 62 61 53 142 
52 51 43  1 63 62 54 89 
52 51 43  1 63 55 86 
52 51 43  1 48 56 113 
52 51 50 58 57 113 
52 51 50 58 93 
52 60 59 128 
52 60 132 
52 51 43  1 63 62 61 120 
52 51 43  1 63 62 82 
52 51 43  1 63 94 
52 51 43  1 63 64 146 
53 54 55 63  1 77 
53 54 55 63  1  2 61 
53 54 55 63  1  2  3 133 
53 54 55 63  1  2  3  4 159 
53 54 55 63  1  2  5 154 
53 54 55 63  1  2  5  6 99 
53 54 55 63  1  2  5  6  7 86 
53 54 55 63  1  2  5  6  7  8 115 
53 54 55 63  1  9 103 
53 54 55 63  1  9 10 100 
53 54 55 63  1  9 10 11 128 
53 54 55 63  1  9 10 11 12 149 
53 54 55 63  1 29 21 13 154 
53 54 55 63  1 29 30 22 14 106 
53 54 55 63  1 29 30 22 14 15 77 
53 54 55 63  1 29 30 22 14 15 16 115 
53 54 55 63  1  9 17 102 
53 54 55 63  1  9 17 18 87 
53 54 55 63  1  9 17 18 19 102 
53 54 55 63  1  9 17 18 19 20 148 
53 54 55 63  1 29 21 136 
53 54 55 63  1 29 30 22 122 
53 54 55 63  1 29 30 31 23 79 
53 54 55 63  1 29 30 31 23 24 126 
53 54 55 63  1  9 17 25 96 
53 54 55 63  1  9 17 25 26 107 
53 54 55 63  1  9 17 18 19 27 117 
53 54 55 63  1  9 17 18 19 20 28 150 
53 54 55 63  1 29 156 
53 54 55 63  1 29 30 109 
53 54 55 63  1 29 30 31 93 
53 54 55 63  1 29 30 31 32 130 
53 54 55 63  1  2 33 74 
53 54 55 63  1 43 35 34 90 
53 54 55 63  1 43 35 140 
53 54 55 63  1 43 44 36 171 
53 45 37 135 
53 45 37 38 107 
53 54 55 47 39 90 
53 54 55 47 39 40 139 
53 54 55 63  1 43 42 41 86 
53 54 55 63  1 43 42 92 
53 54 55 63  1 43 131 
53 54 55 63  1 43 44 175 
53 45 149 
53 54 46 110 
53 54 55 47 85 
53 54 55 56 48 124 
53 54 55 63  1 43 42 41 49 93 
53 54 55 63  1 43 42 50 89 
53 54 55 63  1 43 51 132 
53 54 55 63  1 43 51 52 193 
53 54 111 
53 54 55 86 
53 54 55 56 129 
53 54 55 63  1 43 42 41 49 57 133 
53 54 55 63  1 43 42 50 58 88 
53 54 55 63  1 43 51 59 122 
53 54 55 63  1 43 51 59 60 91 
53 61 117 
53 61 62 103 
53 54 55 63 83 
53 54 55 63 64 182 
54 55 63  1 73 
54 55 63  1  2 84 
54 55 63  1  2  3 132 
54 55 63  1  2  3  4 171 
54 55 63  1  2  5 172 
54 55 63  1  2  5  6 108 
54 55 63  1  2  5  6  7 92 
54 55 63  1  2  8 87 
54 55 63  1  9 84 
54 55 63  1  9 10 94 
54 55 63  1  9 10 11 116 
54 55 63  1  9 10 11 12 149 
54 55 63  1 29 21 13 153 
54 55 63  1 29 21 13 14 84 
54 55 63  1 29 21 13 14 15 89 
54 55 63  1 29 21 13 14 15 16 111 
54 55 63  1  9 17 90 
54 55 63  1  9 17 18 85 
54 55 63  1  9 17 18 19 103 
54 55 63  1  9 17 18 19 20 147 
54 55 63  1 29 21 142 
54 55 63  1 29 21 22 89 
54 55 63  1 29 30 31 23 101 
54 55 63  1 29 30 31 23 24 116 
54 55 63  1  9 17 25 80 
54 55 63  1  9 17 18 26 86 
54 55 63  1  9 17 18 26 27 131 
54 55 63  1  9 17 18 26 27 28 180 
54 55 63  1 29 124 
54 55 63  1 29 30 95 
54 55 63  1 29 30 31 89 
54 55 63  1 29 30 31 32 105 
54 55 63  1  2 33 77 
54 55 63  1 43 35 34 84 
54 55 63  1 43 35 127 
54 55 63  1 43 44 36 167 
54 46 38 37 144 
54 46 38 120 
54 46 38 39 102 
54 55 56 48 40 118 
54 55 63  1 43 42 41 93 
54 55 63  1 43 42 90 
54 55 63  1 43 139 
54 55 63  1 43 44 186 
54 53 45 140 
54 46 118 
54 55 47 96 
54 55 56 48 142 
54 55 63  1 43 42 41 49 83 
54 55 63  1 43 42 50 74 
54 55 63  1 43 51 130 
54 55 63  1 43 51 52 161 
54 53 144 
54 55 95 
54 55 56 123 
54 55 63  1 43 42 41 49 57 119 
54 55 63  1 43 42 50 58 74 
54 55 63  1 43 51 59 85 
54 55 63  1 43 51 59 60 115 
54 62 61 113 
54 62 92 
54 55 63 87 
54 55 63 64 133 
55 63  1 80 
55 63  1  2 91 
55 63  1  2  3 129 
55 63  1  2  3  4 185 
55 63  1  2  5 152 
55 63  1  2  5  6 101 
55 63  1  2  5  6  7 94 
55 63  1  2  5  6  7  8 113 
55 63  1  9 86 
55 63  1  9 10 110 
55 63  1  9 10 11 127 
55 63  1  9 10 11 12 164 
55 63  1 29 21 13 142 
55 63  1 29 21 13 14 103 
55 63  1 29 21 13 14 15 93 
55 63  1 29 21 13 14 15 16 122 
55 63  1  9 17 82 
55 63  1  9 17 18 84 
55 63  1  9 17 18 19 117 
55 63  1  9 17 18 19 20 171 
55 63  1 29 21 161 
55 63  1 29 30 22 104 
55 63  1 29 30 31 23 92 
55 63  1 29 30 31 23 24 125 
55 63  1  9 17 25 83 
55 63  1  9 17 25 26 84 
55 63  1  9 17 18 19 27 130 
55 63  1  9 17 18 19 27 28 183 
55 63  1 29 129 
55 63  1 29 30 117 
55 63  1 29 30 31 95 
55 63  1 29 30 31 32 122 
55 63  1  2 33 79 
55 63  1 43 35 34 99 
55 63  1 43 35 109 
55 63  1 43 44 36 159 
55 54 53 45 37 137 
55 47 39 38 122 
55 47 39 100 
55 47 39 40 131 
55 63  1 43 42 41 87 
55 63  1 43 42 98 
55 63  1 43 118 
55 63  1 43 44 202 
55 54 53 45 155 
55 54 46 105 
55 47 102 
55 56 48 144 
55 63  1 43 42 41 49 76 
55 63  1 43 42 50 133 
55 63  1 43 51 109 
55 63  1 43 44 52 166 
55 54 53 125 
55 54 122 
55 56 133 
55 63  1 43 42 41 49 57 107 
55 63  1 43 42 50 58 85 
55 63  1 43 51 59 118 
55 63  1 43 44 52 60 137 
55 54 53 61 116 
55 63 62 99 
55 63 81 
55 63 64 139 
56 48  1 71 
56 48  1  2 93 
56 48  1  2  3 124 
56 48  1  2  3  4 200 
56 48  1  2  5 159 
56 48  1  2  5  6 114 
56 48  1  2  5  6  7 91 
56 48  1  2  5  6  7  8 112 
56 48  1  9 104 
56 48  1  9 10 84 
56 48  1  9 10 11 129 
56 48  1  9 10 11 12 164 
56 48  1 29 21 13 129 
56 48  1 29 30 22 14 104 
56 48  1 29 30 22 14 15 80 
56 48  1 29 30 31 23 24 16 136 
56 48  1  9 17 82 
56 48  1  9 17 18 86 
56 48  1  9 17 18 19 111 
56 48  1  9 17 18 19 20 161 
56 48  1 29 21 146 
56 48  1 29 30 22 99 
56 48  1 29 30 31 23 102 
56 48  1 29 30 31 23 24 122 
56 48  1  9 17 25 97 
56 48  1  9 17 25 26 95 
56 48  1  9 17 18 19 27 136 
56 48  1  9 17 18 19 27 28 148 
56 48  1 29 126 
56 48  1 29 30 122 
56 48  1 29 30 31 85 
56 48  1 29 30 31 32 124 
56 48  1  2 33 96 
56 48  1 43 35 34 83 
56 48  1 43 35 123 
56 48  1 43 44 36 175 
56 55 54 46 38 37 146 
56 55 54 46 38 103 
56 48 40 39 87 
56 48 40 126 
56 48  1 43 42 41 94 
56 48  1 43 42 81 
56 48  1 43 124 
56 48  1 43 44 184 
56 55 54 53 45 145 
56 55 54 46 110 
56 55 47 97 
56 48 140 
56 48  1 43 42 41 49 88 
56 48  1 43 42 50 87 
56 48  1 43 51 125 
56 48  1 43 51 52 170 
56 55 54 53 140 
56 55 54 96 
56 55 98 
56 48  1 43 42 41 49 57 94 
56 48  1 43 42 50 58 95 
56 48  1 43 51 59 117 
56 48  1 43 51 59 60 122 
56 55 54 62 61 125 
56 55 54 62 88 
56 64 63 81 
56 64 135 
57 58 59 51 43  1 67 
57 49 41 33  2 92 
57 58 59 51  3 121 
57 58 59 51  3  4 164 
57 49 41 33  2  5 157 
57 49 41 33  2  5  6 97 
57 49 41 33  2  5  6  7 100 
57 49 41 33  2  8 92 
57 58 59 51  3 11 10  9 98 
57 58 59 51  3 11 10 80 
57 58 59 51  3 11 148 
57 58 59 51  3  4 12 140 
57 49 41 33  2  5 13 146 
57 49 41 33  2  5  6 14 89 
57 49 41 33  2  5  6  7 15 95 
57 49 41 33  2  5  6  7 15 16 129 
57 58 59 51  3 11 10  9 17 97 
57 58 59 51  3 11 10 18 86 
57 58 59 51  3 11 19 110 
57 58 59 51  3  4 12 20 162 
57 49 41 33  2  5 13 21 127 
57 49 41 33  2  5  6 14 22 117 
57 49 41 33  2  5  6  7 15 23 84 
57 49 41 33  2  5  6  7 15 23 24 112 
57 58 59 51  3 11 10 18 26 25 78 
57 58 59 51  3 11 10 18 26 81 
57 58 59 51  3 11 19 27 107 
57 58 59 51  3  4 12 20 28 135 
57 58 59 51 43  1 29 114 
57 58 59 51 43  1 29 30 120 
57 58 59 51 43  1 29 30 31 80 
57 58 59 51 43  1 29 30 31 32 138 
57 49 41 33 98 
57 49 41 42 34 90 
57 49 41 42 34 35 126 
57 58 59 51 43 44 36 162 
57 49 41 33  2 37 144 
57 58 59 51 43  1 48 40 39 38 110 
57 58 59 51 43  1 48 40 39 76 
57 58 59 51 43  1 48 40 128 
57 49 41 99 
57 49 41 42 89 
57 58 59 51 43 120 
57 58 59 51 43 44 156 
57 58 59 51 43  1 63 62 61 53 45 165 
57 58 59 51 43  1 63 62 54 46 123 
57 58 59 51 43  1 48 47 73 
57 58 59 51 43  1 48 106 
57 49 94 
57 58 50 98 
57 58 59 51 109 
57 58 59 60 52 154 
57 58 59 51 43  1 63 62 61 53 152 
57 58 59 51 43  1 63 62 54 111 
57 58 59 51 43  1 63 55 76 
57 58 59 51 43  1 48 56 140 
57 58 82 
57 58 59 116 
57 58 59 60 165 
57 58 59 51 43  1 63 62 61 99 
57 58 59 51 43  1 63 62 74 
57 58 59 51 43  1 63 89 
57 58 59 51 43  1 63 64 129 
58 50 42 43  1 57 
58 59 51  3  2 93 
58 59 51  3 161 
58 59 51  3  4 185 
58 59 51  3  2  5 143 
58 59 51  3  2  5  6 114 
58 59 51  3  2  5  6  7 84 
58 59 51  3  2  8 110 
58 59 51  3 11 10  9 97 
58 59 51  3 11 10 94 
58 59 51  3 11 118 
58 59 51  3  4 12 148 
58 59 51  3  2  5 13 127 
58 59 51  3  2  5  6 14 84 
58 59 51  3  2  5  6  7 15 80 
58 59 51  3  2  5  6  7 15 16 124 
58 59 51  3 11 10  9 17 88 
58 59 51  3 11 10 18 92 
58 59 51  3 11 19 127 
58 59 51  3  4 12 20 164 
58 50 42 43  1 29 21 148 
58 50 42 43  1 29 21 22 104 
58 50 42 43  1 29 21 22 23 79 
58 50 42 43  1 29 21 22 23 24 121 
58 59 51  3 11 10 18 26 25 81 
58 59 51  3 11 10 18 26 79 
58 59 51  3 11 19 27 121 
58 59 51  3  4 12 20 28 155 
58 50 42 43  1 29 115 
58 50 42 43  1 29 30 98 
58 50 42 43  1 29 30 31 84 
58 50 42 43  1 29 30 31 32 115 
58 50 42 41 33 90 
58 50 42 34 84 
58 50 42 43 35 114 
58 50 42 43 35 36 169 
58 50 42 43  1 48 47 46 45 37 159 
58 50 42 43  1 48 47 39 38 101 
58 50 42 43  1 48 47 39 86 
58 50 42 43  1 48 40 124 
58 50 42 41 92 
58 50 42 101 
58 50 42 43 119 
58 59 60 52 44 157 
58 50 42 43  1 48 47 46 45 146 
58 50 42 43  1 48 47 46 97 
58 50 42 43  1 48 47 84 
58 50 42 43  1 48 121 
58 57 49 94 
58 50 106 
58 59 51 151 
58 59 60 52 154 
58 50 42 43  1 63 62 54 53 156 
58 50 42 43  1 63 62 54 111 
58 50 42 43  1 63 55 81 
58 50 42 43  1 48 56 115 
58 57 115 
58 59 111 
58 59 60 120 
58 50 42 43  1 63 62 61 116 
58 50 42 43  1 63 62 76 
58 50 42 43  1 63 81 
58 50 42 43  1 63 64 137 
59 51 43  1 67 
59 51  3  2 77 
59 51  3 142 
59 51  3  4 164 
59 51  3  2  5 156 
59 51  3  2  5  6 98 
59 51  3  2  5  6  7 82 
59 51  3  2  8 110 
59 51  3 11 10  9 76 
59 51  3 11 10 98 
59 51  3 11 140 
59 51  3  4 12 148 
59 51  3  2  5 13 115 
59 51  3  2  5  6 14 113 
59 51  3  2  5  6  7 15 85 
59 51  3  2  8 16 113 
59 51  3 11 19 18 17 81 
59 51  3 11 19 18 92 
59 51  3 11 19 115 
59 51  3  4 12 20 168 
59 51 43  1 29 21 113 
59 51 43  1 29 30 22 103 
59 51  3  2  5  6  7 15 23 98 
59 51  3  2  8 16 24 127 
59 51  3 11 19 18 17 25 92 
59 51  3 11 19 27 26 93 
59 51  3 11 19 27 118 
59 51  3  4 12 20 28 148 
59 51 43  1 29 132 
59 51 43  1 29 30 122 
59 51 43  1 29 30 31 90 
59 51 43  1 29 30 31 32 126 
59 51 43 42 34 33 100 
59 51 43 42 34 93 
59 51 43 35 152 
59 51 43 44 36 173 
59 51 43  1 48 40 39 38 37 136 
59 51 43  1 48 40 39 38 113 
59 51 43  1 48 40 39 107 
59 51 43  1 48 40 130 
59 58 57 49 41 95 
59 51 43 42 94 
59 51 43 123 
59 51 43 44 215 
59 51 43  1 48 47 46 45 126 
59 51 43  1 48 47 46 121 
59 51 43  1 48 47 65 
59 51 43  1 48 128 
59 58 57 49 102 
59 58 50 78 
59 51 112 
59 60 52 155 
59 51 43  1 63 55 54 53 132 
59 51 43  1 63 55 54 116 
59 51 43  1 63 55 92 
59 51 43  1 48 56 131 
59 58 57 103 
59 58 92 
59 60 122 
59 51 43  1 63 62 61 137 
59 51 43  1 63 62 99 
59 51 43  1 63 77 
59 51 43  1 63 64 121 
60 52 44 43  1 79 
60 59 51  3  2 90 
60 59 51  3 153 
60 59 51  3  4 174 
60 59 51  3  2  5 147 
60 59 51  3  2  5  6 104 
60 59 51  3  2  5  6  7 99 
60 59 51  3  2  8 121 
60 59 51  3 11 10  9 87 
60 59 51  3 11 10 101 
60 59 51  3 11 130 
60 59 51  3  4 12 161 
60 59 51  3  2  5 13 148 
60 59 51  3  2  5 13 14 106 
60 59 51  3  2  5  6  7 15 91 
60 59 51  3  2  8 16 121 
60 59 51  3 11 19 18 17 86 
60 59 51  3 11 19 18 92 
60 59 51  3 11 19 107 
60 59 51  3  4 12 20 144 
60 52 44 43  1 29 21 144 
60 59 51  3  2  5 13 14 22 107 
60 59 51  3  2  5 13 14 22 23 97 
60 59 51  3  2  8 16 24 119 
60 59 51  3 11 19 27 26 25 105 
60 59 51  3 11 19 27 26 102 
60 59 51  3 11 19 27 108 
60 59 51  3  4 12 20 28 140 
60 52 44 43  1 29 128 
60 52 44 43  1 29 30 108 
60 52 44 43  1 29 30 31 93 
60 52 44 43  1 29 30 31 32 127 
60 59 58 50 42 41 33 114 
60 52 44 43 35 34 81 
60 52 44 43 35 119 
60 52 44 36 173 
60 52 44 43  1 48 47 46 38 37 144 
60 52 44 43  1 48 47 46 38 104 
60 52 44 43  1 48 40 39 95 
60 52 44 43  1 48 40 142 
60 59 58 50 42 41 74 
60 59 58 50 42 92 
60 52 44 43 117 
60 52 44 174 
60 52 44 43  1 48 47 46 45 132 
60 52 44 43  1 48 47 46 109 
60 52 44 43  1 48 47 79 
60 52 44 43  1 48 109 
60 59 58 57 49 106 
60 59 58 50 93 
60 59 51 128 
60 52 142 
60 52 44 43  1 63 62 54 53 148 
60 52 44 43  1 63 62 54 140 
60 52 44 43  1 63 55 95 
60 52 44 43  1 48 56 135 
60 59 58 57 117 
60 59 58 82 
60 59 100 
60 52 44 43  1 63 62 61 107 
60 52 44 43  1 63 62 84 
60 52 44 43  1 63 92 
60 52 44 43  1 63 64 149 
61 62 63  1 76 
61 62 63  1  2 84 
61 62 63  1  2  3 136 
61 62 63  1  2  3  4 187 
61 62 63  1  2  5 178 
61 62 63  1  2  5  6 114 
61 62 63  1  2  5  6  7 74 
61 62 63  1  2  5  6  7  8 105 
61 62 63  1  9 104 
61 62 63  1  9 10 92 
61 62 63  1  9 10 11 125 
61 62 63  1  2  3  4 12 153 
61 62 63  1 29 21 13 131 
61 62 63  1 29 21 13 14 114 
61 62 63  1 29 21 13 14 15 87 
61 62 63  1 29 21 13 14 15 16 120 
61 62 63  1  9 17 103 
61 62 63  1  9 10 18 75 
61 62 63  1  9 10 11 19 104 
61 62 63  1  2  3  4 12 20 153 
61 62 63  1 29 21 137 
61 62 63  1 29 30 22 110 
61 62 63  1 29 30 22 23 77 
61 62 63  1 29 30 22 23 24 132 
61 62 63  1  9 17 25 93 
61 62 63  1  9 10 18 26 74 
61 62 63  1  9 10 18 26 27 129 
61 62 63  1  2  3  4 12 20 28 155 
61 62 63  1 29 148 
61 62 63  1 29 30 104 
61 62 63  1 29 30 31 79 
61 62 63  1 29 30 31 32 122 
61 62 63  1  2 33 87 
61 62 63  1 43 42 34 80 
61 62 63  1 43 35 147 
61 62 63  1 43 35 36 170 
61 53 45 37 140 
61 53 45 46 38 99 
61 53 45 46 38 39 77 
61 62 63 55 47 48 40 134 
61 62 63  1 43 42 41 88 
61 62 63  1 43 42 86 
61 62 63  1 43 118 
61 62 63  1 43 44 171 
61 53 45 150 
61 53 45 46 98 
61 62 63 55 47 75 
61 62 63 55 47 48 132 
61 62 63  1 43 42 41 49 92 
61 62 63  1 43 42 50 84 
61 62 63  1 43 51 122 
61 62 63  1 43 51 52 122 
61 53 143 
61 62 54 115 
61 62 63 55 81 
61 62 63 64 56 140 
61 62 63  1 43 42 41 49 57 107 
61 62 63  1 43 42 50 58 83 
61 62 63  1 43 51 59 111 
61 62 63  1 43 51 59 60 136 
61 62 91 
61 62 63 76 
61 62 63 64 152 
62 63  1 66 
62 63  1  2 95 
62 63  1  2  3 135 
62 63  1  2  3  4 173 
62 63  1  2  5 161 
62 63  1  2  5  6 124 
62 63  1  2  5  6  7 92 
62 63  1  2  8 92 
62 63  1  9 92 
62 63  1  9 10 83 
62 63  1  9 10 11 112 
62 63  1  2  3  4 12 174 
62 63  1 29 21 13 135 
62 63  1 29 21 13 14 110 
62 63  1 29 21 13 14 15 93 
62 63  1 29 30 22 23 24 16 124 
62 63  1  9 17 86 
62 63  1  9 17 18 76 
62 63  1  9 17 18 19 115 
62 63  1  9 17 18 19 20 139 
62 63  1 29 21 137 
62 63  1 29 30 22 99 
62 63  1 29 30 22 23 90 
62 63  1 29 30 22 23 24 108 
62 63  1  9 17 25 88 
62 63  1  9 17 18 26 84 
62 63  1  9 17 18 19 27 128 
62 63  1  9 17 18 19 27 28 157 
62 63  1 29 128 
62 63  1 29 30 96 
62 63  1 29 30 31 94 
62 63  1 29 30 31 32 127 
62 63  1  2 33 93 
62 63  1 43 35 34 88 
62 63  1 43 35 121 
62 63  1 43 44 36 156 
62 54 46 45 37 149 
62 54 46 38 118 
62 54 46 47 39 87 
62 54 46 47 39 40 143 
62 63  1 43 42 41 79 
62 63  1 43 42 94 
62 63  1 43 133 
62 63  1 43 44 170 
62 54 46 45 160 
62 54 46 104 
62 54 46 47 92 
62 63 64 56 48 111 
62 63  1 43 42 41 49 82 
62 63  1 43 42 50 82 
62 63  1 43 51 116 
62 63  1 43 51 52 135 
62 61 53 118 
62 54 109 
62 54 55 103 
62 63 64 56 152 
62 63  1 43 42 41 49 57 107 
62 63  1 43 42 50 58 100 
62 63  1 43 51 59 109 
62 63  1 43 51 59 60 124 
62 61 123 
62 63 92 
62 63 64 149 
63  1 72 
63  1  2 75 
63  1  2  3 125 
63  1  2  3  4 172 
63  1  2  5 141 
63  1  2  5  6 132 
63  1  2  5  6  7 82 
63  1  2  5  6  7  8 111 
63  1  9 94 
63  1  9 10 75 
63  1  9 10 11 118 
63  1  2  3  4 12 174 
63  1 29 21 13 145 
63  1 29 21 13 14 119 
63  1 29 21 13 14 15 93 
63  1 29 21 13 14 15 16 112 
63  1  9 17 80 
63  1  9 17 18 91 
63  1  9 17 18 19 128 
63  1  9 17 18 19 20 164 
63  1 29 21 143 
63  1 29 30 22 79 
63  1 29 30 31 23 98 
63  1 29 30 31 23 24 123 
63  1  9 17 25 83 
63  1  9 17 18 26 76 
63  1  9 17 18 26 27 115 
63  1  9 17 18 26 27 28 157 
63  1 29 143 
63  1 29 30 103 
63  1 29 30 31 102 
63  1 29 30 31 32 108 
63  1  2 33 90 
63  1 43 35 34 90 
63  1 43 35 124 
63  1 43 35 36 173 
63 55 54 46 38 37 143 
63 55 54 46 38 115 
63 55 47 39 82 
63 55 47 48 40 129 
63  1 43 42 41 95 
63  1 43 42 103 
63  1 43 111 
63  1 43 44 167 
63 62 61 53 45 122 
63 55 54 46 120 
63 55 47 83 
63 55 47 48 124 
63  1 43 42 41 49 86 
63  1 43 42 50 74 
63  1 43 51 123 
63  1 43 51 52 146 
63 62 61 53 148 
63 55 54 100 
63 55 97 
63 55 56 131 
63  1 43 42 41 49 57 109 
63  1 43 42 50 58 84 
63  1 43 51 59 100 
63  1 43 51 59 60 129 
63 62 61 110 
63 62 97 
63 64 138 
64 63  1 92 
64 63  1  2 80 
64 63  1  2  3 129 
64 63  1  2  3  4 183 
64 63  1  2  5 159 
64 63  1  2  5  6 99 
64 63  1  2  5  6  7 94 
64 63  1  2  5  6  7  8 119 
64 63  1  9 86 
64 63  1  9 10 91 
64 63  1  9 10 11 135 
64 63  1  2  3  4 12 148 
64 63  1 29 21 13 129 
64 63  1 29 30 22 14 98 
64 63  1 29 30 22 14 15 86 
64 63  1 29 30 31 23 24 16 134 
64 63  1  9 17 82 
64 63  1  9 17 18 86 
64 63  1  9 17 18 19 125 
64 63  1  9 17 18 19 20 153 
64 63  1 29 21 106 
64 63  1 29 30 22 116 
64 63  1 29 30 31 23 85 
64 63  1 29 30 31 23 24 111 
64 63  1  9 17 25 84 
64 63  1  9 17 18 26 98 
64 63  1  9 17 18 26 27 118 
64 63  1  9 17 18 26 27 28 135 
64 63  1 29 143 
64 63  1 29 30 99 
64 63  1 29 30 31 100 
64 63  1 29 30 31 32 124 
64 63  1  2 33 97 
64 63  1 43 42 34 64 
64 63  1 43 35 149 
64 63  1 43 35 36 171 
64 63 55 54 46 45 37 163 
64 56 48 47 39 38 108 
64 56 48 47 39 82 
64 56 48 40 132 
64 63  1 43 42 41 82 
64 63  1 43 42 90 
64 63  1 43 142 
64 63  1 43 44 145 
64 63 55 54 46 45 145 
64 63 55 54 46 90 
64 56 48 47 90 
64 56 48 112 
64 63  1 43 42 41 49 80 
64 63  1 43 42 50 92 
64 63  1 43 51 135 
64 63  1 43 51 52 168 
64 63 62 61 53 131 
64 63 55 54 128 
64 63 55 73 
64 56 125 
64 63  1 43 42 41 49 57 115 
64 63  1 43 42 50 58 81 
64 63  1 43 51 59 100 
64 63  1 43 51 59 60 127 
64 63 62 61 115 
64 63 62 86 
64 63 85 
