 1  2 66 
 1  2  3 164 
 1  2  3  4 204 
 1  2  5 178 
 1  2  5  6 131 
 1  2  5  6  7 60 
 1  2  5  6  7  8 87 
 1  9 80 
 1  9 10 74 
 1  9 10 11 138 
 1  9 10 11 12 182 
 1 29 21 13 152 
 1 29 21 13 14 107 
 1 29 21 13 14 15 74 
 1 29 21 13 14 15 16 132 
 1  9 17 78 
 1  9 10 18 78 
 1  9 10 11 19 146 
 1  9 10 11 12 20 172 
 1 29 21 163 
 1 29 21 22 115 
 1 29 21 22 23 68 
 1 29 21 22 23 24 114 
 1  9 17 25 60 
 1  9 10 18 26 68 
 1  9 10 11 19 27 152 
 1  9 10 11 12 20 28 198 
 1 29 150 
 1 29 30 107 
 1 29 30 31 67 
 1 29 30 31 32 133 
 1  2 33 77 
 1  2 33 34 70 
 1 43 35 182 
 1 43 35 36 169 
 1 63 62 61 53 45 37 170 
 1 48 40 39 38 104 
 1 48 40 39 80 
 1 48 40 106 
 1  2 33 41 68 
 1 43 42 71 
 1 43 161 
 1 43 44 191 
 1 63 62 61 53 45 154 
 1 48 47 46 109 
 1 48 47 64 
 1 48 146 
 1  2 33 41 49 60 
 1 43 42 50 55 
 1 43 51 148 
 1 43 44 52 198 
 1 63 62 61 53 126 
 1 63 62 54 93 
 1 63 55 64 
 1 48 56 126 
 1  2 33 41 49 57 96 
 1 43 42 50 58 90 
 1 43 51 59 114 
 1 43 44 52 60 133 
 1 63 62 61 116 
 1 63 62 77 
 1 63 55 
 1 63 64 192 
 2  1 52 
 2  3 160 
 2  3  4 173 
 2  5 171 
 2  5  6 119 
 2  5  6  7 66 
 2  8 113 
 2 10  9 78 
 2 10 55 
 2  3 11 139 
 2  3 11 12 179 
 2  5 13 175 
 2  5 13 14 101 
 2  5 13 14 15 74 
 2  8 16 106 
 2 10 18 17 73 
 2 10 18 73 
 2  3 11 19 128 
 2  3 11 12 20 167 
 2  5 13 21 160 
 2  5 13 14 22 122 
 2  5 13 14 22 23 69 
 2  8 16 24 137 
 2 10 18 26 25 79 
 2 10 18 26 74 
 2  3 11 19 27 155 
 2  3 11 12 20 28 201 
 2  1 29 174 
 2  1 29 30 99 
 2  1 29 30 31 80 
 2  1 29 30 31 32 131 
 2 33 80 
 2 33 34 71 
 2 33 34 35 147 
 2 33 34 35 36 201 
 2 37 149 
 2 37 38 107 
 2  1 48 40 39 58 
 2  1 48 40 141 
 2 33 41 67 
 2 33 34 42 81 
 2 33 34 35 43 153 
 2 33 34 35 43 44 177 
 2 37 45 164 
 2  1 48 47 46 112 
 2  1 48 47 83 
 2  1 48 127 
 2 33 41 49 63 
 2 33 34 42 50 75 
 2  3 51 137 
 2  3 51 52 213 
 2  1 63 62 61 53 156 
 2  1 63 55 54 105 
 2  1 63 55 81 
 2  1 48 56 140 
 2 33 41 49 57 121 
 2 33 34 42 50 58 78 
 2  3 51 59 114 
 2  3 51 52 60 143 
 2  1 63 62 61 119 
 2  1 63 62 89 
 2  1 63 52 
 2  1 63 64 211 
 3  2  1 51 
 3  2 66 
 3  4 194 
 3  2  5 168 
 3  2  5  6 123 
 3  2  5  6  7 69 
 3  2  5  6  7  8 100 
 3 11 10  9 76 
 3 11 10 62 
 3 11 153 
 3 11 12 204 
 3  2  5 13 158 
 3  2  5 13 14 104 
 3  2  5  6  7 15 74 
 3  2  5  6  7  8 16 118 
 3 11 10  9 17 67 
 3 11 10 18 85 
 3 11 19 127 
 3 11 12 20 174 
 3  2  5 13 21 170 
 3  2  5 13 21 22 98 
 3  2  5  6  7 15 23 61 
 3  2  5  6  7 15 23 24 141 
 3 11 10  9 17 25 68 
 3 11 10 18 26 55 
 3 11 19 27 152 
 3 11 12 20 28 169 
 3  2  1 29 156 
 3  2  1 29 30 98 
 3  2  1 29 30 31 75 
 3  2  1 29 30 31 32 139 
 3 51 50 49 41 33 81 
 3 51 50 42 34 70 
 3 51 43 35 143 
 3 51 52 44 36 198 
 3  2 37 160 
 3  2 37 38 96 
 3  2  1 48 40 39 66 
 3  2  1 48 40 123 
 3 51 50 49 41 74 
 3 51 50 42 90 
 3 51 43 147 
 3 51 52 44 194 
 3  2 37 45 158 
 3  2  1 48 47 46 125 
 3  2  1 48 47 68 
 3  2  1 48 148 
 3 51 50 49 74 
 3 51 50 71 
 3 51 142 
 3 51 52 200 
 3  2  1 63 62 61 53 156 
 3  2  1 63 62 54 101 
 3  2  1 63 55 73 
 3  2  1 48 56 120 
 3 51 50 49 57 115 
 3 51 59 58 72 
 3 51 59 105 
 3 51 59 60 172 
 3  2  1 63 62 61 138 
 3  2  1 63 62 69 
 3  2  1 63 60 
 3  2  1 63 64 162 
 4  3  2  1 52 
 4  3  2 61 
 4  3 149 
 4  3  2  5 160 
 4  3  2  5  6 129 
 4  3  2  5  6  7 76 
 4  3  2  5  6  7  8 109 
 4 12 11 10  9 73 
 4 12 11 10 68 
 4 12 11 148 
 4 12 189 
 4  3  2  5 13 146 
 4  3  2  5 13 14 82 
 4  3  2  5  6  7 15 63 
 4  3  2  5  6  7  8 16 128 
 4 12 11 10  9 17 90 
 4 12 20 19 18 68 
 4 12 20 19 114 
 4 12 20 196 
 4  3  2  5 13 21 158 
 4  3  2  5 13 21 22 114 
 4  3  2  5  6  7 15 23 65 
 4  3  2  5  6  7  8 16 24 134 
 4 12 20 19 18 26 25 62 
 4 12 20 19 18 26 71 
 4 12 20 28 27 153 
 4 12 20 28 205 
 4  3  2  1 29 178 
 4  3  2  1 29 30 115 
 4  3  2  1 29 30 31 65 
 4  3  2  1 29 30 31 32 125 
 4  3 51 50 42 41 33 82 
 4  3 51 50 42 34 71 
 4  3 51 43 35 151 
 4  3 51 52 44 36 205 
 4  3  2 37 181 
 4  3  2 37 38 116 
 4  3  2  1 48 40 39 64 
 4  3  2  1 48 40 134 
 4  3 51 50 42 41 65 
 4  3 51 50 42 80 
 4  3 51 43 136 
 4  3 51 52 44 184 
 4  3  2 37 45 159 
 4  3  2  1 48 47 46 116 
 4  3  2  1 48 47 75 
 4  3  2  1 48 127 
 4  3 51 50 49 63 
 4  3 51 50 72 
 4  3 51 165 
 4  3 51 52 218 
 4  3  2  1 63 62 54 53 162 
 4  3  2  1 63 62 54 109 
 4  3  2  1 63 55 65 
 4  3  2  1 48 56 120 
 4  3 51 59 58 57 122 
 4  3 51 59 58 83 
 4  3 51 59 102 
 4  3 51 59 60 141 
 4  3  2  1 63 62 61 116 
 4  3  2  1 63 62 87 
 4  3  2  1 63 55 
 4  3  2  1 63 64 184 
 5  2  1 42 
 5  2 99 
 5  2  3 159 
 5  2  3  4 202 
 5  6 125 
 5  6  7 70 
 5  6  7  8 101 
 5  2 10  9 74 
 5  2 10 71 
 5  2  3 11 142 
 5  2  3 11 12 172 
 5 13 174 
 5 13 14 96 
 5 13 14 15 60 
 5 13 14 15 16 120 
 5  2 10 18 17 60 
 5  2 10 18 85 
 5  2  3 11 19 133 
 5  2  3 11 19 20 215 
 5 13 21 181 
 5 13 21 22 104 
 5 13 21 22 23 56 
 5 13 14 15 16 24 139 
 5  2 10 18 26 25 69 
 5  2 10 18 26 46 
 5  2  3 11 19 27 144 
 5  2  3 11 19 27 28 179 
 5 13 21 29 166 
 5 13 21 22 30 95 
 5 13 21 22 23 31 70 
 5 13 21 22 23 31 32 125 
 5  2 33 62 
 5  2 33 34 68 
 5  2 33 34 35 160 
 5  2 33 34 35 36 190 
 5  2 37 169 
 5  2 37 38 98 
 5  2  1 63 55 47 39 67 
 5  2  1 48 40 124 
 5  2 33 41 73 
 5  2 33 41 42 52 
 5  2 33 34 35 43 157 
 5  2 33 34 35 43 44 171 
 5  2 37 45 161 
 5  2  1 63 62 54 46 105 
 5  2  1 63 55 47 75 
 5  2  1 48 149 
 5  2 33 41 49 65 
 5  2 33 41 42 50 76 
 5  2  3 51 118 
 5  2 33 34 35 43 44 52 194 
 5  2  1 63 62 61 53 136 
 5  2  1 63 62 54 88 
 5  2  1 63 55 69 
 5  2  1 63 55 56 115 
 5  2 33 41 49 57 115 
 5  2 33 41 42 50 58 67 
 5  2  3 51 59 123 
 5  2  3 51 59 60 138 
 5  2  1 63 62 61 106 
 5  2  1 63 62 80 
 5  2  1 63 53 
 5  2  1 63 64 214 
 6  5  2  1 35 
 6  5  2 65 
 6  5  2  3 129 
 6  5  2  3  4 184 
 6  5 151 
 6  7 80 
 6  7  8 106 
 6  5  2 10  9 74 
 6  5  2 10 68 
 6  5  2 10 11 156 
 6  5  2 10 11 12 180 
 6 14 13 179 
 6 14 90 
 6 14 15 77 
 6  7  8 16 111 
 6  5  2 10  9 17 83 
 6  5  2 10 18 76 
 6  5  2 10 11 19 129 
 6  5  2 10 11 12 20 164 
 6 14 22 21 156 
 6 14 22 86 
 6 14 22 23 76 
 6 14 22 23 24 147 
 6  5  2 10 18 26 25 73 
 6  5  2 10 18 26 77 
 6  5  2 10 11 19 27 146 
 6  5  2 10 11 19 27 28 212 
 6 14 22 21 29 162 
 6 14 22 30 116 
 6 14 22 30 31 79 
 6 14 22 23 24 32 123 
 6  5  2 33 62 
 6  5  2 33 34 56 
 6  5  2 33 34 35 139 
 6  5  2 33 34 35 36 208 
 6  5  2 37 154 
 6  5  2 37 38 99 
 6  5  2  1 48 40 39 55 
 6  5  2  1 48 40 124 
 6  5  2 33 41 72 
 6  5  2 33 34 42 65 
 6  5  2 33 34 35 43 143 
 6  5  2 33 34 35 43 44 177 
 6  5  2 37 45 158 
 6  5  2  1 48 47 46 101 
 6  5  2  1 48 47 73 
 6  5  2  1 48 138 
 6  5  2 33 41 49 62 
 6  5  2 33 34 42 50 73 
 6  5  2  3 51 136 
 6  5  2 33 34 35 43 44 52 169 
 6  5  2  1 63 62 61 53 144 
 6  5  2  1 63 62 54 106 
 6  5  2  1 63 55 60 
 6  5  2  1 48 56 130 
 6  5  2 33 41 49 57 122 
 6  5  2 33 34 42 50 58 71 
 6  5  2  3 51 59 143 
 6  5  2 33 34 35 43 44 52 60 164 
 6  5  2  1 63 62 61 124 
 6  5  2  1 63 62 77 
 6  5  2  1 63 56 
 6  5  2  1 63 64 195 
 7  6  5  2  1 50 
 7  6  5  2 59 
 7  6  5  2  3 159 
 7  6  5  2  3  4 174 
 7  6  5 180 
 7  6 125 
 7  8 102 
 7  6  5  2 10  9 79 
 7  6  5  2 10 70 
 7  6  5  2 10 11 145 
 7  6  5  2 10 11 12 209 
 7 15 14 13 165 
 7 15 14 103 
 7 15 70 
 7 15 16 113 
 7  6  5  2 10  9 17 82 
 7  6  5  2 10 18 58 
 7  6  5  2 10 11 19 128 
 7  6  5  2 10 11 12 20 193 
 7 15 23 22 21 154 
 7 15 23 22 101 
 7 15 23 69 
 7 15 23 24 119 
 7  6  5  2 10 18 26 25 74 
 7  6  5  2 10 18 26 54 
 7  6  5  2 10 11 19 27 154 
 7  6  5  2 10 11 19 27 28 176 
 7 15 23 22 21 29 166 
 7 15 23 31 30 115 
 7 15 23 31 72 
 7 15 23 31 32 119 
 7  6  5  2 33 77 
 7  6  5  2 33 34 56 
 7  6  5  2 33 34 35 132 
 7  6  5  2 33 34 35 36 180 
 7  6  5  2 37 167 
 7  6  5  2 37 38 127 
 7  6  5  2  1 48 40 39 76 
 7  6  5  2  1 48 40 122 
 7  6  5  2 33 41 72 
 7  6  5  2 33 41 42 65 
 7  6  5  2 33 34 35 43 168 
 7  6  5  2 33 34 35 43 44 172 
 7  6  5  2 37 45 172 
 7  6  5  2  1 48 47 46 95 
 7  6  5  2  1 48 47 83 
 7  6  5  2  1 48 137 
 7  6  5  2 33 41 49 75 
 7  6  5  2 33 41 49 50 76 
 7  6  5  2  3 51 147 
 7  6  5  2  3 51 52 178 
 7  6  5  2  1 63 55 54 53 167 
 7  6  5  2  1 63 55 54 98 
 7  6  5  2  1 63 55 64 
 7  6  5  2  1 48 56 106 
 7  6  5  2 33 41 49 57 109 
 7  6  5  2 33 41 49 50 58 79 
 7  6  5  2  3 51 59 110 
 7  6  5  2  3 51 59 60 159 
 7  6  5  2  1 63 62 61 123 
 7  6  5  2  1 63 62 83 
 7  6  5  2  1 63 46 
 7  6  5  2  1 63 64 168 
 8  2  1 67 
 8  2 65 
 8  2  3 151 
 8  2  3  4 194 
 8  7  6  5 183 
 8  7  6 122 
 8  7 72 
 8  2 10  9 62 
 8  2 10 72 
 8  2 10 11 153 
 8  2 10 11 12 197 
 8  7  6 14 13 155 
 8  7  6 14 100 
 8  7 15 69 
 8 16 116 
 8  2 10  9 17 82 
 8  2 10 18 54 
 8  2 10 11 19 126 
 8  2 10 11 12 20 228 
 8  7  6 14 13 21 157 
 8 16 24 23 22 89 
 8 16 24 23 65 
 8 16 24 127 
 8  2 10 18 26 25 66 
 8  2 10 18 26 70 
 8  2 10 11 19 27 114 
 8  2 10 11 19 27 28 163 
 8  7  6 14 13 21 29 153 
 8 16 24 23 22 30 98 
 8 16 24 32 31 55 
 8 16 24 32 137 
 8  2 33 72 
 8  2 33 34 74 
 8  2 33 34 35 148 
 8  2 33 34 35 36 197 
 8  2 37 157 
 8  2 37 38 108 
 8  2  1 48 40 39 74 
 8  2  1 48 40 125 
 8  2 33 41 76 
 8  2 33 34 42 77 
 8  2 33 34 35 43 150 
 8  2 33 34 35 43 44 167 
 8  2 37 45 152 
 8  2  1 48 47 46 101 
 8  2  1 48 47 75 
 8  2  1 48 126 
 8  2 33 41 49 77 
 8  2 33 34 42 50 73 
 8  2  3 51 126 
 8  2  3 51 52 184 
 8  2  1 63 55 54 53 167 
 8  2  1 63 55 54 100 
 8  2  1 63 55 68 
 8  2  1 48 56 124 
 8  2 33 41 49 57 97 
 8  2 33 34 42 50 58 84 
 8  2  3 51 59 108 
 8  2  3 51 59 60 149 
 8  2  1 63 62 61 119 
 8  2  1 63 62 77 
 8  2  1 63 62 
 8  2  1 63 64 180 
 9  1 44 
 9 10  2 66 
 9 10 11  3 173 
 9 10 11 12  4 196 
 9 10  2  5 206 
 9 10  2  5  6 103 
 9 10  2  5  6  7 75 
 9 10  2  8 89 
 9 10 68 
 9 10 11 147 
 9 10 11 12 202 
 9 10  2  5 13 169 
 9 10  2  5  6 14 105 
 9 10  2  5  6  7 15 59 
 9 10  2  8 16 122 
 9 17 52 
 9 17 18 70 
 9 10 11 19 122 
 9 10 11 19 20 181 
 9  1 29 21 201 
 9  1 29 21 22 100 
 9  1 29 21 22 23 71 
 9  1 29 21 22 23 24 108 
 9 17 25 81 
 9 17 25 26 73 
 9 17 25 26 27 142 
 9 10 11 19 20 28 175 
 9  1 29 178 
 9  1 29 30 116 
 9  1 29 30 31 60 
 9  1 29 30 31 32 136 
 9 10 11  3 51 50 42 34 33 76 
 9 10 11  3 51 50 42 34 79 
 9 10 11  3 51 43 35 150 
 9 10 11  3 51 52 44 36 185 
 9 10  2 37 171 
 9  1 48 47 39 38 107 
 9  1 48 47 39 53 
 9  1 48 40 111 
 9 10 11  3 51 50 42 41 66 
 9 10 11  3 51 50 42 74 
 9 10 11  3 51 43 141 
 9 10 11  3 51 52 44 180 
 9  1 48 47 46 45 172 
 9  1 48 47 46 95 
 9  1 48 47 80 
 9  1 48 121 
 9 10 11  3 51 50 49 82 
 9 10 11  3 51 50 68 
 9 10 11  3 51 150 
 9 10 11  3 51 52 191 
 9  1 63 62 61 53 168 
 9  1 63 55 54 116 
 9  1 63 55 68 
 9  1 48 56 141 
 9 10 11  3 51 50 49 57 111 
 9 10 11  3 51 50 58 92 
 9 10 11  3 51 59 119 
 9 10 11  3 51 59 60 147 
 9  1 63 62 61 129 
 9  1 63 62 79 
 9  1 63 46 
 9  1 63 64 178 
10  9  1 47 
10  2 64 
10 11  3 161 
10 11 12  4 203 
10  2  5 152 
10  2  5  6 119 
10  2  5  6  7 72 
10  2  8 92 
10  9 65 
10 11 156 
10 11 12 189 
10  2  5 13 143 
10  2  5 13 14 106 
10  2  5 13 14 15 70 
10  2  5 13 14 15 16 131 
10 18 17 81 
10 18 83 
10 18 19 146 
10 18 19 20 167 
10  2  5 13 21 183 
10  2  5 13 14 22 114 
10  2  5 13 14 15 23 81 
10  2  5 13 14 15 23 24 129 
10 18 26 25 72 
10 18 26 66 
10 18 26 27 128 
10 18 19 20 28 177 
10  9  1 29 165 
10  9  1 29 30 111 
10  9  1 29 30 31 80 
10  9  1 29 30 31 32 132 
10 11  3 51 50 42 34 33 73 
10 11  3 51 50 42 34 80 
10 11  3 51 43 35 148 
10 11  3 51 52 44 36 165 
10  2 37 174 
10  2 37 38 107 
10  9  1 48 40 39 76 
10  9  1 48 40 108 
10 11  3 51 50 49 41 61 
10 11  3 51 50 42 76 
10 11  3 51 43 152 
10 11  3 51 52 44 187 
10  2 37 45 179 
10  9  1 48 47 46 102 
10  9  1 48 47 73 
10  9  1 48 143 
10 11  3 51 50 49 67 
10 11  3 51 50 60 
10 11  3 51 128 
10 11  3 51 52 182 
10  9  1 63 62 54 53 152 
10  9  1 63 62 54 116 
10  9  1 63 55 70 
10  9  1 48 56 126 
10 11  3 51 50 58 57 94 
10 11  3 51 50 58 77 
10 11  3 51 59 108 
10 11  3 51 59 60 157 
10  9  1 63 62 61 108 
10  9  1 63 62 80 
10  9  1 63 56 
10  9  1 63 64 184 
11 10  9  1 45 
11 10  2 65 
11  3 162 
11 12  4 185 
11 10  2  5 181 
11 10  2  5  6 111 
11 10  2  5  6  7 78 
11 10  2  8 84 
11 10  9 77 
11 10 78 
11 12 176 
11 10  2  5 13 160 
11 10  2  5 13 14 98 
11 10  2  5  6  7 15 54 
11 10  2  8 16 122 
11 10  9 17 65 
11 19 18 56 
11 19 121 
11 19 20 191 
11 10  2  5 13 21 163 
11 10  2  5 13 21 22 97 
11 10  2  5  6  7 15 23 77 
11 10  2  5  6  7 15 23 24 103 
11 19 27 26 25 59 
11 19 27 26 82 
11 19 27 142 
11 19 27 28 170 
11 10  9  1 29 140 
11 10  9  1 29 30 100 
11 10  9  1 29 30 31 73 
11 10  9  1 29 30 31 32 106 
11  3 51 50 42 41 33 73 
11  3 51 50 42 34 66 
11  3 51 43 35 146 
11  3 51 52 44 36 159 
11 10  2 37 196 
11 10  2 37 38 91 
11 10  9  1 48 40 39 84 
11 10  9  1 48 40 131 
11  3 51 50 42 41 80 
11  3 51 50 42 78 
11  3 51 43 157 
11  3 51 52 44 159 
11 10  2 37 45 159 
11 10  9  1 48 47 46 98 
11 10  9  1 48 47 67 
11 10  9  1 48 136 
11  3 51 50 49 74 
11  3 51 50 73 
11  3 51 149 
11  3 51 52 194 
11 10  9  1 63 62 54 53 126 
11 10  9  1 63 62 54 114 
11 10  9  1 63 55 69 
11 10  9  1 48 56 131 
11  3 51 59 58 57 103 
11  3 51 59 58 76 
11  3 51 59 126 
11  3 51 59 60 118 
11 10  9  1 63 62 61 108 
11 10  9  1 63 62 84 
11 10  9  1 63 59 
11 10  9  1 63 64 160 
12 11 10  9  1 39 
12  4  3  2 76 
12  4  3 139 
12  4 205 
12  4  3  2  5 163 
12  4  3  2  5  6 113 
12  4  3  2  5  6  7 71 
12  4  3  2  8 93 
12 11 10  9 64 
12 11 10 68 
12 11 130 
12  4  3  2  5 13 166 
12  4  3  2  5 13 14 102 
12  4  3  2  5 13 14 15 59 
12  4  3  2  8 16 121 
12 11 10 18 17 57 
12 11 10 18 71 
12 20 19 136 
12 20 185 
12  4  3  2  5 13 21 162 
12  4  3  2  5 13 21 22 98 
12  4  3  2  5 13 14 15 23 69 
12  4  3  2  5 13 14 15 23 24 109 
12 11 10 18 17 25 75 
12 20 19 27 26 76 
12 20 19 27 147 
12 20 28 188 
12 11 10  9  1 29 169 
12 11 10  9  1 29 30 115 
12 11 10  9  1 29 30 31 82 
12 11 10  9  1 29 30 31 32 103 
12  4  3 51 50 49 41 33 78 
12  4  3 51 50 42 34 62 
12  4  3 51 43 35 170 
12  4  3 51 52 44 36 202 
12  4  3  2 37 190 
12  4  3  2 37 38 116 
12 11 10  9  1 48 40 39 56 
12 11 10  9  1 48 40 125 
12  4  3 51 50 49 41 64 
12  4  3 51 50 42 84 
12  4  3 51 43 169 
12  4  3 51 52 44 212 
12  4  3  2 37 45 167 
12 11 10  9  1 48 47 46 119 
12 11 10  9  1 48 47 77 
12 11 10  9  1 48 133 
12  4  3 51 50 49 69 
12  4  3 51 50 64 
12  4  3 51 119 
12  4  3 51 52 188 
12 11 10  9  1 63 62 54 53 148 
12 11 10  9  1 63 62 54 104 
12 11 10  9  1 63 55 60 
12 11 10  9  1 48 56 142 
12  4  3 51 50 49 57 119 
12  4  3 51 59 58 66 
12  4  3 51 59 115 
12  4  3 51 59 60 152 
12 11 10  9  1 63 62 61 108 
12 11 10  9  1 63 62 62 
12 11 10  9  1 63 47 
12 11 10  9  1 63 64 168 
13 21 29  1 34 
13  5  2 74 
13  5  2  3 157 
13  5  2  3  4 177 
13  5 163 
13 14  6 112 
13 14 15  7 67 
13 14 15 16  8 87 
13  5  2 10  9 61 
13  5  2 10 51 
13  5  2 10 11 148 
13  5  2  3  4 12 185 
13 14 98 
13 14 15 52 
13 14 15 16 121 
13  5  2 10 18 17 62 
13  5  2 10 18 73 
13  5  2 10 11 19 143 
13  5  2 10 11 19 20 197 
13 21 154 
13 21 22 105 
13 14 15 23 52 
13 14 15 23 24 130 
13  5  2 10 18 17 25 60 
13  5  2 10 18 26 62 
13  5  2 10 18 26 27 146 
13  5  2 10 11 19 20 28 182 
13 21 29 164 
13 21 22 30 115 
13 21 22 30 31 70 
13 14 15 23 24 32 144 
13  5  2 33 75 
13  5  2 33 34 85 
13  5  2 33 34 35 144 
13  5  2 33 34 35 36 165 
13  5  2 37 168 
13 21 29  1 48 40 39 38 101 
13 21 29  1 48 40 39 76 
13 21 29  1 48 40 140 
13  5  2 33 41 59 
13  5  2 33 41 42 68 
13  5  2 33 34 35 43 159 
13  5  2 33 34 35 43 44 156 
13  5  2 37 45 164 
13 21 29  1 48 47 46 114 
13 21 29  1 48 47 79 
13 21 29  1 48 133 
13  5  2 33 41 49 85 
13  5  2 33 41 42 50 90 
13  5  2  3 51 154 
13  5  2 33 34 35 43 44 52 206 
13 21 29  1 63 62 61 53 142 
13 21 29  1 63 62 54 96 
13 21 29  1 63 55 66 
13 21 29  1 48 56 143 
13  5  2 33 41 49 57 125 
13  5  2 33 41 42 50 58 100 
13  5  2  3 51 59 120 
13  5  2 33 34 35 43 44 52 60 135 
13 21 29  1 63 62 61 127 
13 21 29  1 63 62 79 
13 21 29  1 63 62 
13 21 29  1 63 64 175 
14 22 30 29  1 39 
14 13  5  2 88 
14 13  5  2  3 160 
14 13  5  2  3  4 212 
14 13  5 164 
14  6 112 
14 15  7 69 
14 15 16  8 97 
14 13  5  2 10  9 85 
14 13  5  2 10 77 
14 13  5  2 10 11 110 
14 13  5  2  3  4 12 190 
14 13 152 
14 15 64 
14 15 16 123 
14 13  5  2 10  9 17 63 
14 13  5  2 10 18 70 
14 13  5  2 10 11 19 143 
14 13  5  2  3  4 12 20 217 
14 22 21 146 
14 22 97 
14 22 23 75 
14 22 23 24 126 
14 13  5  2 10 18 26 25 68 
14 13  5  2 10 18 26 67 
14 13  5  2 10 18 26 27 149 
14 13  5  2  3  4 12 20 28 170 
14 22 30 29 162 
14 22 30 95 
14 22 30 31 62 
14 22 23 24 32 142 
14 13  5  2 33 74 
14 13  5  2 33 34 91 
14 13  5  2 33 34 35 140 
14 13  5  2 33 34 35 36 187 
14 13  5  2 37 163 
14 22 30 29  1 48 47 39 38 127 
14 22 30 29  1 48 47 39 71 
14 22 30 29  1 48 40 124 
14 13  5  2 33 41 72 
14 13  5  2 33 41 42 64 
14 22 30 29  1 43 147 
14 22 30 29  1 43 44 208 
14 22 30 29  1 48 47 46 45 171 
14 22 30 29  1 48 47 46 112 
14 22 30 29  1 48 47 79 
14 22 30 29  1 48 114 
14 13  5  2 33 41 49 86 
14 13  5  2 33 41 49 50 80 
14 13  5  2  3 51 144 
14 13  5  2  3 51 52 188 
14 22 30 29  1 63 62 61 53 150 
14 22 30 29  1 63 55 54 94 
14 22 30 29  1 63 55 70 
14 22 30 29  1 48 56 118 
14 13  5  2 33 41 49 57 98 
14 13  5  2 33 41 49 50 58 63 
14 13  5  2  3 51 59 106 
14 13  5  2  3 51 59 60 155 
14 22 30 29  1 63 62 61 119 
14 22 30 29  1 63 62 75 
14 22 30 29  1 63 51 
14 22 30 29  1 63 64 172 
15 23 31 30 29  1 45 
15 14 13  5  2 69 
15 14 13  5  2  3 144 
15 14 13  5  2  3  4 193 
15 14 13  5 187 
15 14  6 132 
15  7 76 
15 16  8 100 
15 14 13  5  2 10  9 60 
15 14 13  5  2 10 68 
15 14 13  5  2 10 11 145 
15 14 13  5  2  3  4 12 192 
15 14 13 190 
15 14 109 
15 16 108 
15 14 13  5  2 10  9 17 57 
15 14 13  5  2 10 18 56 
15 14 13  5  2 10 18 19 152 
15 14 13  5  2  3  4 12 20 170 
15 14 13 21 152 
15 23 22 103 
15 23 68 
15 23 24 107 
15 14 13  5  2 10 18 26 25 84 
15 14 13  5  2 10 18 26 72 
15 14 13  5  2 10 18 26 27 128 
15 14 13  5  2  3  4 12 20 28 180 
15 23 31 30 29 169 
15 23 31 30 98 
15 23 31 59 
15 23 31 32 147 
15 14 13  5  2 33 79 
15 14 13  5  2 33 34 75 
15 14 13  5  2 33 34 35 157 
15 14 13  5  2 33 34 35 36 170 
15 14 13  5  2 37 151 
15 23 31 30 29  1 48 47 39 38 109 
15 23 31 30 29  1 48 47 39 74 
15 23 31 30 29  1 48 40 134 
15 14 13  5  2 33 41 82 
15 14 13  5  2 33 41 42 75 
15 23 31 30 29  1 43 146 
15 23 31 30 29  1 43 44 183 
15 23 31 30 29  1 48 47 46 45 154 
15 23 31 30 29  1 48 47 46 117 
15 23 31 30 29  1 48 47 68 
15 23 31 30 29  1 48 124 
15 14 13  5  2 33 41 49 73 
15 14 13  5  2 33 41 49 50 62 
15 14 13  5  2  3 51 129 
15 14 13  5  2  3 51 52 179 
15 23 31 30 29  1 63 62 61 53 154 
15 23 31 30 29  1 63 62 54 91 
15 23 31 30 29  1 63 55 61 
15 23 31 30 29  1 48 56 110 
15 14 13  5  2 33 41 49 57 88 
15 14 13  5  2 33 41 49 57 58 71 
15 14 13  5  2  3 51 59 128 
15 14 13  5  2  3 51 59 60 158 
15 23 31 30 29  1 63 62 61 101 
15 23 31 30 29  1 63 62 78 
15 23 31 30 29  1 63 59 
15 23 31 30 29  1 63 64 184 
16 24 23 31 30 29  1 45 
16  8  2 62 
16  8  2  3 150 
16  8  2  3  4 208 
16 15 14 13  5 174 
16 15 14  6 109 
16 15  7 66 
16  8 118 
16  8  2 10  9 70 
16  8  2 10 64 
16  8  2 10 11 140 
16  8  2  3  4 12 181 
16 15 14 13 162 
16 15 14 107 
16 15 66 
16  8  2 10  9 17 71 
16  8  2 10 18 74 
16  8  2 10 18 19 129 
16  8  2  3  4 12 20 175 
16 15 14 22 21 144 
16 15 14 22 103 
16 24 23 62 
16 24 116 
16  8  2 10  9 17 25 61 
16  8  2 10 18 26 82 
16  8  2 10 18 19 27 141 
16  8  2  3  4 12 20 28 179 
16 24 23 31 30 29 173 
16 24 23 31 30 101 
16 24 23 31 75 
16 24 32 144 
16  8  2 33 65 
16  8  2 33 34 71 
16  8  2 33 34 35 131 
16  8  2 33 34 35 36 194 
16  8  2 37 152 
16 24 23 31 30 29  1 48 40 39 38 108 
16 24 23 31 30 29  1 48 40 39 80 
16 24 23 31 30 29  1 48 40 123 
16  8  2 33 41 70 
16  8  2 33 41 42 69 
16 24 23 31 30 29  1 43 152 
16 24 23 31 30 29  1 43 44 177 
16 24 23 31 30 29  1 48 47 46 45 153 
16 24 23 31 30 29  1 48 47 46 108 
16 24 23 31 30 29  1 48 47 72 
16 24 23 31 30 29  1 48 130 
16  8  2 33 41 49 63 
16  8  2 33 41 42 50 57 
16  8  2  3 51 149 
16  8  2  3 51 52 179 
16 24 23 31 30 29  1 63 62 61 53 164 
16 24 23 31 30 29  1 63 62 54 113 
16 24 23 31 30 29  1 63 55 61 
16 24 23 31 30 29  1 48 56 116 
16  8  2 33 41 49 57 117 
16  8  2 33 41 42 50 58 74 
16  8  2  3 51 59 135 
16  8  2  3 51 52 60 157 
16 24 23 31 30 29  1 63 62 61 120 
16 24 23 31 30 29  1 63 62 71 
16 24 23 31 30 29  1 63 64 
16 24 23 31 30 29  1 63 64 188 
17  9  1 45 
17 18 10  2 73 
17 18 19 11  3 143 
17 18 19 20 12  4 197 
17 18 10  2  5 160 
17 18 10  2  5  6 117 
17 18 10  2  5  6  7 64 
17 18 10  2  5  6  7  8 122 
17  9 72 
17 18 10 60 
17 18 19 11 121 
17 18 19 20 12 198 
17 18 10  2  5 13 172 
17 18 10  2  5 13 14 108 
17 18 10  2  5  6  7 15 67 
17 18 10  2  5  6  7 15 16 128 
17 18 63 
17 18 19 137 
17 18 19 20 199 
17  9  1 29 21 152 
17  9  1 29 21 22 108 
17  9  1 29 21 22 23 68 
17  9  1 29 21 22 23 24 109 
17 25 80 
17 25 26 69 
17 18 19 27 158 
17 18 19 27 28 153 
17  9  1 29 163 
17  9  1 29 30 105 
17  9  1 29 30 31 70 
17  9  1 29 30 31 32 118 
17 18 19 11  3 51 50 42 34 33 71 
17 18 19 11  3 51 50 42 34 75 
17 18 19 11  3 51 43 35 152 
17 18 19 11  3 51 52 44 36 188 
17 18 10  2 37 159 
17  9  1 48 47 39 38 105 
17  9  1 48 47 39 79 
17  9  1 48 40 112 
17 18 19 11  3 51 50 49 41 63 
17 18 19 11  3 51 50 42 68 
17 18 19 11  3 51 43 155 
17 18 19 11  3 51 52 44 195 
17  9  1 48 47 46 45 138 
17  9  1 48 47 46 112 
17  9  1 48 47 71 
17  9  1 48 122 
17 18 19 11  3 51 50 49 65 
17 18 19 11  3 51 50 57 
17 18 19 11  3 51 131 
17 18 19 11  3 51 52 160 
17  9  1 63 62 61 53 168 
17  9  1 63 55 54 102 
17  9  1 63 55 83 
17  9  1 48 56 116 
17 18 19 11  3 51 50 49 57 100 
17 18 19 11  3 51 50 58 74 
17 18 19 11  3 51 59 140 
17 18 19 11  3 51 52 60 152 
17  9  1 63 62 61 120 
17  9  1 63 62 83 
17  9  1 63 52 
17  9  1 63 64 207 
18 17  9  1 43 
18 10  2 75 
18 19 11  3 151 
18 19 20 12  4 201 
18 10  2  5 164 
18 10  2  5  6 127 
18 10  2  5  6  7 64 
18 10  2  8 123 
18 17  9 85 
18 10 62 
18 19 11 130 
18 19 20 12 194 
18 10  2  5 13 175 
18 10  2  5 13 14 117 
18 10  2  5  6  7 15 72 
18 10  2  8 16 112 
18 17 76 
18 19 126 
18 19 20 177 
18 10  2  5 13 21 163 
18 10  2  5 13 21 22 89 
18 10  2  5  6  7 15 23 80 
18 10  2  8 16 24 112 
18 26 25 87 
18 26 62 
18 26 27 149 
18 19 20 28 185 
18 17  9  1 29 159 
18 17  9  1 29 30 121 
18 17  9  1 29 30 31 59 
18 17  9  1 29 30 31 32 135 
18 19 11  3 51 50 42 34 33 79 
18 19 11  3 51 50 42 34 84 
18 19 11  3 51 43 35 137 
18 19 11  3 51 52 44 36 206 
18 10  2 37 161 
18 10  2 37 38 97 
18 17  9  1 48 40 39 76 
18 17  9  1 48 40 139 
18 19 11  3 51 50 49 41 81 
18 19 11  3 51 50 42 77 
18 19 11  3 51 43 154 
18 19 11  3 51 52 44 198 
18 10  2 37 45 174 
18 17  9  1 48 47 46 109 
18 17  9  1 48 47 76 
18 17  9  1 48 117 
18 19 11  3 51 50 49 74 
18 19 11  3 51 50 71 
18 19 11  3 51 141 
18 19 11  3 51 52 180 
18 17  9  1 63 62 54 53 160 
18 17  9  1 63 62 54 113 
18 17  9  1 63 55 76 
18 17  9  1 48 56 114 
18 19 11  3 51 50 58 57 129 
18 19 11  3 51 50 58 74 
18 19 11  3 51 59 119 
18 19 11  3 51 59 60 152 
18 17  9  1 63 62 61 96 
18 17  9  1 63 62 81 
18 17  9  1 63 62 
18 17  9  1 63 64 198 
19 18 17  9  1 39 
19 18 10  2 77 
19 11  3 174 
19 20 12  4 189 
19 18 10  2  5 166 
19 18 10  2  5  6 123 
19 18 10  2  5  6  7 72 
19 18 10  2  8 92 
19 18 17  9 65 
19 18 10 67 
19 11 129 
19 20 12 197 
19 18 10  2  5 13 169 
19 18 10  2  5 13 14 120 
19 18 10  2  5 13 14 15 66 
19 18 10  2  8 16 129 
19 18 17 51 
19 18 54 
19 20 183 
19 18 10  2  5 13 21 156 
19 18 10  2  5 13 21 22 133 
19 18 10  2  5 13 14 15 23 64 
19 18 10  2  5 13 14 15 23 24 143 
19 18 17 25 78 
19 27 26 68 
19 27 142 
19 27 28 185 
19 18 10  2  5 13 21 29 161 
19 18 10  2  5 13 21 22 30 95 
19 18 10  2  5 13 14 15 23 31 80 
19 18 10  2  5 13 14 15 23 31 32 128 
19 11  3 51 50 42 41 33 83 
19 11  3 51 50 42 34 67 
19 11  3 51 43 35 153 
19 11  3 51 52 44 36 173 
19 18 10  2 37 155 
19 18 10  2 37 38 119 
19 18 17  9  1 48 40 39 72 
19 18 17  9  1 48 40 124 
19 11  3 51 50 42 41 74 
19 11  3 51 50 42 72 
19 11  3 51 43 128 
19 11  3 51 52 44 191 
19 18 10  2 37 45 158 
19 18 17  9  1 48 47 46 113 
19 18 17  9  1 48 47 65 
19 18 17  9  1 48 125 
19 11  3 51 50 49 70 
19 11  3 51 50 68 
19 11  3 51 141 
19 11  3 51 52 198 
19 18 17  9  1 63 62 54 53 171 
19 18 17  9  1 63 62 54 93 
19 18 17  9  1 63 55 70 
19 18 17  9  1 48 56 134 
19 11  3 51 59 58 57 107 
19 11  3 51 59 58 74 
19 11  3 51 59 108 
19 11  3 51 59 60 144 
19 18 17  9  1 63 62 61 121 
19 18 17  9  1 63 62 89 
19 18 17  9  1 63 52 
19 18 17  9  1 63 64 174 
20 19 18 17  9  1 45 
20 12  4  3  2 68 
20 12  4  3 159 
20 12  4 194 
20 12  4  3  2  5 175 
20 12  4  3  2  5  6 124 
20 12  4  3  2  5  6  7 77 
20 12  4  3  2  8 106 
20 19 18 17  9 78 
20 19 18 10 65 
20 19 11 136 
20 12 193 
20 12  4  3  2  5 13 160 
20 12  4  3  2  5  6 14 108 
20 12  4  3  2  5  6  7 15 67 
20 12  4  3  2  8 16 121 
20 19 18 17 57 
20 19 18 67 
20 19 133 
20 12  4  3  2  5 13 21 152 
20 12  4  3  2  5  6 14 22 111 
20 12  4  3  2  5  6  7 15 23 63 
20 12  4  3  2  5  6  7 15 23 24 106 
20 19 18 26 25 81 
20 19 18 26 62 
20 28 27 132 
20 28 192 
20 19 18 17  9  1 29 168 
20 19 18 17  9  1 29 30 110 
20 19 18 17  9  1 29 30 31 78 
20 19 18 17  9  1 29 30 31 32 110 
20 12  4  3 51 50 49 41 33 73 
20 12  4  3 51 50 42 34 79 
20 12  4  3 51 43 35 141 
20 12  4  3 51 52 44 36 180 
20 12  4  3  2 37 191 
20 12  4  3  2 37 38 103 
20 19 18 17  9  1 48 40 39 84 
20 19 18 17  9  1 48 40 123 
20 12  4  3 51 50 49 41 72 
20 12  4  3 51 50 42 73 
20 12  4  3 51 43 134 
20 12  4  3 51 52 44 184 
20 12  4  3  2 37 45 138 
20 19 18 17  9  1 48 47 46 127 
20 19 18 17  9  1 48 47 67 
20 19 18 17  9  1 48 125 
20 12  4  3 51 50 49 62 
20 12  4  3 51 50 74 
20 12  4  3 51 118 
20 12  4  3 51 52 164 
20 19 18 17  9  1 63 62 54 53 149 
20 19 18 17  9  1 63 62 54 101 
20 19 18 17  9  1 63 55 67 
20 19 18 17  9  1 48 56 121 
20 12  4  3 51 50 49 57 107 
20 12  4  3 51 59 58 69 
20 12  4  3 51 59 125 
20 12  4  3 51 59 60 144 
20 19 18 17  9  1 63 62 61 101 
20 19 18 17  9  1 63 62 87 
20 19 18 17  9  1 63 58 
20 19 18 17  9  1 63 64 189 
21 29  1 37 
21 13  5  2 69 
21 13  5  2  3 137 
21 13  5  2  3  4 204 
21 13  5 169 
21 13  5  6 135 
21 22 23 15  7 62 
21 22 23 15  7  8 104 
21 29  1  9 76 
21 13  5  2 10 73 
21 13  5  2 10 11 138 
21 13  5  2 10 11 12 190 
21 13 160 
21 22 14 95 
21 22 23 15 67 
21 22 23 24 16 111 
21 29  1  9 17 58 
21 13  5  2 10 18 68 
21 13  5  2 10 18 19 140 
21 13  5  2 10 11 12 20 192 
21 22 106 
21 22 23 81 
21 22 23 24 137 
21 29  1  9 17 25 76 
21 13  5  2 10 18 26 65 
21 13  5  2 10 18 19 27 149 
21 13  5  2 10 11 12 20 28 178 
21 29 156 
21 22 30 91 
21 22 23 31 68 
21 22 23 31 32 131 
21 13  5  2 33 62 
21 13  5  2 33 34 62 
21 13  5  2 33 34 35 132 
21 13  5  2 33 34 35 36 175 
21 29  1 48 47 46 45 37 179 
21 29  1 48 47 46 38 118 
21 29  1 48 47 39 74 
21 29  1 48 40 120 
21 13  5  2 33 41 77 
21 13  5  2 33 34 42 78 
21 29  1 43 151 
21 29  1 43 44 179 
21 29  1 48 47 46 45 153 
21 29  1 48 47 46 116 
21 29  1 48 47 68 
21 29  1 48 114 
21 13  5  2 33 41 49 76 
21 13  5  2 33 34 42 50 69 
21 29  1 43 51 161 
21 29  1 43 44 52 173 
21 29  1 63 55 54 53 139 
21 29  1 63 55 54 114 
21 29  1 63 55 72 
21 29  1 48 56 104 
21 13  5  2 33 41 49 57 103 
21 13  5  2 33 34 42 50 58 80 
21 29  1 43 51 59 109 
21 29  1 43 44 52 60 127 
21 29  1 63 62 61 125 
21 29  1 63 62 82 
21 29  1 63 62 
21 29  1 63 64 169 
22 21 29  1 55 
22 14  6  5  2 62 
22 14  6  5  2  3 164 
22 14  6  5  2  3  4 213 
22 14  6  5 189 
22 14  6 111 
22 14  6  7 88 
22 23 24 16  8 84 
22 14  6  5  2 10  9 65 
22 14  6  5  2 10 64 
22 14  6  5  2 10 11 157 
22 14  6  5  2 10 11 12 187 
22 21 13 156 
22 14 85 
22 23 15 56 
22 23 24 16 130 
22 14  6  5  2 10  9 17 76 
22 14  6  5  2 10 18 64 
22 14  6  5  2 10 11 19 133 
22 14  6  5  2 10 11 12 20 176 
22 21 169 
22 23 50 
22 23 24 124 
22 14  6  5  2 10  9 17 25 55 
22 14  6  5  2 10 18 26 74 
22 14  6  5  2 10 11 19 27 144 
22 14  6  5  2 10 11 19 27 28 168 
22 21 29 154 
22 30 122 
22 30 31 74 
22 30 31 32 126 
22 14  6  5  2 33 54 
22 14  6  5  2 33 34 69 
22 21 29  1 43 35 141 
22 21 29  1 43 35 36 200 
22 21 29  1 48 47 39 38 37 151 
22 21 29  1 48 47 39 38 116 
22 21 29  1 48 47 39 64 
22 21 29  1 48 40 124 
22 14  6  5  2 33 41 71 
22 21 29  1 43 42 79 
22 21 29  1 43 138 
22 21 29  1 43 44 195 
22 21 29  1 48 47 46 45 176 
22 21 29  1 48 47 46 98 
22 21 29  1 48 47 66 
22 21 29  1 48 115 
22 14  6  5  2 33 41 49 73 
22 21 29  1 43 42 50 83 
22 21 29  1 43 51 151 
22 21 29  1 43 44 52 175 
22 21 29  1 63 62 61 53 144 
22 21 29  1 63 62 54 114 
22 21 29  1 63 55 63 
22 21 29  1 48 56 121 
22 14  6  5  2 33 41 49 57 118 
22 21 29  1 43 42 50 58 74 
22 21 29  1 43 51 59 118 
22 21 29  1 43 44 52 60 161 
22 21 29  1 63 62 61 116 
22 21 29  1 63 62 81 
22 21 29  1 63 57 
22 21 29  1 63 64 194 
23 22 21 29  1 53 
23 22 21 13  5  2 70 
23 22 21 13  5  2  3 162 
23 22 21 13  5  2  3  4 226 
23 22 21 13  5 163 
23 15  7  6 107 
23 15  7 79 
23 15  7  8 106 
23 22 21 29  1  9 84 
23 22 21 13  5  2 10 75 
23 22 21 13  5  2 10 11 163 
23 22 21 13  5  2  3  4 12 165 
23 22 21 13 149 
23 22 14 99 
23 15 60 
23 24 16 123 
23 22 21 29  1  9 17 76 
23 22 21 13  5  2 10 18 49 
23 22 21 13  5  2 10 18 19 124 
23 22 21 13  5  2  3  4 12 20 189 
23 22 21 143 
23 22 90 
23 24 127 
23 22 21 13  5  2 10 18 26 25 81 
23 22 21 13  5  2 10 18 26 74 
23 22 21 13  5  2 10 18 19 27 148 
23 22 21 13  5  2 10 18 19 27 28 165 
23 22 21 29 150 
23 31 30 103 
23 31 63 
23 31 32 150 
23 22 21 13  5  2 33 60 
23 22 21 13  5  2 33 34 83 
23 22 21 29  1 43 35 152 
23 22 21 29  1 43 44 36 190 
23 22 21 29  1 48 40 39 38 37 166 
23 22 21 29  1 48 40 39 38 115 
23 22 21 29  1 48 40 39 61 
23 22 21 29  1 48 40 96 
23 22 21 13  5  2 33 41 64 
23 22 21 29  1 43 42 71 
23 22 21 29  1 43 142 
23 22 21 29  1 43 44 167 
23 22 21 29  1 63 62 61 53 45 160 
23 22 21 29  1 63 55 54 46 105 
23 22 21 29  1 48 47 72 
23 22 21 29  1 48 136 
23 22 21 13  5  2 33 41 49 75 
23 22 21 29  1 43 42 50 72 
23 22 21 29  1 43 51 153 
23 22 21 29  1 43 44 52 185 
23 22 21 29  1 63 62 61 53 176 
23 22 21 29  1 63 55 54 94 
23 22 21 29  1 63 55 59 
23 22 21 29  1 48 56 125 
23 22 21 13  5  2 33 41 49 57 110 
23 22 21 29  1 43 42 50 58 91 
23 22 21 29  1 43 51 59 99 
23 22 21 29  1 43 44 52 60 126 
23 22 21 29  1 63 62 61 98 
23 22 21 29  1 63 62 74 
23 22 21 29  1 63 46 
23 22 21 29  1 63 64 176 
24 23 22 21 29  1 48 
24 23 22 14  6  5  2 78 
24 23 22 14  6  5  2  3 166 
24 23 22 14  6  5  2  3  4 193 
24 23 22 14  6  5 157 
24 23 22 14  6 123 
24 16  8  7 62 
24 16  8 96 
24 23 22 14  6  5  2 10  9 84 
24 23 22 14  6  5  2 10 69 
24 23 22 14  6  5  2 10 11 140 
24 23 22 14  6  5  2  3  4 12 182 
24 23 22 21 13 148 
24 23 22 14 100 
24 23 15 65 
24 16 132 
24 23 22 14  6  5  2 10  9 17 56 
24 23 22 14  6  5  2 10 18 73 
24 23 22 14  6  5  2 10 18 19 147 
24 23 22 14  6  5  2  3  4 12 20 196 
24 23 22 21 155 
24 23 22 103 
24 23 70 
24 23 22 14  6  5  2 10  9 17 25 60 
24 23 22 14  6  5  2 10 18 26 68 
24 23 22 14  6  5  2 10 18 19 27 138 
24 23 22 14  6  5  2 10 18 19 27 28 179 
24 23 22 21 29 176 
24 23 22 30 112 
24 32 31 75 
24 32 127 
24 23 22 14  6  5  2 33 69 
24 23 22 14  6  5  2 33 34 77 
24 23 22 21 29  1 43 35 160 
24 23 22 21 29  1 43 35 36 194 
24 23 22 21 29  1 48 40 39 38 37 185 
24 23 22 21 29  1 48 40 39 38 118 
24 23 22 21 29  1 48 40 39 78 
24 23 22 21 29  1 48 40 131 
24 23 22 14  6  5  2 33 41 63 
24 23 22 21 29  1 43 42 68 
24 23 22 21 29  1 43 153 
24 23 22 21 29  1 43 44 181 
24 23 22 21 29  1 63 62 61 53 45 145 
24 23 22 21 29  1 63 62 54 46 122 
24 23 22 21 29  1 48 47 62 
24 23 22 21 29  1 48 118 
24 23 22 14  6  5  2 33 41 49 59 
24 23 22 21 29  1 43 42 50 71 
24 23 22 21 29  1 43 51 149 
24 23 22 21 29  1 43 44 52 209 
24 23 22 21 29  1 63 62 61 53 149 
24 23 22 21 29  1 63 62 54 120 
24 23 22 21 29  1 63 55 71 
24 23 22 21 29  1 48 56 112 
24 23 22 14  6  5  2 33 41 49 57 104 
24 23 22 21 29  1 43 42 50 58 84 
24 23 22 21 29  1 43 51 59 131 
24 23 22 21 29  1 43 44 52 60 146 
24 23 22 21 29  1 63 62 61 133 
24 23 22 21 29  1 63 62 71 
24 23 22 21 29  1 63 47 
24 23 22 21 29  1 63 64 200 
25 17  9  1 43 
25 17  9 10  2 73 
25 26 27 19 11  3 167 
25 26 27 19 11 12  4 182 
25 17  9 10  2  5 189 
25 17  9 10  2  5  6 127 
25 17  9 10  2  5  6  7 77 
25 17  9 10  2  8 102 
25 17  9 74 
25 17  9 10 79 
25 26 27 19 11 140 
25 26 27 19 11 12 180 
25 17  9 10  2  5 13 172 
25 17  9 10  2  5 13 14 97 
25 17  9 10  2  5  6  7 15 70 
25 17  9 10  2  8 16 116 
25 17 78 
25 26 18 61 
25 26 27 19 140 
25 26 27 28 20 187 
25 17  9  1 29 21 187 
25 17  9  1 29 21 22 87 
25 17  9  1 29 21 22 23 68 
25 17  9  1 29 21 22 23 24 122 
25 26 68 
25 26 27 138 
25 26 27 28 180 
25 17  9  1 29 176 
25 17  9  1 29 30 101 
25 17  9  1 29 30 31 62 
25 17  9  1 29 30 31 32 129 
25 26 27 19 11  3 51 50 49 41 33 74 
25 26 27 19 11  3 51 50 42 34 85 
25 26 27 19 11  3 51 43 35 137 
25 26 27 19 11  3 51 52 44 36 202 
25 17  9 10  2 37 152 
25 17  9  1 48 47 39 38 96 
25 17  9  1 48 47 39 88 
25 17  9  1 48 40 138 
25 26 27 19 11  3 51 50 49 41 70 
25 26 27 19 11  3 51 50 42 68 
25 26 27 19 11  3 51 43 141 
25 26 27 19 11  3 51 52 44 157 
25 17  9  1 48 47 46 45 168 
25 17  9  1 48 47 46 95 
25 17  9  1 48 47 79 
25 17  9  1 48 125 
25 26 27 19 11  3 51 50 49 87 
25 26 27 19 11  3 51 50 76 
25 26 27 19 11  3 51 134 
25 26 27 19 11  3 51 52 170 
25 17  9  1 63 55 54 53 166 
25 17  9  1 63 55 54 94 
25 17  9  1 63 55 60 
25 17  9  1 48 56 139 
25 26 27 19 11  3 51 50 49 57 114 
25 26 27 19 11  3 51 59 58 76 
25 26 27 19 11  3 51 59 121 
25 26 27 19 11  3 51 59 60 140 
25 17  9  1 63 62 61 119 
25 17  9  1 63 62 75 
25 17  9  1 63 59 
25 17  9  1 63 64 196 
26 18 10  9  1 35 
26 18 10  2 60 
26 18 10 11  3 166 
26 27 28 20 12  4 186 
26 18 10  2  5 167 
26 18 10  2  5  6 114 
26 18 10  2  5  6  7 75 
26 18 10  2  5  6  7  8 100 
26 18 10  9 80 
26 18 10 65 
26 18 10 11 138 
26 27 28 20 12 195 
26 18 10  2  5 13 162 
26 18 10  2  5  6 14 109 
26 18 10  2  5  6 14 15 65 
26 18 10  2  5  6  7  8 16 114 
26 25 17 76 
26 18 53 
26 27 19 146 
26 27 28 20 169 
26 18 10  2  5 13 21 150 
26 18 10  2  5 13 21 22 118 
26 18 10  2  5  6 14 15 23 72 
26 18 10  2  5  6  7  8 16 24 117 
26 25 71 
26 27 158 
26 27 28 164 
26 18 10  2  5 13 21 29 150 
26 18 10  2  5 13 21 29 30 106 
26 18 10  2  5  6 14 15 23 31 68 
26 18 10  2  5  6  7  8 16 24 32 128 
26 18 10 11  3 51 50 42 34 33 62 
26 18 10 11  3 51 50 42 34 68 
26 18 10 11  3 51 43 35 153 
26 18 10 11  3 51 52 44 36 186 
26 18 10  2 37 149 
26 18 10  2 37 38 123 
26 18 10  9  1 48 40 39 70 
26 18 10  9  1 48 40 126 
26 18 10 11  3 51 50 49 41 73 
26 18 10 11  3 51 50 42 66 
26 18 10 11  3 51 43 130 
26 18 10 11  3 51 52 44 176 
26 18 10  2 37 45 188 
26 18 10  9  1 48 47 46 105 
26 18 10  9  1 48 47 78 
26 18 10  9  1 48 131 
26 18 10 11  3 51 50 49 66 
26 18 10 11  3 51 50 63 
26 18 10 11  3 51 149 
26 18 10 11  3 51 52 187 
26 18 10  9  1 63 62 61 53 179 
26 18 10  9  1 63 62 54 87 
26 18 10  9  1 63 55 65 
26 18 10  9  1 48 56 148 
26 18 10 11  3 51 50 58 57 101 
26 18 10 11  3 51 50 58 73 
26 18 10 11  3 51 59 123 
26 18 10 11  3 51 59 60 140 
26 18 10  9  1 63 62 61 110 
26 18 10  9  1 63 62 74 
26 18 10  9  1 63 61 
26 18 10  9  1 63 64 149 
27 26 25 17  9  1 44 
27 19 11 10  2 69 
27 19 11  3 168 
27 19 11 12  4 188 
27 19 11 10  2  5 156 
27 19 11 10  2  5  6 109 
27 19 11 10  2  5  6  7 82 
27 19 11 10  2  8 102 
27 26 25 17  9 70 
27 19 11 10 63 
27 19 11 142 
27 19 11 12 191 
27 19 11 10  2  5 13 170 
27 19 11 10  2  5 13 14 97 
27 19 11 10  2  5  6  7 15 76 
27 19 11 10  2  8 16 127 
27 26 25 17 67 
27 26 18 74 
27 19 128 
27 28 20 192 
27 19 11 10  2  5 13 21 164 
27 19 11 10  2  5 13 21 22 123 
27 19 11 10  2  5  6  7 15 23 70 
27 19 11 10  2  8 16 24 128 
27 26 25 76 
27 26 75 
27 28 174 
27 26 25 17  9  1 29 173 
27 26 25 17  9  1 29 30 106 
27 26 25 17  9  1 29 30 31 52 
27 19 11 10  2  8 16 24 32 138 
27 19 11  3 51 50 42 34 33 69 
27 19 11  3 51 50 42 34 74 
27 19 11  3 51 43 35 143 
27 19 11  3 51 52 44 36 199 
27 19 11 10  2 37 163 
27 19 11 10  2 37 38 107 
27 26 25 17  9  1 48 40 39 60 
27 26 25 17  9  1 48 40 118 
27 19 11  3 51 50 49 41 66 
27 19 11  3 51 50 42 86 
27 19 11  3 51 43 147 
27 19 11  3 51 52 44 157 
27 19 11 10  2 37 45 153 
27 26 25 17  9  1 48 47 46 105 
27 26 25 17  9  1 48 47 73 
27 26 25 17  9  1 48 128 
27 19 11  3 51 50 49 71 
27 19 11  3 51 50 72 
27 19 11  3 51 140 
27 19 11  3 51 52 188 
27 26 25 17  9  1 63 55 54 53 140 
27 26 25 17  9  1 63 55 54 109 
27 26 25 17  9  1 63 55 76 
27 26 25 17  9  1 48 56 122 
27 19 11  3 51 50 49 57 98 
27 19 11  3 51 59 58 62 
27 19 11  3 51 59 132 
27 19 11  3 51 59 60 143 
27 26 25 17  9  1 63 62 61 125 
27 26 25 17  9  1 63 62 88 
27 26 25 17  9  1 63 62 
27 26 25 17  9  1 63 64 177 
28 27 26 18 10  9  1 43 
28 27 26 18 10  2 81 
28 20 12  4  3 155 
28 20 12  4 202 
28 27 26 18 10  2  5 213 
28 27 26 18 10  2  5  6 124 
28 27 26 18 10  2  5  6  7 59 
28 27 26 18 10  2  8 88 
28 27 26 18 10  9 79 
28 27 26 18 10 65 
28 20 12 11 131 
28 20 12 187 
28 27 26 18 10  2  5 13 169 
28 27 26 18 10  2  5 13 14 81 
28 27 26 18 10  2  5 13 14 15 76 
28 27 26 18 10  2  8 16 121 
28 27 26 25 17 50 
28 27 26 18 65 
28 27 19 156 
28 20 184 
28 27 26 18 10  2  5 13 21 152 
28 27 26 18 10  2  5 13 14 22 104 
28 27 26 18 10  2  5 13 14 22 23 57 
28 27 26 18 10  2  8 16 24 112 
28 27 26 25 70 
28 27 26 69 
28 27 156 
28 27 26 18 10  2  5 13 21 29 155 
28 27 26 18 10  2  5 13 14 22 30 108 
28 27 26 18 10  2  5 13 14 22 23 31 63 
28 27 26 18 10  2  5 13 14 22 23 31 32 124 
28 20 12  4  3 51 50 49 41 33 70 
28 20 12  4  3 51 50 42 34 62 
28 20 12  4  3 51 43 35 126 
28 20 12  4  3 51 52 44 36 164 
28 27 26 18 10  2 37 175 
28 27 26 18 10  2 37 38 114 
28 27 26 18 10  9  1 48 40 39 73 
28 27 26 18 10  9  1 48 40 128 
28 20 12  4  3 51 50 49 41 71 
28 20 12  4  3 51 50 42 65 
28 20 12  4  3 51 43 145 
28 20 12  4  3 51 52 44 207 
28 27 26 18 10  2 37 45 164 
28 27 26 18 10  9  1 48 47 46 104 
28 27 26 18 10  9  1 48 47 91 
28 27 26 18 10  9  1 48 142 
28 20 12  4  3 51 50 49 51 
28 20 12  4  3 51 50 74 
28 20 12  4  3 51 137 
28 20 12  4  3 51 52 196 
28 27 26 18 10  9  1 63 62 54 53 155 
28 27 26 18 10  9  1 63 62 54 115 
28 27 26 18 10  9  1 63 55 62 
28 27 26 18 10  9  1 48 56 104 
28 20 12  4  3 51 50 49 57 116 
28 20 12  4  3 51 59 58 70 
28 20 12  4  3 51 59 120 
28 20 12  4  3 51 59 60 133 
28 27 26 18 10  9  1 63 62 61 99 
28 27 26 18 10  9  1 63 62 82 
28 27 26 18 10  9  1 63 68 
28 27 26 18 10  9  1 63 64 169 
29  1 46 
29 21 13  5  2 80 
29 21 13  5  2  3 167 
29 21 13  5  2  3  4 210 
29 21 13  5 194 
29 21 13 14  6 128 
29 21 13 14  6  7 51 
29 21 13 14  6  7  8 92 
29  1  9 68 
29 21 13  5  2 10 66 
29 21 13  5  2 10 11 151 
29 21 13  5  2  3  4 12 186 
29 21 13 150 
29 21 13 14 111 
29 21 13 14 15 69 
29 21 13 14 15 16 125 
29  1  9 17 68 
29 21 13  5  2 10 18 77 
29 21 13  5  2 10 11 19 141 
29 21 13  5  2  3  4 12 20 174 
29 21 162 
29 21 22 107 
29 21 22 23 69 
29 30 31 32 24 124 
29  1  9 17 25 68 
29  1  9 17 25 26 70 
29 21 13  5  2 10 11 19 27 127 
29 21 13  5  2 10 11 19 27 28 183 
29 30 114 
29 30 31 72 
29 30 31 32 131 
29 21 13  5  2 33 73 
29  1 43 42 34 76 
29  1 43 35 150 
29  1 43 44 36 212 
29  1 48 40 39 38 37 148 
29  1 48 40 39 38 108 
29  1 48 40 39 56 
29  1 48 40 118 
29  1 43 42 41 74 
29  1 43 42 76 
29  1 43 156 
29  1 43 44 174 
29  1 48 47 46 45 151 
29  1 48 47 46 110 
29  1 48 47 71 
29  1 48 135 
29  1 43 42 41 49 82 
29  1 43 42 50 66 
29  1 43 51 155 
29  1 43 44 52 200 
29  1 63 55 54 53 177 
29  1 63 55 54 103 
29  1 63 55 67 
29  1 48 56 149 
29  1 43 42 50 58 57 104 
29  1 43 42 50 58 82 
29  1 43 51 59 130 
29  1 43 44 52 60 165 
29  1 63 62 61 102 
29  1 63 62 72 
29  1 63 56 
29  1 63 64 196 
30 29  1 43 
30 22 14 13  5  2 75 
30 22 14 13  5  2  3 155 
30 22 14 13  5  2  3  4 191 
30 22 14 13  5 167 
30 22 14  6 120 
30 22 14 15  7 70 
30 22 14 15  7  8 105 
30 29  1  9 61 
30 22 14 13  5  2 10 62 
30 22 14 13  5  2  3 11 115 
30 22 14 13  5  2  3  4 12 192 
30 22 14 13 201 
30 22 14 82 
30 22 14 15 59 
30 31 32 24 16 136 
30 29  1  9 17 63 
30 22 14 13  5  2 10 18 52 
30 22 14 13  5  2  3 11 19 115 
30 22 14 13  5  2  3  4 12 20 194 
30 22 21 182 
30 22 101 
30 31 23 57 
30 31 32 24 121 
30 29  1  9 17 25 73 
30 22 14 13  5  2 10 18 26 72 
30 22 14 13  5  2  3 11 19 27 160 
30 22 14 13  5  2  3  4 12 20 28 205 
30 29 168 
30 31 88 
30 31 32 134 
30 22 14 13  5  2 33 90 
30 29  1 43 35 34 79 
30 29  1 43 35 132 
30 29  1 43 35 36 164 
30 29  1 48 47 46 38 37 187 
30 29  1 48 47 46 38 109 
30 29  1 48 40 39 79 
30 29  1 48 40 130 
30 29  1 43 42 41 68 
30 29  1 43 42 74 
30 29  1 43 152 
30 29  1 43 44 176 
30 29  1 48 47 46 45 142 
30 29  1 48 47 46 91 
30 29  1 48 47 83 
30 29  1 48 113 
30 29  1 43 42 41 49 70 
30 29  1 43 42 50 68 
30 29  1 43 51 132 
30 29  1 43 44 52 187 
30 29  1 63 62 61 53 147 
30 29  1 63 62 54 119 
30 29  1 63 55 60 
30 29  1 48 56 130 
30 29  1 43 42 41 49 57 104 
30 29  1 43 42 50 58 86 
30 29  1 43 51 59 111 
30 29  1 43 44 52 60 164 
30 29  1 63 62 61 117 
30 29  1 63 62 82 
30 29  1 63 58 
30 29  1 63 64 174 
31 30 29  1 35 
31 23 15 14  6  5  2 74 
31 23 15 14  6  5  2  3 189 
31 23 15 14  6  5  2  3  4 201 
31 23 15 14  6  5 181 
31 23 15 14  6 117 
31 23 15  7 79 
31 23 15 16  8 110 
31 30 29  1  9 59 
31 30 29  1  9 10 69 
31 30 29  1  9 10 11 146 
31 30 29  1  9 10 11 12 182 
31 23 15 14 13 149 
31 23 15 14 106 
31 23 15 72 
31 23 15 16 118 
31 30 29  1  9 17 68 
31 30 29  1  9 10 18 68 
31 30 29  1  9 10 11 19 134 
31 30 29  1  9 10 11 19 20 199 
31 30 22 21 155 
31 30 22 109 
31 23 79 
31 32 24 128 
31 30 29  1  9 17 25 61 
31 30 29  1  9 10 18 26 60 
31 30 29  1  9 10 18 26 27 140 
31 30 29  1  9 10 18 26 27 28 183 
31 30 29 166 
31 30 109 
31 32 120 
31 23 15 14  6  5  2 33 74 
31 30 29  1 43 42 34 66 
31 30 29  1 43 35 149 
31 30 29  1 43 44 36 184 
31 30 29  1 48 40 39 38 37 145 
31 30 29  1 48 40 39 38 100 
31 30 29  1 48 40 39 68 
31 30 29  1 48 40 151 
31 30 29  1 43 42 41 70 
31 30 29  1 43 42 83 
31 30 29  1 43 163 
31 30 29  1 43 44 184 
31 30 29  1 63 55 54 46 45 148 
31 30 29  1 63 55 54 46 114 
31 30 29  1 48 47 76 
31 30 29  1 48 126 
31 30 29  1 43 42 41 49 80 
31 30 29  1 43 42 50 79 
31 30 29  1 43 51 123 
31 30 29  1 43 44 52 209 
31 30 29  1 63 62 61 53 152 
31 30 29  1 63 55 54 97 
31 30 29  1 63 55 67 
31 30 29  1 48 56 110 
31 30 29  1 43 42 50 58 57 106 
31 30 29  1 43 42 50 58 70 
31 30 29  1 43 51 59 108 
31 30 29  1 43 44 52 60 145 
31 30 29  1 63 62 61 115 
31 30 29  1 63 62 69 
31 30 29  1 63 54 
31 30 29  1 63 64 205 
32 31 30 29  1 40 
32 31 30 22 14 13  5  2 69 
32 31 30 22 14 13  5  2  3 140 
32 31 30 22 14 13  5  2  3  4 195 
32 31 30 22 14 13  5 171 
32 24 16 15  7  6 107 
32 24 16 15  7 64 
32 24 16  8 100 
32 31 30 29  1  9 65 
32 31 30 22 14 13  5  2 10 71 
32 31 30 22 14 13  5  2 10 11 143 
32 31 30 22 14 13  5  2  3  4 12 187 
32 31 30 22 14 13 154 
32 31 30 22 14 94 
32 24 16 15 68 
32 24 16 126 
32 31 30 29  1  9 17 67 
32 31 30 22 14 13  5  2 10 18 70 
32 31 30 22 14 13  5  2 10 11 19 140 
32 31 30 22 14 13  5  2  3  4 12 20 156 
32 31 30 22 21 159 
32 31 30 22 115 
32 31 23 60 
32 24 156 
32 31 30 29  1  9 17 25 65 
32 31 30 29  1  9 17 25 26 64 
32 31 30 22 14 13  5  2 10 11 19 27 122 
32 31 30 22 14 13  5  2 10 11 19 27 28 183 
32 31 30 29 174 
32 31 30 120 
32 31 72 
32 31 30 22 14 13  5  2 33 81 
32 31 30 29  1 43 42 34 75 
32 31 30 29  1 43 35 137 
32 31 30 29  1 43 44 36 183 
32 31 30 29  1 63 62 61 53 45 37 170 
32 31 30 29  1 63 55 54 46 38 122 
32 31 30 29  1 48 40 39 67 
32 31 30 29  1 48 40 124 
32 31 30 29  1 43 42 41 68 
32 31 30 29  1 43 42 68 
32 31 30 29  1 43 147 
32 31 30 29  1 43 44 188 
32 31 30 29  1 63 62 61 53 45 158 
32 31 30 29  1 63 55 54 46 113 
32 31 30 29  1 63 55 47 75 
32 31 30 29  1 48 142 
32 31 30 29  1 43 42 41 49 80 
32 31 30 29  1 43 42 50 83 
32 31 30 29  1 43 51 163 
32 31 30 29  1 43 44 52 171 
32 31 30 29  1 63 62 61 53 158 
32 31 30 29  1 63 55 54 103 
32 31 30 29  1 63 55 78 
32 31 30 29  1 48 56 140 
32 31 30 29  1 43 42 50 58 57 102 
32 31 30 29  1 43 42 50 58 81 
32 31 30 29  1 43 51 59 132 
32 31 30 29  1 43 44 52 60 140 
32 31 30 29  1 63 62 61 108 
32 31 30 29  1 63 62 79 
32 31 30 29  1 63 53 
32 31 30 29  1 63 64 207 
33  2  1 51 
33  2 64 
33 41 49 50 51  3 163 
33 41 49 50 51  3  4 185 
33  2  5 159 
33  2  5  6 119 
33  2  5  6  7 72 
33  2  8 84 
33 41 49 50 51  3 11 10  9 68 
33 41 49 50 51  3 11 10 79 
33 41 49 50 51  3 11 149 
33 41 49 50 51  3  4 12 199 
33  2  5 13 148 
33  2  5  6 14 96 
33  2  5  6  7 15 72 
33  2  8 16 113 
33 41 49 50 51  3 11 10  9 17 68 
33 41 49 50 51  3 11 10 18 68 
33 41 49 50 51  3 11 19 137 
33 41 49 50 51  3  4 12 20 180 
33  2  5 13 21 147 
33  2  5  6 14 22 106 
33  2  5  6  7 15 23 84 
33  2  5  6  7 15 23 24 133 
33 41 49 50 51  3 11 19 27 26 25 69 
33 41 49 50 51  3 11 19 27 26 70 
33 41 49 50 51  3 11 19 27 147 
33 41 49 50 51  3  4 12 20 28 195 
33  2  1 29 162 
33  2  1 29 30 103 
33  2  1 29 30 31 74 
33  2  1 29 30 31 32 132 
33 34 74 
33 34 35 160 
33 34 35 36 182 
33  2 37 163 
33  2 37 38 113 
33  2  1 63 55 47 39 84 
33  2  1 48 40 117 
33 41 65 
33 41 42 74 
33 34 35 43 155 
33 34 35 36 44 194 
33  2 37 45 161 
33  2  1 63 55 47 46 112 
33  2  1 63 55 47 73 
33  2  1 48 123 
33 41 49 91 
33 41 49 50 89 
33 41 49 50 51 141 
33 34 35 36 44 52 202 
33  2  1 63 62 61 53 162 
33  2  1 63 62 54 117 
33  2  1 63 55 78 
33  2  1 63 55 56 134 
33 41 49 57 113 
33 41 49 57 58 83 
33 41 49 50 51 59 140 
33 41 49 50 51 59 60 134 
33  2  1 63 62 61 114 
33  2  1 63 62 75 
33  2  1 63 57 
33  2  1 63 64 201 
34 33  2  1 47 
34 33  2 66 
34 42 50 51  3 174 
34 42 50 51  3  4 219 
34 33  2  5 166 
34 33  2  5  6 126 
34 33  2  5  6  7 80 
34 33  2  8 113 
34 42 50 51  3 11 10  9 86 
34 42 50 51  3 11 10 53 
34 42 50 51  3 11 133 
34 42 50 51  3  4 12 199 
34 33  2  5 13 162 
34 33  2  5  6 14 113 
34 33  2  5  6 14 15 63 
34 33  2  5  6 14 15 16 138 
34 42 50 51  3 11 10  9 17 79 
34 42 50 51  3 11 10 18 69 
34 42 50 51  3 11 19 140 
34 42 50 51  3  4 12 20 169 
34 33  2  5 13 21 146 
34 33  2  5  6 14 22 109 
34 33  2  5  6 14 15 23 72 
34 33  2  5  6 14 15 23 24 126 
34 42 50 51  3 11 10  9 17 25 74 
34 42 50 51  3 11 10 18 26 53 
34 42 50 51  3 11 19 27 146 
34 42 50 51  3  4 12 20 28 197 
34 33  2  1 29 165 
34 33  2  1 29 30 130 
34 33  2  1 29 30 31 57 
34 33  2  1 29 30 31 32 133 
34 33 80 
34 35 150 
34 35 36 206 
34 33  2 37 178 
34 33  2 37 38 117 
34 33  2  1 48 47 39 82 
34 33  2  1 48 40 119 
34 42 41 62 
34 42 92 
34 42 43 128 
34 35 36 44 191 
34 33  2 37 45 161 
34 33  2  1 48 47 46 108 
34 33  2  1 48 47 70 
34 33  2  1 48 148 
34 42 50 49 81 
34 42 50 80 
34 42 50 51 142 
34 42 50 51 52 195 
34 33  2  1 63 62 61 53 166 
34 33  2  1 63 62 54 91 
34 33  2  1 63 55 70 
34 33  2  1 48 56 136 
34 42 50 58 57 102 
34 42 50 58 85 
34 42 50 58 59 117 
34 42 50 51 52 60 135 
34 33  2  1 63 62 61 117 
34 33  2  1 63 62 76 
34 33  2  1 63 70 
34 33  2  1 63 64 158 
35 43  1 52 
35 34 33  2 67 
35 43 51  3 164 
35 43 51  3  4 177 
35 34 33  2  5 197 
35 34 33  2  5  6 130 
35 34 33  2  5  6  7 83 
35 34 33  2  8 107 
35 43 51  3 11 10  9 69 
35 43 51  3 11 10 74 
35 43 51  3 11 138 
35 43 51  3  4 12 188 
35 34 33  2  5 13 168 
35 34 33  2  5 13 14 117 
35 34 33  2  5 13 14 15 69 
35 34 33  2  8 16 114 
35 43 51  3 11 10  9 17 57 
35 43 51  3 11 10 18 60 
35 43 51  3 11 19 164 
35 43 51  3  4 12 20 170 
35 43  1 29 21 149 
35 43  1 29 30 22 100 
35 43  1 29 30 31 23 65 
35 43  1 29 30 31 23 24 123 
35 43 51  3 11 19 27 26 25 75 
35 43 51  3 11 19 27 26 62 
35 43 51  3 11 19 27 151 
35 43 51  3  4 12 20 28 175 
35 43  1 29 176 
35 43  1 29 30 81 
35 43  1 29 30 31 75 
35 43  1 29 30 31 32 145 
35 34 33 69 
35 34 77 
35 36 188 
35 34 33  2 37 135 
35 43  1 48 40 39 38 96 
35 43  1 48 40 39 73 
35 43  1 48 40 139 
35 34 33 41 77 
35 43 42 60 
35 43 136 
35 43 44 194 
35 43  1 48 47 46 45 163 
35 43  1 48 47 46 92 
35 43  1 48 47 67 
35 43  1 48 119 
35 34 33 41 49 58 
35 43 42 50 85 
35 43 51 145 
35 43 44 52 191 
35 43  1 63 62 61 53 157 
35 43  1 63 62 54 112 
35 43  1 63 55 60 
35 43  1 48 56 111 
35 34 33 41 49 57 103 
35 43 42 50 58 69 
35 43 51 59 122 
35 43 44 52 60 158 
35 43  1 63 62 61 115 
35 43  1 63 62 77 
35 43  1 63 61 
35 43  1 63 64 184 
36 44 43  1 45 
36 35 34 33  2 73 
36 44 52 51  3 146 
36 44 52 51  3  4 218 
36 35 34 33  2  5 182 
36 35 34 33  2  5  6 132 
36 35 34 33  2  5  6  7 60 
36 35 34 33  2  8 95 
36 44 52 51  3 11 10  9 53 
36 44 52 51  3 11 10 80 
36 44 52 51  3 11 138 
36 44 52 51  3  4 12 174 
36 35 34 33  2  5 13 163 
36 35 34 33  2  5  6 14 110 
36 35 34 33  2  5  6 14 15 60 
36 35 34 33  2  5  6 14 15 16 116 
36 44 52 51  3 11 10  9 17 71 
36 44 52 51  3 11 10 18 61 
36 44 52 51  3 11 19 133 
36 44 52 51  3  4 12 20 200 
36 44 43  1 29 21 148 
36 44 43  1 29 21 22 87 
36 44 43  1 29 21 22 23 73 
36 44 43  1 29 30 31 32 24 137 
36 44 52 51  3 11 10  9 17 25 66 
36 44 52 51  3 11 19 27 26 69 
36 44 52 51  3 11 19 27 134 
36 44 52 51  3  4 12 20 28 186 
36 44 43  1 29 161 
36 44 43  1 29 30 92 
36 44 43  1 29 30 31 77 
36 44 43  1 29 30 31 32 126 
36 35 34 33 59 
36 35 34 71 
36 35 132 
36 35 34 33  2 37 139 
36 44 43  1 48 47 39 38 97 
36 44 43  1 48 47 39 73 
36 44 43  1 48 40 119 
36 35 34 42 41 76 
36 35 34 42 75 
36 44 43 161 
36 44 167 
36 44 43  1 48 47 46 45 168 
36 44 43  1 48 47 46 94 
36 44 43  1 48 47 71 
36 44 43  1 48 118 
36 35 34 42 41 49 71 
36 44 52 51 50 63 
36 44 52 51 140 
36 44 52 171 
36 44 43  1 63 62 61 53 154 
36 44 43  1 63 62 54 126 
36 44 43  1 63 55 61 
36 44 43  1 48 56 119 
36 44 52 51 50 58 57 109 
36 44 52 51 50 58 84 
36 44 52 60 59 138 
36 44 52 60 145 
36 44 43  1 63 62 61 114 
36 44 43  1 63 62 84 
36 44 43  1 63 74 
36 44 43  1 63 64 178 
37 38 39 40 48  1 53 
37  2 70 
37  2  3 164 
37  2  3  4 198 
37  2  5 170 
37  2  5  6 128 
37  2  5  6  7 73 
37  2  8 114 
37 38 39 40 48  1  9 73 
37  2 10 64 
37  2 10 11 148 
37  2 10 11 12 204 
37  2  5 13 172 
37  2  5  6 14 91 
37  2  5  6  7 15 59 
37  2  8 16 124 
37 38 39 40 48  1  9 17 58 
37  2 10 18 65 
37  2 10 11 19 111 
37  2 10 11 19 20 165 
37 38 39 40 48  1 29 21 157 
37 38 39 40 48  1 29 21 22 110 
37 38 39 40 48  1 29 21 22 23 76 
37 38 39 40 48  1 29 21 22 23 24 121 
37 38 39 40 48  1  9 17 25 75 
37  2 10 18 26 69 
37  2 10 11 19 27 141 
37  2 10 11 19 27 28 192 
37 38 39 40 48  1 29 157 
37 38 39 40 48  1 29 30 116 
37 38 39 40 48  1 29 30 31 60 
37 38 39 40 48  1 29 30 31 32 135 
37  2 33 57 
37  2 33 34 59 
37  2 33 34 35 150 
37  2 33 34 35 36 205 
37 38 110 
37 38 39 68 
37 38 39 40 127 
37  2 33 41 74 
37  2 33 34 42 73 
37 38 39 40 48  1 43 150 
37 38 39 40 48  1 43 44 190 
37 45 179 
37 45 46 102 
37 38 39 47 75 
37 38 39 40 48 130 
37  2 33 41 49 72 
37  2 33 34 42 50 75 
37 38 39 40 48  1 43 51 122 
37 38 39 40 48  1 43 44 52 188 
37 45 53 153 
37 45 53 54 121 
37 45 53 54 55 68 
37 38 39 40 48 56 113 
37  2 33 41 49 57 106 
37  2 33 34 42 50 58 86 
37 38 39 40 48  1 43 51 59 114 
37 38 39 40 48  1 43 44 52 60 150 
37 45 53 61 95 
37 45 53 61 62 85 
37 45 53 54 55 63 41 
37 45 53 54 55 63 64 177 
38 39 40 48  1 44 
38 37  2 82 
38 37  2  3 160 
38 37  2  3  4 192 
38 37  2  5 203 
38 37  2  5  6 115 
38 37  2  5  6  7 73 
38 37  2  8 97 
38 39 40 48  1  9 76 
38 39 40 48  1  9 10 65 
38 39 40 48  1  9 10 11 132 
38 37  2  3  4 12 200 
38 39 40 48  1 29 21 13 151 
38 39 40 48  1 29 21 13 14 100 
38 39 40 48  1 29 21 13 14 15 60 
38 37  2  8 16 117 
38 39 40 48  1  9 17 61 
38 39 40 48  1  9 10 18 67 
38 39 40 48  1  9 10 11 19 130 
38 37  2  3  4 12 20 183 
38 39 40 48  1 29 21 129 
38 39 40 48  1 29 21 22 104 
38 39 40 48  1 29 30 31 23 66 
38 39 40 48  1 29 30 31 23 24 116 
38 39 40 48  1  9 17 25 61 
38 39 40 48  1  9 10 18 26 66 
38 39 40 48  1  9 10 18 26 27 141 
38 37  2  3  4 12 20 28 213 
38 39 40 48  1 29 157 
38 39 40 48  1 29 30 107 
38 39 40 48  1 29 30 31 81 
38 39 40 48  1 29 30 31 32 111 
38 37  2 33 69 
38 39 40 48  1 43 42 34 53 
38 39 40 48  1 43 35 162 
38 39 40 48  1 43 35 36 181 
38 37 168 
38 39 64 
38 39 40 142 
38 39 40 48  1 43 42 41 81 
38 39 40 48  1 43 42 72 
38 39 40 48  1 43 158 
38 39 40 48  1 43 44 180 
38 46 45 174 
38 46 127 
38 46 47 70 
38 39 40 48 130 
38 39 40 48  1 43 42 41 49 76 
38 39 40 48  1 43 42 50 70 
38 39 40 48  1 43 51 142 
38 39 40 48  1 43 44 52 201 
38 46 54 53 153 
38 46 54 94 
38 46 54 55 62 
38 46 54 55 56 134 
38 39 40 48  1 43 42 41 49 57 117 
38 39 40 48  1 43 42 50 58 72 
38 39 40 48  1 43 51 59 126 
38 39 40 48  1 43 44 52 60 148 
38 46 54 62 61 105 
38 46 54 62 82 
38 46 54 62 63 60 
38 46 54 55 56 64 185 
39 47 48  1 35 
39 47 48  1  2 83 
39 47 48  1  2  3 166 
39 47 48  1  2  3  4 204 
39 47 48  1  2  5 177 
39 47 48  1  2  5  6 132 
39 47 48  1  2  5  6  7 71 
39 47 48  1  2  8 84 
39 47 48  1  9 74 
39 47 48  1  2 10 74 
39 47 48  1  2 10 11 136 
39 47 48  1  2 10 11 12 196 
39 47 48  1 29 21 13 158 
39 47 48  1 29 30 22 14 99 
39 47 48  1 29 30 22 14 15 62 
39 47 48  1 29 30 22 14 15 16 119 
39 47 48  1  9 17 71 
39 47 48  1  2 10 18 70 
39 47 48  1  2 10 11 19 137 
39 47 48  1  2 10 11 19 20 178 
39 47 48  1 29 21 164 
39 47 48  1 29 30 22 103 
39 47 48  1 29 30 31 23 69 
39 47 48  1 29 30 31 23 24 132 
39 47 48  1  9 17 25 63 
39 47 48  1  9 17 25 26 63 
39 47 48  1  9 17 25 26 27 128 
39 47 48  1  9 17 25 26 27 28 195 
39 47 48  1 29 162 
39 47 48  1 29 30 93 
39 47 48  1 29 30 31 62 
39 47 48  1 29 30 31 32 143 
39 47 48  1  2 33 57 
39 47 48  1 43 35 34 76 
39 47 48  1 43 35 136 
39 47 48  1 43 35 36 199 
39 38 37 151 
39 38 110 
39 40 127 
39 47 48  1  2 33 41 73 
39 47 48  1 43 42 65 
39 47 48  1 43 143 
39 47 48  1 43 44 189 
39 38 37 45 154 
39 47 46 108 
39 47 75 
39 47 48 143 
39 47 48  1  2 33 41 49 65 
39 47 48  1 43 42 50 52 
39 47 48  1 43 51 129 
39 47 48  1 43 44 52 189 
39 47 55 54 53 171 
39 47 55 54 117 
39 47 55 77 
39 47 55 56 122 
39 47 48  1  2 33 41 49 57 111 
39 47 48  1 43 42 50 58 80 
39 47 48  1 43 51 59 116 
39 47 48  1 43 44 52 60 167 
39 47 55 54 53 61 119 
39 47 55 63 62 70 
39 47 55 63 55 
39 47 55 63 64 182 
40 48  1 47 
40 48  1  2 63 
40 48  1  2  3 142 
40 48  1  2  3  4 203 
40 48  1  2  5 185 
40 48  1  2  5  6 127 
40 48  1  2  5  6  7 66 
40 48  1  2  8 102 
40 48  1  9 90 
40 48  1  9 10 59 
40 48  1  9 10 11 156 
40 48  1  2  3  4 12 203 
40 48  1 29 21 13 163 
40 48  1 29 21 13 14 109 
40 48  1 29 21 13 14 15 68 
40 48  1  2  8 16 140 
40 48  1  9 17 59 
40 48  1  9 10 18 70 
40 48  1  9 10 11 19 130 
40 48  1  2  3  4 12 20 167 
40 48  1 29 21 165 
40 48  1 29 21 22 97 
40 48  1 29 30 31 23 66 
40 48  1 29 30 31 23 24 126 
40 48  1  9 17 25 64 
40 48  1  9 10 18 26 78 
40 48  1  9 10 18 26 27 137 
40 48  1  2  3  4 12 20 28 198 
40 48  1 29 138 
40 48  1 29 30 119 
40 48  1 29 30 31 73 
40 48  1 29 30 31 32 116 
40 48  1  2 33 66 
40 48  1  2 33 34 70 
40 48  1 43 35 130 
40 48  1 43 35 36 195 
40 39 38 37 165 
40 39 38 97 
40 39 74 
40 48  1  2 33 41 74 
40 48  1 43 42 84 
40 48  1 43 133 
40 48  1 43 44 154 
40 39 38 46 45 155 
40 39 38 46 114 
40 48 47 70 
40 48 139 
40 48  1  2 33 41 49 71 
40 48  1 43 42 50 63 
40 48  1 43 51 161 
40 48  1 43 44 52 196 
40 39 38 46 45 53 145 
40 48 56 55 54 101 
40 48 56 55 86 
40 48 56 110 
40 48  1  2 33 41 49 57 111 
40 48  1 43 42 50 58 81 
40 48  1 43 51 59 148 
40 48  1 43 44 52 60 140 
40 48 56 55 54 62 61 115 
40 48 56 55 54 62 73 
40 48 56 64 63 48 
40 48 56 64 194 
41 42 43  1 40 
41 33  2 53 
41 42 43 51  3 145 
41 42 43 51  3  4 191 
41 33  2  5 182 
41 33  2  5  6 126 
41 33  2  5  6  7 64 
41 33  2  5  6  7  8 95 
41 42 43 51  3 11 10  9 72 
41 42 43 51  3 11 10 74 
41 42 43 51  3 11 140 
41 42 43 51  3  4 12 173 
41 33  2  5 13 161 
41 33  2  5  6 14 114 
41 33  2  5  6 14 15 67 
41 33  2  5  6 14 15 16 144 
41 42 43 51  3 11 10  9 17 68 
41 42 43 51  3 11 10 18 76 
41 42 43 51  3 11 19 138 
41 42 43 51  3 11 19 20 185 
41 33  2  5 13 21 173 
41 33  2  5  6 14 22 98 
41 33  2  5  6 14 15 23 65 
41 33  2  5  6 14 15 23 24 145 
41 42 43 51  3 11 10  9 17 25 78 
41 42 43 51  3 11 19 27 26 62 
41 42 43 51  3 11 19 27 138 
41 42 43 51  3 11 19 20 28 201 
41 42 43  1 29 167 
41 42 43  1 29 30 95 
41 42 43  1 29 30 31 59 
41 42 43  1 29 30 31 32 125 
41 33 84 
41 42 34 67 
41 42 43 35 128 
41 42 43 44 36 215 
41 33  2 37 184 
41 42 43  1 48 47 39 38 110 
41 42 43  1 48 47 39 68 
41 42 43  1 48 40 131 
41 42 81 
41 42 43 157 
41 42 43 44 177 
41 42 43  1 48 47 46 45 179 
41 42 43  1 48 47 46 95 
41 42 43  1 48 47 85 
41 42 43  1 48 149 
41 49 72 
41 49 50 84 
41 42 43 51 144 
41 42 43 44 52 171 
41 42 43  1 63 62 61 53 169 
41 42 43  1 63 62 54 101 
41 42 43  1 63 55 68 
41 42 43  1 48 56 131 
41 49 57 96 
41 49 57 58 75 
41 49 57 58 59 121 
41 42 43 44 52 60 167 
41 42 43  1 63 62 61 112 
41 42 43  1 63 62 77 
41 42 43  1 63 68 
41 42 43  1 63 64 184 
42 43  1 51 
42 41 33  2 55 
42 50 51  3 177 
42 50 51  3  4 225 
42 41 33  2  5 164 
42 41 33  2  5  6 122 
42 41 33  2  5  6  7 74 
42 41 33  2  5  6  7  8 104 
42 50 51  3 11 10  9 66 
42 50 51  3 11 10 57 
42 50 51  3 11 162 
42 50 51  3  4 12 171 
42 41 33  2  5 13 195 
42 41 33  2  5  6 14 97 
42 41 33  2  5  6 14 15 66 
42 41 33  2  5  6 14 15 16 115 
42 50 51  3 11 10  9 17 62 
42 50 51  3 11 19 18 75 
42 50 51  3 11 19 135 
42 50 51  3  4 12 20 186 
42 43  1 29 21 162 
42 43  1 29 21 22 105 
42 43  1 29 21 22 23 71 
42 43  1 29 21 22 23 24 113 
42 50 51  3 11 19 27 26 25 57 
42 50 51  3 11 19 27 26 76 
42 50 51  3 11 19 27 162 
42 50 51  3  4 12 20 28 172 
42 43  1 29 154 
42 43  1 29 30 105 
42 43  1 29 30 31 76 
42 43  1 29 30 31 32 124 
42 41 33 64 
42 34 74 
42 43 35 163 
42 43 44 36 185 
42 43  1 63 62 61 53 45 37 157 
42 43  1 48 47 39 38 137 
42 43  1 48 47 39 67 
42 43  1 48 40 116 
42 41 68 
42 43 160 
42 43 44 195 
42 43  1 63 62 61 53 45 172 
42 43  1 48 47 46 113 
42 43  1 48 47 78 
42 43  1 48 131 
42 50 49 60 
42 50 69 
42 50 51 142 
42 50 51 52 183 
42 43  1 63 62 61 53 146 
42 43  1 63 62 54 107 
42 43  1 63 55 80 
42 43  1 48 56 142 
42 50 58 57 115 
42 50 58 78 
42 50 58 59 126 
42 50 51 52 60 162 
42 43  1 63 62 61 92 
42 43  1 63 62 71 
42 43  1 63 58 
42 43  1 63 64 166 
43  1 44 
43 42 41 33  2 78 
43 51  3 154 
43 51  3  4 209 
43 42 41 33  2  5 170 
43 42 41 33  2  5  6 124 
43 42 41 33  2  5  6  7 69 
43 42 41 33  2  8 84 
43 51  3 11 10  9 75 
43 51  3 11 10 66 
43 51  3 11 130 
43 51  3  4 12 184 
43  1 29 21 13 169 
43  1 29 21 13 14 76 
43  1 29 21 13 14 15 54 
43  1 29 21 13 14 15 16 133 
43 51  3 11 10  9 17 85 
43 51  3 11 10 18 75 
43 51  3 11 19 128 
43 51  3  4 12 20 172 
43  1 29 21 168 
43  1 29 21 22 91 
43  1 29 21 22 23 58 
43  1 29 30 31 32 24 95 
43 51  3 11 10  9 17 25 64 
43 51  3 11 19 27 26 71 
43 51  3 11 19 27 134 
43 51  3  4 12 20 28 182 
43  1 29 163 
43  1 29 30 105 
43  1 29 30 31 71 
43  1 29 30 31 32 115 
43 42 41 33 75 
43 42 34 75 
43 35 148 
43 44 36 204 
43  1 48 40 39 38 37 156 
43  1 48 40 39 38 112 
43  1 48 40 39 84 
43  1 48 40 133 
43 42 41 80 
43 42 70 
43 44 183 
43  1 63 62 61 53 45 160 
43  1 48 47 46 118 
43  1 48 47 73 
43  1 48 142 
43 42 41 49 70 
43 51 50 70 
43 51 148 
43 51 52 174 
43  1 63 62 61 53 138 
43  1 63 62 54 108 
43  1 63 55 72 
43  1 48 56 117 
43 51 59 58 57 95 
43 51 59 58 93 
43 51 59 115 
43 51 59 60 140 
43  1 63 62 61 111 
43  1 63 62 84 
43  1 63 71 
43  1 63 64 194 
44 43  1 32 
44 43 42 41 33  2 64 
44 52 51  3 169 
44 52 51  3  4 183 
44 43 42 41 33  2  5 202 
44 43 42 41 33  2  5  6 127 
44 43 42 41 33  2  5  6  7 67 
44 43 42 41 33  2  8 112 
44 52 51  3 11 10  9 73 
44 52 51  3 11 10 68 
44 52 51  3 11 127 
44 52 51  3  4 12 189 
44 43  1 29 21 13 171 
44 43  1 29 21 13 14 92 
44 43  1 29 21 13 14 15 58 
44 43  1 29 21 13 14 15 16 129 
44 52 51  3 11 10  9 17 78 
44 52 51  3 11 19 18 80 
44 52 51  3 11 19 123 
44 52 51  3 11 19 20 177 
44 43  1 29 21 169 
44 43  1 29 30 22 116 
44 43  1 29 30 22 23 70 
44 43  1 29 30 31 32 24 127 
44 52 51  3 11 10  9 17 25 52 
44 52 51  3 11 19 27 26 69 
44 52 51  3 11 19 27 160 
44 52 51  3 11 19 20 28 221 
44 43  1 29 153 
44 43  1 29 30 113 
44 43  1 29 30 31 73 
44 43  1 29 30 31 32 117 
44 43 42 41 33 78 
44 43 42 34 55 
44 43 35 152 
44 36 190 
44 43  1 63 62 61 53 45 37 160 
44 43  1 48 40 39 38 119 
44 43  1 48 40 39 87 
44 43  1 48 40 128 
44 43 42 41 66 
44 43 42 78 
44 43 158 
44 43  1 63 62 61 53 45 163 
44 43  1 48 47 46 120 
44 43  1 48 47 76 
44 43  1 48 135 
44 43 42 50 49 72 
44 43 42 50 68 
44 52 51 129 
44 52 202 
44 43  1 63 62 61 53 145 
44 43  1 63 62 54 112 
44 43  1 63 55 70 
44 43  1 48 56 119 
44 43 42 50 49 57 112 
44 52 51 59 58 84 
44 52 51 59 123 
44 52 60 148 
44 43  1 63 62 61 116 
44 43  1 63 62 72 
44 43  1 63 62 
44 43  1 63 64 165 
45 46 47 48  1 42 
45 37  2 57 
45 37  2  3 141 
45 37  2  3  4 206 
45 37  2  5 173 
45 37  2  5  6 131 
45 37  2  5  6  7 69 
45 37  2  8 119 
45 46 47 48  1  9 67 
45 46 47 48  1  9 10 79 
45 46 47 48  1  9 10 11 141 
45 37  2  3  4 12 182 
45 46 47 48  1 29 21 13 182 
45 46 47 48  1 29 21 13 14 85 
45 46 47 48  1 29 21 13 14 15 72 
45 46 47 48  1 29 21 13 14 15 16 127 
45 46 47 48  1  9 17 84 
45 46 47 48  1  9 17 18 56 
45 46 47 48  1  9 17 18 19 113 
45 46 47 48  1  9 17 18 19 20 185 
45 46 47 48  1 29 21 152 
45 46 47 48  1 29 21 22 103 
45 46 47 48  1 29 30 31 23 57 
45 46 47 48  1 29 30 31 23 24 129 
45 46 47 48  1  9 17 25 89 
45 46 47 48  1  9 17 25 26 72 
45 46 47 48  1  9 17 18 19 27 153 
45 46 47 48  1  9 17 18 19 27 28 178 
45 46 47 48  1 29 167 
45 46 47 48  1 29 30 91 
45 46 47 48  1 29 30 31 64 
45 46 47 48  1 29 30 31 32 130 
45 37  2 33 61 
45 37  2 33 34 55 
45 46 47 48  1 43 35 152 
45 46 47 48  1 43 44 36 205 
45 37 176 
45 46 38 112 
45 46 47 39 73 
45 46 47 48 40 120 
45 37  2 33 41 60 
45 46 47 48  1 43 42 76 
45 46 47 48  1 43 189 
45 46 47 48  1 43 44 188 
45 46 97 
45 46 47 71 
45 46 47 48 125 
45 37  2 33 41 49 93 
45 46 47 48  1 43 42 50 60 
45 46 47 48  1 43 51 128 
45 46 47 48  1 43 44 52 170 
45 53 162 
45 53 54 100 
45 46 47 55 64 
45 46 47 55 56 121 
45 37  2 33 41 49 57 120 
45 46 47 48  1 43 42 50 58 65 
45 46 47 48  1 43 51 59 108 
45 46 47 48  1 43 51 59 60 129 
45 53 61 121 
45 53 61 62 74 
45 53 61 62 63 53 
45 46 47 55 56 64 188 
46 47 48  1 47 
46 47 48  1  2 64 
46 47 48  1  2  3 152 
46 47 48  1  2  3  4 201 
46 47 48  1  2  5 158 
46 47 48  1  2  5  6 121 
46 47 48  1  2  5  6  7 68 
46 47 48  1  2  8 102 
46 47 48  1  9 72 
46 47 48  1  2 10 60 
46 47 48  1  2 10 11 148 
46 47 48  1  2 10 11 12 152 
46 47 48  1 29 21 13 155 
46 47 48  1 29 21 13 14 96 
46 47 48  1 29 21 13 14 15 60 
46 47 48  1 29 21 13 14 15 16 100 
46 47 48  1  9 17 67 
46 47 48  1  2 10 18 60 
46 47 48  1  2 10 11 19 136 
46 47 48  1  2 10 11 19 20 186 
46 47 48  1 29 21 155 
46 47 48  1 29 30 22 122 
46 47 48  1 29 30 31 23 60 
46 47 48  1 29 30 31 23 24 121 
46 47 48  1  9 17 25 70 
46 47 48  1  9 17 25 26 79 
46 47 48  1  9 17 25 26 27 136 
46 47 48  1  9 17 25 26 27 28 191 
46 47 48  1 29 173 
46 47 48  1 29 30 93 
46 47 48  1 29 30 31 77 
46 47 48  1 29 30 31 32 143 
46 47 48  1  2 33 64 
46 47 48  1  2 33 34 82 
46 47 48  1 43 35 162 
46 47 48  1 43 35 36 179 
46 45 37 179 
46 38 101 
46 47 39 67 
46 47 48 40 131 
46 47 48  1  2 33 41 81 
46 47 48  1 43 42 73 
46 47 48  1 43 137 
46 47 48  1 43 44 157 
46 45 161 
46 47 64 
46 47 48 139 
46 47 48  1  2 33 41 49 57 
46 47 48  1 43 42 50 62 
46 47 48  1 43 51 143 
46 47 48  1 43 51 52 164 
46 54 53 153 
46 54 105 
46 54 55 84 
46 47 48 56 111 
46 47 48  1  2 33 41 49 57 132 
46 47 48  1 43 42 50 58 82 
46 47 48  1 43 51 59 129 
46 47 48  1 43 51 59 60 145 
46 54 62 61 132 
46 54 62 69 
46 54 62 63 59 
46 54 62 63 64 159 
47 48  1 44 
47 48  1  2 68 
47 48  1  2  3 170 
47 48  1  2  3  4 232 
47 48  1  2  5 167 
47 48  1  2  5  6 133 
47 48  1  2  5  6  7 73 
47 48  1  2  5  6  7  8 87 
47 48  1  9 62 
47 48  1  2 10 60 
47 48  1  2 10 11 124 
47 48  1  2 10 11 12 165 
47 48  1 29 21 13 171 
47 48  1 29 21 13 14 93 
47 48  1 29 21 13 14 15 70 
47 48  1 29 21 13 14 15 16 99 
47 48  1  9 17 70 
47 48  1  2 10 18 65 
47 48  1  2 10 11 19 116 
47 48  1  2 10 11 19 20 188 
47 48  1 29 21 190 
47 48  1 29 30 22 114 
47 48  1 29 30 31 23 80 
47 48  1 29 30 31 23 24 139 
47 48  1  9 17 25 64 
47 48  1  9 17 25 26 68 
47 48  1  9 17 25 26 27 147 
47 48  1  9 17 25 26 27 28 185 
47 48  1 29 153 
47 48  1 29 30 108 
47 48  1 29 30 31 64 
47 48  1 29 30 31 32 144 
47 48  1  2 33 49 
47 48  1 43 35 34 74 
47 48  1 43 35 148 
47 48  1 43 44 36 192 
47 46 45 37 166 
47 46 38 102 
47 39 69 
47 48 40 114 
47 48  1 43 42 41 77 
47 48  1 43 42 74 
47 48  1 43 151 
47 48  1 43 44 177 
47 46 45 150 
47 46 91 
47 48 137 
47 48  1 43 42 41 49 71 
47 48  1 43 42 50 76 
47 48  1 43 51 140 
47 48  1 43 51 52 196 
47 46 45 53 133 
47 55 54 117 
47 55 60 
47 55 56 106 
47 48  1 43 42 50 58 57 102 
47 48  1 43 42 50 58 95 
47 48  1 43 51 59 95 
47 48  1 43 51 52 60 142 
47 55 63 62 61 101 
47 55 63 62 75 
47 55 63 52 
47 55 63 64 164 
48  1 37 
48  1  2 77 
48  1  2  3 169 
48  1  2  3  4 199 
48  1  2  5 162 
48  1  2  5  6 128 
48  1  2  5  6  7 57 
48  1  2  8 78 
48  1  9 66 
48  1  2 10 70 
48  1  2 10 11 144 
48  1  2 10 11 12 182 
48  1 29 21 13 161 
48  1 29 21 13 14 117 
48  1 29 21 13 14 15 79 
48  1  2  8 16 140 
48  1  9 17 69 
48  1  9 17 18 58 
48  1  9 17 18 19 146 
48  1  9 17 18 19 20 194 
48  1 29 21 163 
48  1 29 30 22 102 
48  1 29 30 31 23 68 
48  1 29 30 31 23 24 115 
48  1  9 17 25 74 
48  1  9 17 25 26 81 
48  1  9 17 18 19 27 164 
48  1  9 17 18 19 27 28 196 
48  1 29 149 
48  1 29 30 99 
48  1 29 30 31 82 
48  1 29 30 31 32 121 
48  1  2 33 90 
48  1 43 35 34 91 
48  1 43 35 144 
48  1 43 44 36 166 
48 47 46 45 37 171 
48 47 46 38 95 
48 47 39 71 
48 40 120 
48  1 43 42 41 84 
48  1 43 42 76 
48  1 43 159 
48  1 43 44 160 
48 47 46 45 172 
48 47 46 100 
48 47 84 
48  1 43 42 41 49 65 
48  1 43 42 50 68 
48  1 43 51 143 
48  1 43 44 52 186 
48 47 46 54 53 174 
48 47 46 54 101 
48 56 55 73 
48 56 122 
48  1 43 42 50 58 57 107 
48  1 43 42 50 58 80 
48  1 43 51 59 126 
48  1 43 51 59 60 160 
48 47 46 54 53 61 101 
48 56 55 63 62 79 
48 56 55 63 48 
48 56 64 202 
49 50 51 43  1 42 
49 41 33  2 59 
49 50 51  3 158 
49 50 51  3  4 188 
49 41 33  2  5 174 
49 41 33  2  5  6 143 
49 41 33  2  5  6  7 61 
49 41 33  2  8 96 
49 50 51  3 11 10  9 70 
49 50 51  3 11 10 56 
49 50 51  3 11 143 
49 50 51  3  4 12 209 
49 41 33  2  5 13 169 
49 41 33  2  5 13 14 95 
49 41 33  2  5  6  7 15 71 
49 41 33  2  8 16 115 
49 50 51  3 11 10 18 17 56 
49 50 51  3 11 10 18 69 
49 50 51  3 11 19 135 
49 50 51  3  4 12 20 179 
49 41 33  2  5 13 21 156 
49 41 33  2  5 13 21 22 92 
49 41 33  2  5 13 21 22 23 57 
49 41 33  2  5 13 21 22 23 24 114 
49 50 51  3 11 10 18 26 25 85 
49 50 51  3 11 10 18 26 68 
49 50 51  3 11 19 27 150 
49 50 51  3  4 12 20 28 201 
49 50 51 43  1 29 160 
49 50 51 43  1 29 30 102 
49 50 51 43  1 29 30 31 65 
49 50 51 43  1 29 30 31 32 133 
49 41 33 72 
49 41 33 34 82 
49 50 51 43 35 145 
49 50 51 43 35 36 187 
49 41 33  2 37 163 
49 41 33  2 37 38 95 
49 50 51 43  1 48 47 39 77 
49 50 51 43  1 48 40 131 
49 41 60 
49 50 42 78 
49 50 51 43 146 
49 50 51 52 44 173 
49 41 33  2 37 45 148 
49 50 51 43  1 48 47 46 104 
49 50 51 43  1 48 47 82 
49 50 51 43  1 48 124 
49 50 63 
49 50 51 122 
49 50 51 52 171 
49 50 51 43  1 63 62 61 53 165 
49 50 51 43  1 63 62 54 100 
49 50 51 43  1 63 55 58 
49 50 51 43  1 48 56 123 
49 57 141 
49 57 58 75 
49 50 51 59 117 
49 50 51 59 60 151 
49 50 51 43  1 63 62 61 103 
49 50 51 43  1 63 62 61 
49 50 51 43  1 63 58 
49 50 51 43  1 63 64 168 
50 51 43  1 49 
50 42 34 33  2 68 
50 51  3 152 
50 51  3  4 204 
50 42 34 33  2  5 173 
50 42 34 33  2  5  6 106 
50 42 34 33  2  5  6  7 80 
50 42 34 33  2  8 105 
50 51  3 11 10  9 65 
50 51  3 11 10 63 
50 51  3 11 155 
50 51  3  4 12 192 
50 42 34 33  2  5 13 174 
50 42 34 33  2  5  6 14 105 
50 42 34 33  2  5  6  7 15 62 
50 42 34 33  2  8 16 124 
50 51  3 11 10 18 17 59 
50 51  3 11 10 18 62 
50 51  3 11 19 147 
50 51  3  4 12 20 206 
50 51 43  1 29 21 161 
50 51 43  1 29 21 22 88 
50 51 43  1 29 21 22 23 75 
50 51 43  1 29 21 22 23 24 139 
50 51  3 11 10 18 26 25 80 
50 51  3 11 10 18 26 55 
50 51  3 11 19 27 137 
50 51  3  4 12 20 28 198 
50 51 43  1 29 150 
50 51 43  1 29 30 104 
50 51 43  1 29 30 31 57 
50 51 43  1 29 30 31 32 140 
50 42 34 33 70 
50 42 34 68 
50 42 34 35 135 
50 51 52 44 36 185 
50 42 34 33  2 37 169 
50 51 43  1 48 47 39 38 110 
50 51 43  1 48 47 39 74 
50 51 43  1 48 40 143 
50 49 41 72 
50 42 80 
50 51 43 148 
50 51 52 44 193 
50 51 43  1 63 62 61 53 45 157 
50 51 43  1 48 47 46 112 
50 51 43  1 48 47 59 
50 51 43  1 48 123 
50 49 71 
50 51 132 
50 51 52 168 
50 51 43  1 63 62 61 53 161 
50 51 43  1 63 62 54 120 
50 51 43  1 63 55 63 
50 51 43  1 48 56 126 
50 58 57 110 
50 58 84 
50 58 59 142 
50 51 52 60 147 
50 51 43  1 63 62 61 133 
50 51 43  1 63 62 66 
50 51 43  1 63 64 
50 51 43  1 63 64 156 
51 43  1 45 
51  3  2 62 
51  3 153 
51  3  4 201 
51  3  2  5 173 
51  3  2  5  6 142 
51  3  2  5  6  7 63 
51  3  2  8 105 
51  3 11 10  9 87 
51  3 11 10 75 
51  3 11 139 
51  3  4 12 177 
51 43  1 29 21 13 154 
51  3  2  5  6 14 95 
51 43  1 29 21 22 23 15 59 
51  3  2  8 16 121 
51  3 11 19 18 17 70 
51  3 11 19 18 74 
51  3 11 19 134 
51  3  4 12 20 192 
51 43  1 29 21 146 
51 43  1 29 21 22 104 
51 43  1 29 21 22 23 65 
51 43  1 29 21 22 23 24 120 
51  3 11 19 18 17 25 62 
51  3 11 19 18 26 67 
51  3 11 19 27 171 
51  3 11 19 27 28 197 
51 43  1 29 156 
51 43  1 29 30 99 
51 43  1 29 30 31 67 
51 43  1 29 30 31 32 128 
51 50 49 41 33 60 
51 43 35 34 74 
51 43 35 138 
51 43 35 36 200 
51 43  1 48 47 46 38 37 150 
51 43  1 48 47 46 38 122 
51 43  1 48 40 39 68 
51 43  1 48 40 134 
51 50 49 41 57 
51 50 42 72 
51 43 128 
51 52 44 190 
51 43  1 48 47 46 45 184 
51 43  1 48 47 46 104 
51 43  1 48 47 76 
51 43  1 48 124 
51 50 49 72 
51 50 76 
51 52 188 
51 43  1 63 62 61 53 135 
51 43  1 63 62 54 106 
51 43  1 63 55 67 
51 43  1 48 56 122 
51 50 49 57 115 
51 59 58 69 
51 59 92 
51 59 60 152 
51 43  1 63 62 61 107 
51 43  1 63 62 88 
51 43  1 63 61 
51 43  1 63 64 200 
52 51 43  1 41 
52 51  3  2 64 
52 51  3 172 
52 51  3  4 188 
52 51  3  2  5 174 
52 51  3  2  5  6 112 
52 51  3  2  5  6  7 64 
52 51  3  2  8 94 
52 51  3 11 10  9 56 
52 51  3 11 10 70 
52 51  3 11 128 
52 51  3  4 12 184 
52 51 43  1 29 21 13 163 
52 51  3  2  5  6 14 110 
52 51 43  1 29 21 22 23 15 71 
52 51  3  2  8 16 117 
52 51  3 11 19 18 17 60 
52 51  3 11 19 18 68 
52 51  3 11 19 133 
52 51  3  4 12 20 189 
52 51 43  1 29 21 156 
52 51 43  1 29 21 22 99 
52 51 43  1 29 21 22 23 60 
52 51 43  1 29 21 22 23 24 136 
52 51  3 11 19 18 17 25 62 
52 51  3 11 19 27 26 73 
52 51  3 11 19 27 135 
52 51  3 11 19 27 28 182 
52 51 43  1 29 166 
52 51 43  1 29 30 90 
52 51 43  1 29 30 31 63 
52 51 43  1 29 30 31 32 145 
52 51 50 42 34 33 67 
52 51 50 42 34 69 
52 44 36 35 150 
52 44 36 160 
52 51 43  1 48 47 46 38 37 164 
52 51 43  1 48 47 46 38 98 
52 51 43  1 48 47 39 69 
52 51 43  1 48 40 144 
52 51 50 49 41 69 
52 51 50 42 76 
52 51 43 147 
52 44 166 
52 51 43  1 63 62 61 53 45 150 
52 51 43  1 48 47 46 101 
52 51 43  1 48 47 53 
52 51 43  1 48 124 
52 51 50 49 68 
52 51 50 74 
52 51 127 
52 51 43  1 63 62 61 53 135 
52 51 43  1 63 62 54 98 
52 51 43  1 63 55 76 
52 51 43  1 48 56 120 
52 51 50 58 57 119 
52 51 50 58 77 
52 60 59 133 
52 60 152 
52 51 43  1 63 62 61 110 
52 51 43  1 63 62 85 
52 51 43  1 63 60 
52 51 43  1 63 64 160 
53 54 55 63  1 41 
53 54 55 63  1  2 62 
53 54 55 63  1  2  3 136 
53 54 55 63  1  2  3  4 206 
53 54 55 63  1  2  5 146 
53 54 55 63  1  2  5  6 138 
53 54 55 63  1  2  5  6  7 66 
53 54 55 63  1  2  8 94 
53 54 55 63  1  9 74 
53 54 55 63  1  2 10 79 
53 54 55 63  1  2 10 11 146 
53 54 55 63  1  2 10 11 12 190 
53 54 55 63  1 29 21 13 154 
53 54 55 63  1 29 30 22 14 92 
53 54 55 63  1 29 30 22 14 15 71 
53 54 55 63  1 29 30 22 14 15 16 126 
53 54 55 63  1  9 17 72 
53 54 55 63  1  2 10 18 67 
53 54 55 63  1  2 10 11 19 152 
53 54 55 63  1  2 10 11 19 20 197 
53 54 55 63  1 29 21 167 
53 54 55 63  1 29 30 22 93 
53 54 55 63  1 29 30 31 23 73 
53 54 55 63  1 29 30 31 23 24 100 
53 54 55 63  1  9 17 25 75 
53 54 55 63  1  9 17 25 26 78 
53 54 55 63  1  9 17 25 26 27 155 
53 54 55 63  1  9 17 25 26 27 28 172 
53 54 55 63  1 29 169 
53 54 55 63  1 29 30 116 
53 54 55 63  1 29 30 31 69 
53 54 55 63  1 29 30 31 32 136 
53 54 55 63  1  2 33 68 
53 54 55 63  1  2 33 34 85 
53 54 55 63  1 43 35 158 
53 54 55 63  1 43 44 36 167 
53 45 37 153 
53 45 37 38 110 
53 54 55 47 39 78 
53 54 55 47 39 40 150 
53 54 55 63  1  2 33 41 83 
53 54 55 63  1 43 42 85 
53 54 55 63  1 43 159 
53 54 55 63  1 43 44 182 
53 45 173 
53 54 46 103 
53 54 55 47 81 
53 54 55 56 48 126 
53 54 55 63  1  2 33 41 49 67 
53 54 55 63  1 43 42 50 65 
53 54 55 63  1 43 51 139 
53 54 55 63  1 43 51 52 183 
53 54 93 
53 54 55 54 
53 54 55 56 137 
53 54 55 63  1  2 33 41 49 57 110 
53 54 55 63  1 43 42 50 58 75 
53 54 55 63  1 43 51 59 108 
53 54 55 63  1 43 51 52 60 148 
53 61 106 
53 61 62 79 
53 54 55 63 78 
53 54 55 63 64 193 
54 55 63  1 42 
54 55 63  1  2 86 
54 55 63  1  2  3 149 
54 55 63  1  2  3  4 199 
54 55 63  1  2  5 157 
54 55 63  1  2  5  6 119 
54 55 63  1  2  5  6  7 60 
54 55 63  1  2  8 85 
54 55 63  1  9 73 
54 55 63  1  2 10 73 
54 55 63  1  2 10 11 128 
54 55 63  1  2 10 11 12 177 
54 55 63  1 29 21 13 156 
54 55 63  1 29 21 13 14 101 
54 55 63  1  2  5  6  7 15 58 
54 55 63  1  2  8 16 110 
54 55 63  1  9 17 58 
54 55 63  1  9 17 18 72 
54 55 63  1  9 17 18 19 137 
54 55 63  1  9 17 18 19 20 188 
54 55 63  1 29 21 148 
54 55 63  1 29 30 22 108 
54 55 63  1 29 30 31 23 56 
54 55 63  1 29 30 31 23 24 120 
54 55 63  1  9 17 25 64 
54 55 63  1  9 17 25 26 70 
54 55 63  1  9 17 18 19 27 151 
54 55 63  1  9 17 18 19 27 28 195 
54 55 63  1 29 162 
54 55 63  1 29 30 104 
54 55 63  1 29 30 31 87 
54 55 63  1 29 30 31 32 125 
54 55 63  1  2 33 57 
54 55 63  1 43 42 34 70 
54 55 63  1 43 35 138 
54 55 63  1 43 35 36 178 
54 46 38 37 154 
54 46 38 126 
54 46 38 39 62 
54 55 56 48 40 118 
54 55 63  1 43 42 41 62 
54 55 63  1 43 42 65 
54 55 63  1 43 145 
54 55 63  1 43 44 165 
54 53 45 177 
54 46 99 
54 55 47 62 
54 55 56 48 138 
54 55 63  1 43 42 41 49 71 
54 55 63  1 43 42 50 67 
54 55 63  1 43 51 152 
54 55 63  1 43 44 52 202 
54 53 156 
54 55 69 
54 55 56 130 
54 55 63  1 43 42 41 49 57 92 
54 55 63  1 43 42 50 58 90 
54 55 63  1 43 51 59 114 
54 55 63  1 43 51 59 60 143 
54 62 61 96 
54 62 55 
54 55 63 54 
54 55 63 64 203 
55 63  1 47 
55 63  1  2 74 
55 63  1  2  3 158 
55 63  1  2  3  4 205 
55 63  1  2  5 172 
55 63  1  2  5  6 117 
55 63  1  2  5  6  7 70 
55 63  1  2  8 120 
55 63  1  9 84 
55 63  1  2 10 77 
55 63  1  2 10 11 151 
55 63  1  2 10 11 12 195 
55 63  1 29 21 13 157 
55 63  1  2  5  6 14 96 
55 63  1  2  5  6  7 15 56 
55 63  1  2  8 16 116 
55 63  1  9 17 68 
55 63  1  9 17 18 59 
55 63  1  9 17 18 19 151 
55 63  1  9 17 18 19 20 186 
55 63  1 29 21 169 
55 63  1 29 30 22 118 
55 63  1 29 30 31 23 64 
55 63  1 29 30 31 23 24 115 
55 63  1  9 17 25 91 
55 63  1  9 17 25 26 67 
55 63  1  9 17 18 19 27 153 
55 63  1  9 17 18 19 27 28 196 
55 63  1 29 148 
55 63  1 29 30 102 
55 63  1 29 30 31 73 
55 63  1 29 30 31 32 137 
55 63  1  2 33 83 
55 63  1 43 42 34 88 
55 63  1 43 35 141 
55 63  1 43 44 36 217 
55 54 53 45 37 163 
55 47 39 38 130 
55 47 39 78 
55 47 39 40 119 
55 63  1 43 42 41 70 
55 63  1 43 42 89 
55 63  1 43 155 
55 63  1 43 44 194 
55 54 53 45 173 
55 54 46 119 
55 47 78 
55 56 48 138 
55 63  1 43 42 41 49 67 
55 63  1 43 42 50 64 
55 63  1 43 51 139 
55 63  1 43 44 52 174 
55 54 53 142 
55 54 108 
55 56 118 
55 63  1 43 51 59 58 57 112 
55 63  1 43 51 59 58 84 
55 63  1 43 51 59 131 
55 63  1 43 44 52 60 143 
55 54 53 61 104 
55 63 62 76 
55 63 57 
55 63 64 198 
56 48  1 42 
56 48  1  2 64 
56 48  1  2  3 150 
56 48  1  2  3  4 213 
56 48  1  2  5 162 
56 48  1  2  5  6 113 
56 48  1  2  5  6  7 68 
56 48  1  2  8 99 
56 48  1  9 61 
56 48  1  2 10 77 
56 48  1  2 10 11 150 
56 48  1  2  3  4 12 163 
56 48  1 29 21 13 174 
56 48  1  2  5  6 14 102 
56 48  1  2  5  6  7 15 66 
56 48  1  2  8 16 116 
56 48  1  9 17 68 
56 48  1  9 17 18 62 
56 48  1  9 17 18 19 140 
56 48  1  9 17 18 19 20 184 
56 48  1 29 21 155 
56 48  1 29 30 22 106 
56 48  1 29 30 31 23 60 
56 48  1 29 30 31 23 24 136 
56 48  1  9 17 25 78 
56 48  1  9 17 25 26 65 
56 48  1  9 17 18 19 27 151 
56 48  1  9 17 18 19 27 28 204 
56 48  1 29 160 
56 48  1 29 30 105 
56 48  1 29 30 31 77 
56 48  1 29 30 31 32 111 
56 48  1  2 33 68 
56 48  1 43 35 34 80 
56 48  1 43 35 136 
56 48  1 43 35 36 180 
56 55 54 46 38 37 174 
56 55 54 46 38 107 
56 48 40 39 68 
56 48 40 126 
56 48  1 43 42 41 71 
56 48  1 43 42 71 
56 48  1 43 149 
56 48  1 43 44 218 
56 55 54 53 45 148 
56 55 54 46 119 
56 55 47 58 
56 48 128 
56 48  1 43 42 41 49 56 
56 48  1 43 42 50 76 
56 48  1 43 51 146 
56 48  1 43 51 52 173 
56 55 54 53 158 
56 55 54 98 
56 55 61 
56 48  1 43 42 41 49 57 122 
56 48  1 43 42 50 58 81 
56 48  1 43 51 59 121 
56 48  1 43 51 59 60 161 
56 55 54 62 61 112 
56 55 54 62 97 
56 64 63 49 
56 64 181 
57 58 59 51 43  1 46 
57 49 41 33  2 75 
57 58 59 51  3 158 
57 58 59 51  3  4 205 
57 49 41 33  2  5 155 
57 49 41 33  2  5  6 128 
57 49 41 33  2  5  6  7 72 
57 49 41 33  2  8 99 
57 58 59 51  3 11 10  9 84 
57 58 59 51  3 11 10 65 
57 58 59 51  3 11 149 
57 58 59 51  3  4 12 148 
57 49 41 33  2  5 13 155 
57 49 41 33  2  5  6 14 102 
57 49 41 33  2  5  6 14 15 74 
57 49 41 33  2  8 16 115 
57 58 59 51  3 11 10  9 17 72 
57 58 59 51  3 11 19 18 69 
57 58 59 51  3 11 19 139 
57 58 59 51  3  4 12 20 188 
57 49 41 33  2  5 13 21 137 
57 49 41 33  2  5  6 14 22 94 
57 49 41 33  2  5  6 14 22 23 85 
57 49 41 33  2  8 16 24 115 
57 58 59 51  3 11 19 27 26 25 71 
57 58 59 51  3 11 19 27 26 71 
57 58 59 51  3 11 19 27 137 
57 58 59 51  3 11 19 27 28 181 
57 58 59 51 43  1 29 166 
57 58 59 51 43  1 29 30 108 
57 58 59 51 43  1 29 30 31 76 
57 58 59 51 43  1 29 30 31 32 124 
57 49 41 33 63 
57 49 41 42 34 69 
57 49 41 42 34 35 137 
57 58 59 51 43 44 36 157 
57 49 41 33  2 37 166 
57 49 41 33  2 37 38 98 
57 58 59 51 43  1 48 40 39 80 
57 58 59 51 43  1 48 40 132 
57 49 41 73 
57 49 41 42 69 
57 58 59 51 43 158 
57 58 59 51 43 44 187 
57 49 41 33  2 37 45 173 
57 58 59 51 43  1 48 47 46 96 
57 58 59 51 43  1 48 47 84 
57 58 59 51 43  1 48 131 
57 49 75 
57 58 50 63 
57 58 59 51 172 
57 58 59 60 52 192 
57 58 59 51 43  1 63 62 61 53 150 
57 58 59 51 43  1 63 62 54 106 
57 58 59 51 43  1 63 55 82 
57 58 59 51 43  1 48 56 110 
57 58 76 
57 58 59 99 
57 58 59 60 154 
57 58 59 51 43  1 63 62 61 118 
57 58 59 51 43  1 63 62 69 
57 58 59 51 43  1 63 56 
57 58 59 51 43  1 63 64 168 
58 50 42 43  1 42 
58 50 42 41 33  2 83 
58 59 51  3 181 
58 59 51  3  4 193 
58 50 42 41 33  2  5 179 
58 50 42 41 33  2  5  6 114 
58 50 42 41 33  2  5  6  7 68 
58 50 42 41 33  2  8 121 
58 59 51  3 11 10  9 75 
58 59 51  3 11 10 68 
58 59 51  3 11 131 
58 59 51  3  4 12 165 
58 50 42 41 33  2  5 13 174 
58 50 42 41 33  2  5  6 14 81 
58 50 42 41 33  2  5  6  7 15 68 
58 50 42 41 33  2  8 16 133 
58 59 51  3 11 19 18 17 61 
58 59 51  3 11 19 18 62 
58 59 51  3 11 19 114 
58 59 51  3  4 12 20 194 
58 50 42 43  1 29 21 155 
58 50 42 43  1 29 30 22 104 
58 50 42 43  1 29 30 22 23 86 
58 50 42 43  1 29 30 22 23 24 118 
58 59 51  3 11 19 27 26 25 82 
58 59 51  3 11 19 27 26 68 
58 59 51  3 11 19 27 144 
58 59 51  3  4 12 20 28 183 
58 50 42 43  1 29 150 
58 50 42 43  1 29 30 101 
58 50 42 43  1 29 30 31 62 
58 50 42 43  1 29 30 31 32 128 
58 50 42 41 33 76 
58 50 42 34 67 
58 50 42 43 35 144 
58 50 42 43 35 36 178 
58 50 42 41 33  2 37 155 
58 50 42 43  1 63 55 47 46 38 107 
58 50 42 43  1 63 55 47 39 68 
58 50 42 43  1 48 40 124 
58 50 42 41 79 
58 50 42 68 
58 50 42 43 132 
58 59 60 52 44 142 
58 50 42 43  1 63 62 61 53 45 159 
58 50 42 43  1 63 55 47 46 116 
58 50 42 43  1 63 55 47 63 
58 50 42 43  1 48 116 
58 57 49 72 
58 50 68 
58 59 51 132 
58 59 60 52 186 
58 50 42 43  1 63 62 61 53 146 
58 50 42 43  1 63 62 54 95 
58 50 42 43  1 63 55 61 
58 50 42 43  1 48 56 128 
58 57 117 
58 59 112 
58 59 60 155 
58 50 42 43  1 63 62 61 117 
58 50 42 43  1 63 62 88 
58 50 42 43  1 63 53 
58 50 42 43  1 63 64 184 
59 51 43  1 55 
59 51  3  2 57 
59 51  3 176 
59 51  3  4 161 
59 51  3  2  5 180 
59 51  3  2  5  6 118 
59 51  3  2  5  6  7 53 
59 51  3  2  8 101 
59 51  3 11 10  9 84 
59 51  3 11 10 72 
59 51  3 11 132 
59 51  3  4 12 173 
59 51 43  1 29 21 13 164 
59 51  3  2  5  6 14 97 
59 51 43  1 29 21 22 23 15 65 
59 51  3  2  8 16 124 
59 51  3 11 19 18 17 71 
59 51  3 11 19 18 59 
59 51  3 11 19 105 
59 51  3  4 12 20 153 
59 51 43  1 29 21 162 
59 51 43  1 29 21 22 110 
59 51 43  1 29 21 22 23 62 
59 51 43  1 29 21 22 23 24 102 
59 51  3 11 19 27 26 25 68 
59 51  3 11 19 27 26 69 
59 51  3 11 19 27 142 
59 51  3  4 12 20 28 193 
59 51 43  1 29 173 
59 51 43  1 29 30 123 
59 51 43  1 29 30 31 68 
59 51 43  1 29 30 31 32 118 
59 51 43 42 34 33 54 
59 51 43 42 34 86 
59 51 43 35 130 
59 51 43 44 36 175 
59 51 43  1 48 47 39 38 37 169 
59 51 43  1 48 47 39 38 104 
59 51 43  1 48 47 39 84 
59 51 43  1 48 40 135 
59 58 57 49 41 78 
59 51 43 42 67 
59 51 43 139 
59 51 43 44 178 
59 51 43  1 48 47 46 45 168 
59 51 43  1 48 47 46 99 
59 51 43  1 48 47 73 
59 51 43  1 48 125 
59 58 57 49 67 
59 58 50 61 
59 51 127 
59 60 52 199 
59 51 43  1 63 62 61 53 151 
59 51 43  1 63 62 54 106 
59 51 43  1 63 55 69 
59 51 43  1 48 56 111 
59 58 57 99 
59 58 65 
59 60 134 
59 51 43  1 63 62 61 142 
59 51 43  1 63 62 76 
59 51 43  1 63 55 
59 51 43  1 63 64 174 
60 59 51 43  1 38 
60 59 51  3  2 66 
60 59 51  3 154 
60 59 51  3  4 184 
60 59 51  3  2  5 193 
60 59 51  3  2  5  6 108 
60 59 51  3  2  5  6  7 71 
60 59 51  3  2  8 99 
60 59 51  3 11 10  9 69 
60 59 51  3 11 10 76 
60 59 51  3 11 138 
60 59 51  3  4 12 174 
60 59 51  3  2  5 13 135 
60 59 51  3  2  5  6 14 114 
60 59 51  3  2  5  6  7 15 66 
60 59 51  3  2  8 16 120 
60 59 51  3 11 19 18 17 69 
60 59 51  3 11 19 18 70 
60 59 51  3 11 19 137 
60 59 51  3  4 12 20 185 
60 59 51 43  1 29 21 148 
60 59 51 43  1 29 21 22 114 
60 59 51 43  1 29 21 22 23 70 
60 59 51 43  1 29 21 22 23 24 125 
60 59 51  3 11 19 18 17 25 61 
60 59 51  3 11 19 27 26 68 
60 59 51  3 11 19 27 132 
60 59 51  3  4 12 20 28 202 
60 59 51 43  1 29 189 
60 59 51 43  1 29 30 115 
60 59 51 43  1 29 30 31 76 
60 59 51 43  1 29 30 31 32 126 
60 59 51 43 42 41 33 65 
60 59 51 43 35 34 65 
60 59 51 43 35 136 
60 52 44 36 204 
60 59 51 43  1 63 62 61 53 45 37 158 
60 59 51 43  1 63 55 47 46 38 91 
60 59 51 43  1 48 40 39 68 
60 59 51 43  1 48 40 107 
60 59 51 43 42 41 78 
60 59 51 43 42 65 
60 59 51 43 138 
60 52 44 186 
60 59 51 43  1 63 62 61 53 45 155 
60 59 51 43  1 63 55 47 46 93 
60 59 51 43  1 63 55 47 69 
60 59 51 43  1 48 112 
60 59 58 57 49 82 
60 59 58 50 76 
60 59 51 164 
60 52 176 
60 59 51 43  1 63 62 61 53 158 
60 59 51 43  1 63 55 54 100 
60 59 51 43  1 63 55 83 
60 59 51 43  1 48 56 141 
60 59 58 57 104 
60 59 58 77 
60 59 122 
60 59 51 43  1 63 62 61 123 
60 59 51 43  1 63 62 73 
60 59 51 43  1 63 55 
60 59 51 43  1 63 64 171 
61 62 63  1 59 
61 62 63  1  2 69 
61 62 63  1  2  3 150 
61 62 63  1  2  3  4 204 
61 62 63  1  2  5 160 
61 62 63  1  2  5  6 132 
61 62 63  1  2  5  6  7 68 
61 62 63  1  2  8 89 
61 62 63  1  9 82 
61 62 63  1  2 10 53 
61 62 63  1  2 10 11 128 
61 62 63  1  2 10 11 12 192 
61 62 63  1 29 21 13 166 
61 62 63  1 29 30 22 14 100 
61 62 63  1 29 30 22 14 15 58 
61 62 63  1  2  8 16 108 
61 62 63  1  9 17 58 
61 62 63  1  9 17 18 76 
61 62 63  1  2 10 11 19 135 
61 62 63  1  2 10 11 19 20 191 
61 62 63  1 29 21 167 
61 62 63  1 29 30 22 107 
61 62 63  1 29 30 31 23 66 
61 62 63  1 29 30 31 23 24 141 
61 62 63  1  9 17 25 72 
61 62 63  1  9 17 25 26 62 
61 62 63  1  9 17 25 26 27 159 
61 62 63  1  9 17 25 26 27 28 195 
61 62 63  1 29 127 
61 62 63  1 29 30 109 
61 62 63  1 29 30 31 56 
61 62 63  1 29 30 31 32 146 
61 62 63  1  2 33 80 
61 62 63  1  2 33 34 77 
61 62 63  1 43 35 127 
61 62 63  1 43 35 36 197 
61 53 45 37 169 
61 53 45 46 38 134 
61 53 45 46 38 39 71 
61 62 63 55 47 48 40 122 
61 62 63  1  2 33 41 83 
61 62 63  1 43 42 74 
61 62 63  1 43 137 
61 62 63  1 43 44 178 
61 53 45 140 
61 53 45 46 111 
61 62 63 55 47 73 
61 62 63 55 47 48 140 
61 62 63  1  2 33 41 49 69 
61 62 63  1 43 42 50 68 
61 62 63  1 43 51 133 
61 62 63  1 43 51 52 178 
61 53 164 
61 62 54 101 
61 62 63 55 70 
61 62 63 64 56 117 
61 62 63  1  2 33 41 49 57 110 
61 62 63  1 43 42 50 58 71 
61 62 63  1 43 51 59 121 
61 62 63  1 43 51 59 60 126 
61 62 63 
61 62 63 60 
61 62 63 64 189 
62 63  1 52 
62 63  1  2 63 
62 63  1  2  3 153 
62 63  1  2  3  4 211 
62 63  1  2  5 180 
62 63  1  2  5  6 102 
62 63  1  2  5  6  7 68 
62 63  1  2  8 104 
62 63  1  9 85 
62 63  1  9 10 68 
62 63  1  2  3 11 126 
62 63  1  2  3 11 12 175 
62 63  1 29 21 13 187 
62 63  1 29 21 13 14 96 
62 63  1  2  5  6  7 15 64 
62 63  1  2  8 16 122 
62 63  1  9 17 72 
62 63  1  9 10 18 76 
62 63  1  2  3 11 19 143 
62 63  1  2  3 11 19 20 160 
62 63  1 29 21 161 
62 63  1 29 30 22 106 
62 63  1 29 30 31 23 58 
62 63  1 29 30 31 23 24 115 
62 63  1  9 17 25 56 
62 63  1  9 17 25 26 63 
62 63  1  9 17 25 26 27 136 
62 63  1  9 17 25 26 27 28 173 
62 63  1 29 161 
62 63  1 29 30 109 
62 63  1 29 30 31 73 
62 63  1 29 30 31 32 117 
62 63  1  2 33 73 
62 63  1  2 33 34 64 
62 63  1 43 35 162 
62 63  1 43 44 36 182 
62 54 46 45 37 187 
62 54 46 38 112 
62 54 46 38 39 74 
62 54 46 47 48 40 136 
62 63  1  2 33 41 63 
62 63  1 43 42 64 
62 63  1 43 139 
62 63  1 43 44 182 
62 54 46 45 161 
62 54 46 94 
62 54 46 47 74 
62 54 46 47 48 132 
62 63  1  2 33 41 49 80 
62 63  1 43 51 50 88 
62 63  1 43 51 139 
62 63  1 43 51 52 198 
62 61 53 173 
62 54 107 
62 54 55 75 
62 54 55 56 100 
62 63  1  2 33 41 49 57 102 
62 63  1 43 51 50 58 83 
62 63  1 43 51 59 108 
62 63  1 43 51 52 60 132 
62 61 114 
62 63 48 
62 63 64 173 
63  1 42 
63  1  2 81 
63  1  2  3 164 
63  1  2  3  4 226 
63  1  2  5 170 
63  1  2  5  6 117 
63  1  2  5  6  7 58 
63  1  2  8 86 
63  1  9 83 
63  1  9 10 63 
63  1  2  3 11 150 
63  1  2  3 11 12 188 
63  1 29 21 13 167 
63  1 29 21 13 14 92 
63  1  2  5  6  7 15 69 
63  1  2  5  6  7 15 16 121 
63  1  9 17 64 
63  1  9 10 18 49 
63  1  2  3 11 19 121 
63  1  2  3 11 19 20 214 
63  1 29 21 181 
63  1 29 30 22 97 
63  1 29 30 31 23 60 
63  1 29 30 31 23 24 132 
63  1  9 17 25 76 
63  1  9 17 25 26 73 
63  1  9 17 25 26 27 143 
63  1  9 17 25 26 27 28 178 
63  1 29 166 
63  1 29 30 96 
63  1 29 30 31 66 
63  1 29 30 31 32 148 
63  1  2 33 68 
63  1 43 35 34 77 
63  1 43 35 143 
63  1 43 44 36 194 
63 55 54 46 38 37 165 
63 55 54 46 38 124 
63 55 47 39 72 
63 55 47 48 40 123 
63  1 43 42 41 72 
63  1 43 42 68 
63  1 43 156 
63  1 43 44 211 
63 62 61 53 45 179 
63 55 54 46 110 
63 55 47 65 
63 55 47 48 119 
63  1 43 42 41 49 73 
63  1 43 42 50 73 
63  1 43 51 133 
63  1 43 44 52 179 
63 62 61 53 168 
63 55 54 105 
63 55 75 
63 55 56 128 
63  1 43 42 41 49 57 94 
63  1 43 42 50 58 78 
63  1 43 51 59 100 
63  1 43 51 59 60 140 
63 62 61 109 
63 62 68 
63 64 162 
64 63  1 40 
64 63  1  2 58 
64 63  1  2  3 161 
64 63  1  2  3  4 210 
64 63  1  2  5 180 
64 63  1  2  5  6 120 
64 63  1  2  5  6  7 61 
64 63  1  2  8 105 
64 63  1  9 64 
64 63  1  9 10 76 
64 63  1  2  3 11 130 
64 63  1  2  3 11 12 183 
64 63  1 29 21 13 167 
64 63  1 29 21 13 14 94 
64 63  1 29 21 13 14 15 55 
64 63  1  2  8 16 115 
64 63  1  9 17 66 
64 63  1  9 10 18 74 
64 63  1  2  3 11 19 131 
64 63  1  2  3 11 19 20 175 
64 63  1 29 21 162 
64 63  1 29 30 22 109 
64 63  1 29 30 31 23 72 
64 63  1 29 30 31 23 24 128 
64 63  1  9 17 25 62 
64 63  1  9 17 25 26 60 
64 63  1  9 17 25 26 27 130 
64 63  1  9 17 25 26 27 28 188 
64 63  1 29 145 
64 63  1 29 30 108 
64 63  1 29 30 31 58 
64 63  1 29 30 31 32 112 
64 63  1  2 33 69 
64 63  1  2 33 34 69 
64 63  1 43 35 140 
64 63  1 43 44 36 193 
64 56 48 47 46 45 37 167 
64 56 48 47 39 38 99 
64 56 48 47 39 76 
64 56 48 40 129 
64 63  1  2 33 41 76 
64 63  1 43 42 69 
64 63  1 43 167 
64 63  1 43 44 180 
64 56 48 47 46 45 176 
64 56 48 47 46 104 
64 56 48 47 78 
64 56 48 128 
64 63  1  2 33 41 49 68 
64 63  1 43 42 50 74 
64 63  1 43 51 148 
64 63  1 43 51 52 188 
64 63 62 61 53 156 
64 63 62 54 111 
64 63 55 68 
64 56 115 
64 63  1 43 42 50 58 57 107 
64 63  1 43 42 50 58 73 
64 63  1 43 51 59 99 
64 63  1 43 51 52 60 126 
64 63 62 61 117 
64 63 62 85 
64 63 57 
