 1  2 129 
 1  2  3 118 
 1  2  3  4 116 
 1  2  3  4  5 114 
 1  2  3  4  5  6 121 
 1  2  3  4  5  6  7 102 
 1  2  3  4  5  6  7  8 115 
 1  9 106 
 1  9 10 91 
 1  9 10 11 105 
 1  9 10 11 12 123 
 1  9 10 11 12 13 107 
 1  9 10 11 12 13 14 109 
 1  9 10 11 12 13 14 15 90 
 1  9 10 11 12 13 14 15 16 111 
 1  9 17 63 
 1  9 10 18 64 
 1  9 10 18 19 137 
 1  9 10 11 12 20 132 
 1  9 10 11 12 20 21 125 
 1  9 10 11 12 20 21 22 102 
 1  9 10 11 12 20 21 22 23 83 
 1  9 10 11 12 20 21 22 23 24 112 
 1  9 17 25 93 
 1  9 10 18 26 100 
 1  9 10 18 19 27 116 
 1  9 10 18 19 27 28 130 
 1  9 10 11 12 20 21 29 117 
 1  9 10 11 12 20 21 29 30 124 
 1  9 10 11 12 20 21 29 30 31 95 
 1  9 10 11 12 20 21 22 23 24 32 126 
 1 45 44 43 35 34 33 121 
 1 45 44 43 35 34 123 
 1 45 44 43 35 112 
 1 45 37 36 121 
 1 45 37 103 
 1 45 46 38 118 
 1 45 46 47 39 93 
 1 45 46 47 48 40 102 
 1 45 44 43 42 41 101 
 1 45 44 43 42 120 
 1 45 44 43 110 
 1 45 44 116 
 1 45 94 
 1 45 46 105 
 1 45 46 47 148 
 1 45 46 47 48 133 
 1 45 44 43 42 41 49 93 
 1 45 44 43 42 50 106 
 1 45 44 43 51 133 
 1 45 53 52 119 
 1 45 53 116 
 1 45 53 54 95 
 1 45 53 54 55 101 
 1 45 46 47 48 56 118 
 1 45 44 43 42 50 58 57 106 
 1 45 44 43 42 50 58 79 
 1 45 44 43 51 59 126 
 1 45 53 61 60 111 
 1 45 53 61 85 
 1 45 53 61 62 88 
 1 45 53 54 55 63 92 
 1 45 46 47 48 56 64 122 
 2  1 123 
 2  3 114 
 2  3  4 116 
 2  3  4  5 118 
 2  3  4  5  6 126 
 2  3  4  5  6  7 104 
 2  3  4  5  6  7  8 132 
 2 10  9 119 
 2 10 95 
 2 10 11 125 
 2 10 11 12 112 
 2 10 11 12 13 119 
 2 10 11 12 13 14 110 
 2 10 11 12 13 14 15 103 
 2 10 11 12 13 14 15 16 126 
 2 10 18 17 81 
 2 10 18 84 
 2 10 11 19 125 
 2 10 11 19 20 125 
 2 10 11 12 13 21 116 
 2 10 11 12 13 21 22 98 
 2 10 11 12 13 21 22 23 92 
 2 10 11 12 13 21 22 23 24 136 
 2 10 18 26 25 109 
 2 10 18 26 94 
 2 10 11 19 27 122 
 2 10 11 19 27 28 122 
 2 10 11 19 27 28 29 100 
 2 10 11 12 13 21 22 30 99 
 2 10 11 12 13 21 22 30 31 104 
 2 10 11 12 13 21 22 23 24 32 116 
 2  1 45 44 43 42 41 33 126 
 2  1 45 44 43 42 34 105 
 2  1 45 44 43 35 114 
 2  1 45 37 36 121 
 2  1 45 37 110 
 2  1 45 37 38 108 
 2  1 45 37 38 39 124 
 2  1 45 37 38 39 40 118 
 2  1 45 44 43 42 41 116 
 2  1 45 44 43 42 115 
 2  1 45 44 43 104 
 2  1 45 44 136 
 2  1 45 127 
 2  1 45 46 113 
 2  1 45 46 47 107 
 2  1 45 46 47 48 122 
 2  1 45 44 43 42 50 49 81 
 2  1 45 44 43 42 50 92 
 2  1 45 44 43 51 123 
 2  1 45 53 52 127 
 2  1 45 53 91 
 2  1 45 46 54 131 
 2  1 45 46 47 55 101 
 2  1 45 46 47 55 56 124 
 2  1 45 44 43 42 50 58 57 89 
 2  1 45 44 43 42 50 58 86 
 2  1 45 44 43 51 59 114 
 2  1 45 53 52 60 119 
 2  1 45 53 61 109 
 2  1 45 46 54 62 94 
 2  1 45 46 47 55 63 89 
 2  1 45 46 47 55 56 64 118 
 3  2  1 127 
 3  2 126 
 3  4 120 
 3  4  5 122 
 3  4  5  6 87 
 3  4  5  6  7 114 
 3  4  5  6  7  8 98 
 3 11 10  9 115 
 3 11 10 100 
 3 11 115 
 3 11 12 112 
 3 11 12 13 89 
 3 11 12 13 14 90 
 3 11 12 13 14 15 79 
 3 11 12 13 14 15 16 105 
 3 11 19 18 17 82 
 3 11 19 18 84 
 3 11 19 113 
 3 11 19 20 107 
 3 11 19 20 21 124 
 3 11 19 20 21 22 97 
 3 11 19 20 21 22 23 78 
 3 11 19 20 21 22 23 24 115 
 3 11 19 27 26 25 114 
 3 11 19 27 26 111 
 3 11 19 27 94 
 3 11 19 27 28 117 
 3 11 19 27 28 29 135 
 3 11 19 27 28 29 30 97 
 3 11 19 20 21 22 23 31 117 
 3 11 19 20 21 22 23 31 32 119 
 3 33 101 
 3 33 34 128 
 3  4  5 35 115 
 3  4  5 35 36 124 
 3  2  1 45 37 111 
 3  2  1 45 37 38 89 
 3  2 47 39 110 
 3  2 47 48 40 116 
 3 33 41 114 
 3 33 41 42 116 
 3  4  5 35 43 103 
 3  2  1 45 44 121 
 3  2  1 45 116 
 3  2  1 45 46 111 
 3  2 47 114 
 3  2 47 48 127 
 3 33 41 49 126 
 3 33 41 42 50 104 
 3  4  5 35 43 51 98 
 3  2  1 45 44 52 117 
 3  2  1 45 53 119 
 3  2  1 45 46 54 118 
 3  2 47 55 80 
 3  2 47 55 56 103 
 3 33 41 49 57 99 
 3 33 41 42 50 58 91 
 3  4  5 35 43 51 59 73 
 3  2  1 45 53 61 60 115 
 3  2  1 45 53 61 99 
 3  2  1 45 46 54 62 82 
 3  2 47 55 63 86 
 3  2 47 55 63 64 138 
 4  3  2  1 105 
 4  3  2 97 
 4  3 112 
 4  5 116 
 4  5  6 126 
 4  5  6  7 98 
 4  5  6  7  8 100 
 4 12 11 10  9 103 
 4 12 11 10 104 
 4 12 11 116 
 4 12 113 
 4 12 13 127 
 4 12 13 14 110 
 4 12 13 14 15 94 
 4 12 13 14 15 16 124 
 4 12 11 10  9 17 76 
 4 12 20 19 18 94 
 4 12 20 19 111 
 4 12 20 114 
 4 12 20 21 118 
 4 12 20 21 22 98 
 4 12 20 21 22 23 96 
 4 12 20 21 22 23 24 116 
 4 12 20 28 27 26 25 108 
 4 12 20 28 27 26 111 
 4 12 20 28 27 118 
 4 12 20 28 119 
 4 12 20 28 29 103 
 4 12 20 28 29 30 111 
 4 12 20 28 29 30 31 100 
 4 12 20 21 22 23 24 32 114 
 4  3 33 114 
 4  5 35 34 117 
 4  5 35 124 
 4  5 35 36 133 
 4  5 35 36 37 127 
 4  5 35 36 37 38 111 
 4  3  2 47 39 122 
 4  3  2 47 39 40 101 
 4  3 33 41 133 
 4  5 35 43 42 138 
 4  5 35 43 115 
 4  5 35 36 44 99 
 4  3  2  1 45 113 
 4  3  2  1 45 46 122 
 4  3  2 47 108 
 4  3  2 47 48 125 
 4  3 33 41 49 95 
 4  5 35 43 42 50 99 
 4  5 35 43 51 116 
 4  5 35 36 44 52 145 
 4  3  2  1 45 53 127 
 4  3  2  1 45 53 54 102 
 4  3  2 47 55 99 
 4  3  2 47 48 56 107 
 4  3 33 41 49 57 107 
 4  5 35 43 42 50 58 75 
 4  5 35 43 51 59 105 
 4  5 35 43 51 59 60 111 
 4  3  2  1 45 53 61 113 
 4  3  2  1 45 53 54 62 64 
 4  3  2 47 55 63 81 
 4  3  2 47 55 63 64 108 
 5  4  3  2  1 102 
 5  4  3  2 127 
 5  4  3 131 
 5  4 99 
 5  6 119 
 5  6  7 113 
 5  6  7  8 114 
 5  4  3 11 10  9 94 
 5  4  3 11 10 93 
 5  4  3 11 107 
 5  4 12 121 
 5 13 128 
 5 13 14 110 
 5 13 14 15 100 
 5 13 14 15 16 144 
 5  4  3 11 10 18 17 92 
 5  4  3 11 10 18 82 
 5  4  3 11 19 115 
 5  4 12 20 128 
 5 13 21 117 
 5 13 21 22 111 
 5 13 21 22 23 85 
 5 13 21 22 23 24 110 
 5  4  3 11 10 18 17 25 103 
 5  4  3 11 10 18 26 109 
 5  4  3 11 19 27 124 
 5  4 12 20 28 108 
 5 13 21 29 143 
 5 13 21 22 30 126 
 5 13 21 22 30 31 96 
 5 13 21 22 30 31 32 127 
 5 35 34 33 116 
 5 35 34 102 
 5 35 126 
 5 35 36 134 
 5 35 36 37 106 
 5 35 36 37 38 111 
 5 35 36 37 38 39 126 
 5 35 36 37 38 39 40 108 
 5 35 34 42 41 125 
 5 35 34 42 119 
 5 35 43 105 
 5 35 43 44 108 
 5 35 43 44 45 121 
 5 35 43 44 45 46 129 
 5  4  3  2 47 116 
 5  4  3  2 47 48 104 
 5 35 34 42 41 49 101 
 5 35 34 42 50 113 
 5 35 43 51 101 
 5 35 43 51 52 118 
 5 35 43 44 45 53 133 
 5 35 43 44 45 46 54 108 
 5  4  3  2 47 55 97 
 5  4  3  2 47 55 56 99 
 5 35 34 42 41 49 57 91 
 5 35 43 51 59 58 74 
 5 35 43 51 59 112 
 5 35 43 51 59 60 110 
 5 35 43 44 45 53 61 93 
 5 35 43 44 45 53 61 62 84 
 5  4  3  2 47 55 63 86 
 5  4  3  2 47 55 63 64 140 
 6  5  4  3  2  1 121 
 6  5  4  3  2 107 
 6  5  4  3 130 
 6  5  4 130 
 6  5 112 
 6  7 111 
 6  7  8 112 
 6 14 13 12 11 10  9 96 
 6 14 13 12 11 10 99 
 6 14 13 12 11 126 
 6 14 13 12 117 
 6 14 13 126 
 6 14 110 
 6 14 15 85 
 6  7  8 16 123 
 6 14 22 21 20 19 18 17 75 
 6 14 22 21 20 19 18 80 
 6 14 22 21 20 19 111 
 6 14 22 21 20 119 
 6 14 22 21 115 
 6 14 22 93 
 6 14 22 23 81 
 6 14 22 23 24 125 
 6 14 22 21 20 19 18 26 25 95 
 6 14 22 21 20 19 18 26 92 
 6 14 22 30 29 28 27 110 
 6 14 22 30 29 28 106 
 6 14 22 30 29 130 
 6 14 22 30 125 
 6 14 22 30 31 109 
 6 14 22 30 31 32 128 
 6  5 35 34 33 108 
 6  5 35 34 131 
 6  5 35 129 
 6  5 35 36 119 
 6  5 35 36 37 115 
 6  5 35 36 37 38 105 
 6  5 35 36 37 38 39 108 
 6  5 35 36 37 38 39 40 130 
 6  5 35 34 42 41 135 
 6  5 35 34 42 114 
 6  5 35 43 110 
 6  5 35 43 44 140 
 6  5 35 36 37 45 108 
 6  5 35 36 37 45 46 114 
 6  5  4  3  2 47 111 
 6  5  4  3  2 47 48 97 
 6  5 35 34 42 41 49 112 
 6  5 35 43 51 50 115 
 6  5 35 43 51 108 
 6  5 35 43 51 52 107 
 6  5 35 36 37 45 53 123 
 6  5 35 36 37 45 46 54 96 
 6  5  4  3  2 47 55 112 
 6  5  4  3  2 47 48 56 126 
 6  5 35 34 42 41 49 57 92 
 6  5 35 43 51 59 58 84 
 6  5 35 43 51 59 86 
 6  5 35 43 51 59 60 113 
 6  5 35 36 37 45 53 61 99 
 6  5 35 36 37 45 46 54 62 69 
 6  5  4  3  2 47 55 63 86 
 6  5  4  3  2 47 55 63 64 127 
 7  6  5  4  3  2  1 131 
 7  6  5  4  3  2 141 
 7  6  5  4  3 112 
 7  6  5  4 110 
 7  6  5 116 
 7  6 108 
 7  8 122 
 7 15 14 13 12 11 10  9 106 
 7 15 14 13 12 11 10 117 
 7 15 14 13 12 11 114 
 7 15 14 13 12 99 
 7 15 14 13 130 
 7 15 14 102 
 7 15 91 
 7 15 16 128 
 7 15 23 22 21 20 19 18 17 100 
 7 15 23 22 21 20 19 18 91 
 7 15 23 22 21 20 19 114 
 7 15 23 22 21 20 113 
 7 15 23 22 21 110 
 7 15 23 22 104 
 7 15 23 84 
 7 15 23 24 119 
 7 15 23 22 21 20 19 18 17 25 96 
 7 15 23 22 21 20 19 27 26 100 
 7 15 23 22 21 20 19 27 124 
 7 15 23 31 30 29 28 121 
 7 15 23 31 30 29 95 
 7 15 23 31 30 112 
 7 15 23 31 119 
 7 15 23 31 32 122 
 7  6  5 35 34 33 124 
 7  6  5 35 34 124 
 7  6  5 35 129 
 7  6  5 35 36 104 
 7  6  5 35 36 37 130 
 7  6  5 35 36 37 38 115 
 7  6  5 35 36 37 38 39 110 
 7  6  5 35 36 37 38 39 40 109 
 7  6  5 35 34 42 41 121 
 7  6  5 35 34 42 89 
 7  6  5 35 43 118 
 7  6  5 35 43 44 121 
 7  6  5 35 36 37 45 124 
 7  6  5 35 36 37 45 46 117 
 7  6  5  4  3  2 47 120 
 7  6  5  4  3  2 47 48 117 
 7  6  5 35 34 42 41 49 92 
 7  6  5 35 34 42 50 100 
 7  6  5 35 43 51 133 
 7  6  5 35 43 51 52 116 
 7  6  5 35 43 51 52 53 124 
 7  6  5 35 36 37 45 46 54 117 
 7  6  5  4  3  2 47 55 100 
 7  6  5  4  3  2 47 48 56 116 
 7  6  5 35 34 42 41 49 57 95 
 7  6  5 35 43 51 59 58 83 
 7  6  5 35 43 51 59 104 
 7  6  5 35 43 51 59 60 95 
 7  6  5 35 43 51 52 53 61 106 
 7  6  5 35 36 37 45 46 54 62 90 
 7  6  5  4  3  2 47 55 63 104 
 7  6  5  4  3  2 47 55 63 64 109 
 8  7  6  5  4  3  2  1 117 
 8  7  6  5  4  3  2 133 
 8  7  6  5  4  3 116 
 8  7  6  5  4 114 
 8  7  6  5 102 
 8  7  6 102 
 8  7 101 
 8  7  6 14 13 12 11 10  9 96 
 8  7  6 14 13 12 11 10 94 
 8  7  6 14 13 12 11 124 
 8  7  6 14 13 12 129 
 8  7  6 14 13 102 
 8  7  6 14 109 
 8 16 15 104 
 8 16 115 
 8 16 24 23 22 21 20 19 18 17 93 
 8 16 24 23 22 21 20 19 18 90 
 8 16 24 23 22 21 20 19 111 
 8 16 24 23 22 21 20 105 
 8 16 24 23 22 21 108 
 8 16 24 23 22 108 
 8 16 24 23 85 
 8 16 24 107 
 8 16 24 23 22 21 20 19 18 26 25 94 
 8 16 24 23 22 21 20 19 18 26 123 
 8 16 24 23 22 21 20 28 27 123 
 8 16 24 23 22 21 20 28 131 
 8 16 24 32 31 30 29 94 
 8 16 24 32 31 30 129 
 8 16 24 32 31 132 
 8 16 24 32 101 
 8  7  6  5 35 34 33 112 
 8  7  6  5 35 34 122 
 8  7  6  5 35 112 
 8  7  6  5 35 36 113 
 8  7  6  5 35 36 37 120 
 8  7  6  5 35 36 37 38 131 
 8  7  6  5 35 36 37 38 39 142 
 8  7  6  5 35 36 37 38 39 40 124 
 8  7  6  5 35 34 42 41 125 
 8  7  6  5 35 34 42 108 
 8  7  6  5 35 43 120 
 8  7  6  5 35 43 44 116 
 8  7  6  5 35 36 37 45 122 
 8  7  6  5 35 36 37 38 46 103 
 8  7  6  5  4  3  2 47 131 
 8  7  6  5  4  3  2 47 48 100 
 8  7  6  5 35 34 42 50 49 106 
 8  7  6  5 35 34 42 50 100 
 8  7  6  5 35 43 51 117 
 8  7  6  5 35 43 51 52 105 
 8  7  6  5 35 36 37 45 53 111 
 8  7  6  5 35 36 37 38 46 54 104 
 8  7  6  5  4  3  2 47 55 90 
 8  7  6  5  4  3  2 47 48 56 126 
 8  7  6  5 35 34 42 50 49 57 94 
 8  7  6  5 35 34 42 50 58 79 
 8  7  6  5 35 43 51 59 94 
 8  7  6  5 35 43 51 52 60 93 
 8  7  6  5 35 36 37 45 53 61 83 
 8  7  6  5 35 36 37 45 53 61 62 76 
 8  7  6  5  4  3  2 47 55 63 85 
 8  7  6  5  4  3  2 47 55 63 64 129 
 9  1 118 
 9 10  2 109 
 9 10 11  3 125 
 9 10 11 12  4 117 
 9 10 11 12  4  5 120 
 9 10 11 12 13 14  6 111 
 9 10 11 12 13 14 15  7 112 
 9 10 11 12 13 14 15 16  8 105 
 9 10 96 
 9 10 11 122 
 9 10 11 12 109 
 9 10 11 12 13 130 
 9 10 11 12 13 14 132 
 9 10 11 12 13 14 15 91 
 9 10 11 12 13 14 15 16 116 
 9 17 88 
 9 17 18 72 
 9 10 11 19 106 
 9 10 11 19 20 114 
 9 10 11 12 13 21 130 
 9 10 11 12 13 21 22 116 
 9 10 11 12 13 21 22 23 88 
 9 10 11 12 13 21 22 23 24 129 
 9 17 25 118 
 9 17 25 26 108 
 9 17 25 26 27 116 
 9 10 11 19 20 28 119 
 9 10 11 19 20 28 29 126 
 9 10 11 12 13 21 22 30 132 
 9 10 11 12 13 21 22 30 31 109 
 9 10 11 12 13 21 22 23 24 32 114 
 9 10 11  3 33 114 
 9 10 11  3 33 34 130 
 9  1 45 44 36 35 119 
 9  1 45 44 36 158 
 9  1 45 37 122 
 9  1 45 37 38 127 
 9  1 45 46 47 39 119 
 9  1 45 46 47 39 40 113 
 9  1 45 44 43 42 41 102 
 9  1 45 44 43 42 117 
 9  1 45 44 43 116 
 9  1 45 44 120 
 9  1 45 117 
 9  1 45 46 144 
 9  1 45 46 47 121 
 9  1 45 46 47 48 116 
 9  1 45 44 43 42 41 49 92 
 9  1 45 44 43 42 50 96 
 9  1 45 44 43 51 116 
 9  1 45 53 52 103 
 9  1 45 53 119 
 9  1 45 53 54 97 
 9  1 45 46 47 55 96 
 9  1 45 46 47 48 56 109 
 9  1 45 44 43 42 50 58 57 104 
 9  1 45 44 43 42 50 58 66 
 9  1 45 44 43 51 59 99 
 9  1 45 53 61 60 106 
 9  1 45 53 61 102 
 9  1 45 53 61 62 85 
 9  1 45 53 61 62 63 87 
 9  1 45 46 47 48 56 64 108 
10  9  1 107 
10  2 111 
10 11  3 123 
10 11 12  4 105 
10 11 12  4  5 135 
10 11 12 13 14  6 111 
10 11 12 13 14 15  7 105 
10 11 12 13 14 15 16  8 130 
10  9 94 
10 11 119 
10 11 12 115 
10 11 12 13 114 
10 11 12 13 14 111 
10 11 12 13 14 15 80 
10 11 12 13 14 15 16 124 
10 18 17 84 
10 18 84 
10 18 19 112 
10 11 12 20 126 
10 11 12 20 21 130 
10 11 12 20 21 22 100 
10 11 12 20 21 22 23 80 
10 11 12 20 21 22 23 24 101 
10 18 26 25 106 
10 18 26 99 
10 18 26 27 133 
10 18 26 27 28 113 
10 11 12 20 21 29 109 
10 11 12 20 21 29 30 136 
10 11 12 20 21 22 23 31 122 
10 11 12 20 21 22 23 31 32 105 
10 11  3 33 111 
10 11  3 33 34 103 
10 11 12  4  5 35 104 
10  9  1 45 37 36 106 
10  9  1 45 37 121 
10  9  1 45 46 38 134 
10  9  1 45 46 38 39 108 
10  9  1 45 46 38 39 40 125 
10 11  3 33 41 104 
10  9  1 45 44 43 42 116 
10  9  1 45 44 43 111 
10  9  1 45 44 115 
10  9  1 45 100 
10  9  1 45 46 108 
10  2 47 149 
10  2 47 48 122 
10 11  3 33 41 49 129 
10  9  1 45 44 43 42 50 92 
10  9  1 45 44 43 51 107 
10  9  1 45 44 52 113 
10  9  1 45 53 118 
10  9  1 45 46 54 111 
10  2 47 55 104 
10  2 47 55 56 122 
10 11  3 33 41 49 57 76 
10  9  1 45 44 43 51 59 58 78 
10  9  1 45 44 43 51 59 86 
10  9  1 45 44 52 60 104 
10  9  1 45 53 61 87 
10  9  1 45 46 54 62 79 
10  2 47 55 63 68 
10  2 47 55 56 64 112 
11 10  9  1 120 
11 10  2 116 
11  3 105 
11 12  4 123 
11 12  4  5 132 
11 12 13 14  6 116 
11 12 13 14 15  7 125 
11 12 13 14 15 16  8 129 
11 10  9 117 
11 10 102 
11 12 88 
11 12 13 112 
11 12 13 14 108 
11 12 13 14 15 81 
11 12 13 14 15 16 122 
11 10  9 17 78 
11 19 18 74 
11 19 129 
11 19 20 100 
11 12 13 21 126 
11 12 13 21 22 84 
11 12 13 21 22 23 74 
11 12 13 21 22 23 24 137 
11 19 27 26 25 102 
11 19 27 26 121 
11 19 27 99 
11 19 27 28 116 
11 19 27 28 29 136 
11 12 13 21 22 30 107 
11 12 13 21 22 30 31 110 
11 12 13 21 22 23 24 32 116 
11  3 33 123 
11  3 33 34 120 
11 12  4  5 35 118 
11 10  9  1 45 37 36 124 
11 10  9  1 45 37 134 
11 10  9  1 45 37 38 100 
11 10  2 47 39 104 
11 10  2 47 48 40 102 
11  3 33 41 122 
11  3 33 34 42 101 
11 12  4  5 35 43 114 
11 10  9  1 45 44 137 
11 10  9  1 45 113 
11 10  9  1 45 46 114 
11 10  2 47 109 
11 10  2 47 48 118 
11  3 33 41 49 98 
11  3 33 34 42 50 98 
11 12  4  5 35 43 51 115 
11 10  9  1 45 53 52 119 
11 10  9  1 45 53 108 
11 10  9  1 45 53 54 123 
11 10  2 47 55 110 
11 10  2 47 55 56 95 
11  3 33 41 49 57 115 
11  3 33 34 42 50 58 72 
11 12  4  5 35 43 51 59 116 
11 10  9  1 45 53 52 60 111 
11 10  9  1 45 53 61 92 
11 10  9  1 45 53 54 62 83 
11 10  2 47 55 63 92 
11 10  2 47 55 56 64 94 
12 11 10  9  1 101 
12 11 10  2 108 
12 11  3 114 
12  4 102 
12  4  5 138 
12 13 14  6 112 
12 13 14 15  7 99 
12 13 14 15 16  8 117 
12 11 10  9 94 
12 11 10 110 
12 11 103 
12 13 128 
12 13 14 113 
12 13 14 15 62 
12 13 14 15 16 128 
12 11 10  9 17 82 
12 11 10 18 86 
12 20 19 104 
12 20 126 
12 20 21 94 
12 13 14 22 102 
12 13 14 22 23 84 
12 13 14 15 16 24 99 
12 11 10  9 17 25 115 
12 20 28 27 26 94 
12 20 28 27 124 
12 20 28 116 
12 20 28 29 110 
12 20 28 29 30 115 
12 13 14 22 23 31 110 
12 13 14 22 23 31 32 113 
12 11  3 33 110 
12  4  5 35 34 112 
12  4  5 35 130 
12  4  5 35 36 111 
12 11 10  9  1 45 37 113 
12 11 10  9  1 45 37 38 115 
12 11 10  2 47 39 104 
12 11 10  2 47 39 40 115 
12 11  3 33 41 125 
12  4  5 35 43 42 113 
12  4  5 35 43 118 
12  4  5 35 36 44 109 
12 11 10  9  1 45 112 
12 11 10  9  1 45 46 118 
12 11 10  2 47 135 
12 11 10  2 47 48 132 
12 11  3 33 41 49 104 
12  4  5 35 43 51 50 106 
12  4  5 35 43 51 110 
12  4  5 35 36 44 52 136 
12 11 10  9  1 45 53 116 
12 11 10  9  1 45 46 54 108 
12 11 10  2 47 55 100 
12 11 10  2 47 48 56 107 
12 11  3 33 41 49 57 111 
12  4  5 35 43 51 50 58 83 
12  4  5 35 43 51 59 85 
12  4  5 35 36 44 52 60 108 
12 11 10  9  1 45 53 61 111 
12 11 10  9  1 45 46 54 62 69 
12 11 10  2 47 55 63 92 
12 11 10  2 47 55 63 64 102 
13 12 11 10  9  1 113 
13 12 11 10  2 137 
13 12 11  3 102 
13 12  4 126 
13  5 98 
13 14  6 119 
13 14 15  7 113 
13 14 15 16  8 120 
13 12 11 10  9 121 
13 12 11 10 93 
13 12 11 124 
13 12 136 
13 14 99 
13 14 15 81 
13 14 15 16 126 
13 12 11 10 18 17 80 
13 12 11 10 18 90 
13 12 11 19 105 
13 21 20 133 
13 21 133 
13 21 22 104 
13 14 15 23 83 
13 14 15 23 24 123 
13 12 11 10 18 26 25 99 
13 12 11 10 18 26 113 
13 21 29 28 27 100 
13 21 29 28 105 
13 21 29 119 
13 21 29 30 101 
13 21 29 30 31 92 
13 14 15 23 24 32 111 
13 12 11  3 33 110 
13  5 35 34 119 
13  5 35 105 
13  5 35 36 117 
13  5 35 36 37 112 
13  5 35 36 37 38 99 
13  5 35 36 37 38 39 127 
13  5 35 36 37 38 39 40 99 
13 12 11  3 33 41 108 
13  5 35 34 42 108 
13  5 35 43 105 
13  5 35 43 44 111 
13 12 11 10  9  1 45 133 
13 12 11 10  9  1 45 46 111 
13 12 11 10  2 47 117 
13 12 11 10  2 47 48 106 
13 12 11  3 33 41 49 109 
13  5 35 34 42 50 102 
13  5 35 43 51 116 
13  5 35 43 51 52 115 
13 12 11 10  9  1 45 53 120 
13 12 11 10  9  1 45 46 54 134 
13 12 11 10  2 47 55 96 
13 12 11 10  2 47 48 56 117 
13 12 11  3 33 41 49 57 114 
13  5 35 43 51 59 58 67 
13  5 35 43 51 59 95 
13  5 35 43 51 59 60 135 
13 12 11 10  9  1 45 53 61 122 
13 12 11 10  9  1 45 46 54 62 93 
13 12 11 10  2 47 55 63 74 
13 12 11 10  2 47 55 63 64 126 
14 13 12 11 10  2  1 121 
14 13 12 11 10  2 113 
14 13 12  4  3 128 
14 13 12  4 92 
14 13  5 120 
14  6 110 
14 15  7 111 
14 15 16  8 154 
14 13 12 11 10  9 90 
14 13 12 11 10 111 
14 13 12 11 92 
14 13 12 117 
14 13 116 
14 15 66 
14 15 16 101 
14 13 12 11 10  9 17 90 
14 13 12 11 19 18 75 
14 13 12 11 19 117 
14 13 12 20 109 
14 22 21 106 
14 22 116 
14 22 23 84 
14 15 16 24 122 
14 13 12 11 19 27 26 25 99 
14 13 12 11 19 27 26 91 
14 13 12 11 19 27 120 
14 22 30 29 28 128 
14 22 30 29 89 
14 22 30 119 
14 22 30 31 106 
14 22 30 31 32 111 
14 13 12  4  3 33 127 
14 13  5 35 34 107 
14 13  5 35 105 
14 13  5 35 36 140 
14 13  5 35 36 37 114 
14 13  5 35 36 37 38 124 
14 13  5 35 36 37 38 39 125 
14 13  5 35 36 37 38 39 40 102 
14 13 12  4  3 33 41 124 
14 13  5 35 43 42 138 
14 13  5 35 43 133 
14 13  5 35 43 44 115 
14 13  5 35 43 44 45 125 
14 13  5 35 43 44 45 46 114 
14 13 12 11 10  2 47 103 
14 13 12 11 10  2 47 48 107 
14 13 12  4  3 33 41 49 115 
14 13  5 35 43 51 50 101 
14 13  5 35 43 51 106 
14 13  5 35 43 51 52 109 
14 13  5 35 43 44 45 53 125 
14 13  5 35 43 44 45 46 54 95 
14 13 12 11 10  2 47 55 99 
14 13 12 11 10  2 47 48 56 118 
14 13 12  4  3 33 41 49 57 104 
14 13  5 35 43 51 59 58 83 
14 13  5 35 43 51 59 126 
14 13  5 35 43 51 59 60 101 
14 13  5 35 43 44 45 53 61 100 
14 13  5 35 43 44 45 46 54 62 89 
14 13 12 11 10  2 47 55 63 93 
14 13 12 11 10  2 47 55 63 64 123 
15 14 13 12 11 10  2  1 142 
15 14 13 12 11 10  2 125 
15 14 13 12 11  3 99 
15 14 13 12  4 139 
15 14 13  5 119 
15 14  6 123 
15  7 121 
15 16  8 123 
15 14 13 12 11 10  9 101 
15 14 13 12 11 10 99 
15 14 13 12 11 109 
15 14 13 12 136 
15 14 13 129 
15 14 113 
15 16 103 
15 14 13 12 11 10 18 17 80 
15 14 13 12 11 10 18 91 
15 14 13 12 20 19 95 
15 14 13 12 20 127 
15 14 13 21 126 
15 23 22 108 
15 23 97 
15 23 24 127 
15 14 13 12 11 10 18 17 25 98 
15 14 13 12 20 19 27 26 108 
15 14 13 12 20 19 27 106 
15 14 13 12 20 28 113 
15 23 31 30 29 107 
15 23 31 30 123 
15 23 31 100 
15 23 31 32 113 
15 14 13 12 11  3 33 139 
15 14 13  5 35 34 112 
15 14 13  5 35 135 
15 14 13  5 35 36 102 
15 14 13  5 35 36 37 114 
15 14 13  5 35 36 37 38 127 
15 14 13  5 35 36 37 38 39 119 
15 14 13  5 35 36 37 38 39 40 105 
15 14 13 12 11  3 33 41 125 
15 14 13  5 35 34 42 137 
15 14 13  5 35 43 113 
15 14 13  5 35 43 44 136 
15 14 13 12 11 10  2  1 45 79 
15 14 13 12 11 10  2  1 45 46 109 
15 14 13 12 11 10  2 47 112 
15 14 13 12 11 10  2 47 48 99 
15 14 13 12 11  3 33 41 49 83 
15 14 13  5 35 43 51 50 84 
15 14 13  5 35 43 51 101 
15 14 13  5 35 43 51 52 107 
15 14 13 12 11 10  2  1 45 53 98 
15 14 13 12 11 10  2  1 45 46 54 113 
15 14 13 12 11 10  2 47 55 99 
15 14 13 12 11 10  2 47 48 56 114 
15 14 13 12 11  3 33 41 49 57 93 
15 14 13  5 35 43 51 50 58 70 
15 14 13  5 35 43 51 59 104 
15 14 13  5 35 43 51 52 60 112 
15 14 13 12 11 10  2  1 45 53 61 91 
15 14 13 12 11 10  2  1 45 53 61 62 87 
15 14 13 12 11 10  2 47 55 63 81 
15 14 13 12 11 10  2 47 55 63 64 121 
16 15 14 13 12 11 10  2  1 116 
16 15 14 13 12 11 10  2 119 
16 15 14 13 12 11  3 97 
16 15 14 13 12  4 119 
16 15 14 13  5 118 
16 15 14  6 82 
16 15  7 107 
16  8 119 
16 15 14 13 12 11 10  9 95 
16 15 14 13 12 11 10 111 
16 15 14 13 12 11 115 
16 15 14 13 12 119 
16 15 14 13 99 
16 15 14 88 
16 15 98 
16 15 14 13 12 11 10 18 17 84 
16 15 14 13 12 11 10 18 80 
16 15 14 13 12 20 19 128 
16 15 14 13 12 20 134 
16 15 14 22 21 109 
16 15 14 22 78 
16 24 23 94 
16 24 118 
16 15 14 13 12 11 10 18 17 25 113 
16 15 14 13 12 20 19 27 26 103 
16 15 14 13 12 20 19 27 106 
16 15 14 22 21 29 28 123 
16 15 14 22 21 29 117 
16 24 23 31 30 128 
16 24 23 31 104 
16 24 32 137 
16 15 14 13 12 11  3 33 102 
16 15 14 13  5 35 34 121 
16 15 14 13  5 35 94 
16 15 14 13  5 35 36 130 
16 15 14 13  5 35 36 37 118 
16 15 14 13  5 35 36 37 38 115 
16 15 14 13  5 35 36 37 38 39 119 
16 15 14 13  5 35 36 37 38 39 40 131 
16 15 14 13 12 11  3 33 41 88 
16 15 14 13  5 35 34 42 95 
16 15 14 13  5 35 43 125 
16 15 14 13  5 35 43 44 102 
16 15 14 13 12 11 10  2  1 45 118 
16 15 14 13 12 11 10  2  1 45 46 117 
16 15 14 13 12 11 10  2 47 116 
16 15 14 13 12 11 10  2 47 48 119 
16 15 14 13 12 11  3 33 41 49 97 
16 15 14 13  5 35 34 42 50 116 
16 15 14 13  5 35 43 51 144 
16 15 14 13  5 35 43 51 52 130 
16 15 14 13 12 11 10  2  1 45 53 105 
16 15 14 13 12 11 10  2  1 45 46 54 110 
16 15 14 13 12 11 10  2 47 55 106 
16 15 14 13 12 11 10  2 47 48 56 116 
16 15 14 13 12 11  3 33 41 49 57 98 
16 15 14 13  5 35 34 42 50 58 98 
16 15 14 13  5 35 43 51 59 99 
16 15 14 13  5 35 43 51 52 60 126 
16 15 14 13 12 11 10  2  1 45 53 61 89 
16 15 14 13 12 11 10  2  1 45 53 61 62 99 
16 15 14 13 12 11 10  2 47 55 63 90 
16 15 14 13 12 11 10  2 47 55 63 64 123 
17  9  1 122 
17 18 10  2 124 
17 18 10 11  3 116 
17 18 10 11  3  4 121 
17 18 10 11  3  4  5 100 
17 18 19 20 21 22 14  6 134 
17 18 19 20 21 22 23 15  7 106 
17 18 19 20 21 22 23 15  7  8 115 
17  9 101 
17 18 10 88 
17 18 10 11 101 
17 18 19 20 12 116 
17 18 19 20 21 13 110 
17 18 19 20 21 22 14 100 
17 18 19 20 21 22 23 15 68 
17 18 19 20 21 22 23 24 16 127 
17 18 68 
17 18 19 128 
17 18 19 20 93 
17 18 19 20 21 114 
17 18 19 20 21 22 108 
17 18 19 20 21 22 23 79 
17 18 19 20 21 22 23 24 139 
17 25 108 
17 25 26 105 
17 18 19 27 136 
17 18 19 27 28 121 
17 18 19 27 28 29 131 
17 18 19 20 21 22 30 105 
17 18 19 20 21 22 30 31 86 
17 18 19 20 21 22 23 24 32 129 
17 18 10 11  3 33 131 
17 18 10 11  3 33 34 116 
17  9  1 45 37 36 35 116 
17  9  1 45 37 36 103 
17  9  1 45 37 109 
17  9  1 45 37 38 98 
17  9  1 45 37 38 39 125 
17  9  1 45 37 38 39 40 104 
17  9  1 45 44 43 42 41 118 
17  9  1 45 44 43 42 108 
17  9  1 45 44 43 100 
17  9  1 45 44 113 
17  9  1 45 125 
17  9  1 45 46 101 
17  9  1 45 46 47 115 
17  9  1 45 46 47 48 87 
17  9  1 45 44 43 42 41 49 108 
17  9  1 45 44 43 42 50 96 
17  9  1 45 53 52 51 89 
17  9  1 45 53 52 99 
17  9  1 45 53 114 
17  9  1 45 53 54 132 
17  9  1 45 46 47 55 85 
17  9  1 45 46 47 55 56 109 
17  9  1 45 44 43 42 41 49 57 102 
17  9  1 45 44 43 42 50 58 103 
17  9  1 45 53 52 51 59 103 
17  9  1 45 53 61 60 112 
17  9  1 45 53 61 89 
17  9  1 45 53 61 62 91 
17  9  1 45 46 47 55 63 82 
17  9  1 45 46 47 55 56 64 119 
18 10  2  1 123 
18 10  2 115 
18 19 11  3 132 
18 19 20 12  4 104 
18 19 20 12  4  5 120 
18 19 20 21 22 14  6 124 
18 19 20 21 22 23 15  7 113 
18 19 20 21 22 23 15  7  8 88 
18 17  9 105 
18 10 107 
18 19 11 131 
18 19 20 12 121 
18 19 20 12 13 125 
18 19 20 21 22 14 102 
18 19 20 21 22 23 15 77 
18 19 20 21 22 23 24 16 125 
18 17 91 
18 19 112 
18 19 20 121 
18 19 20 21 147 
18 19 20 21 22 123 
18 19 20 21 22 23 88 
18 19 20 21 22 23 24 100 
18 26 25 89 
18 26 100 
18 26 27 118 
18 19 20 28 113 
18 19 20 28 29 133 
18 19 20 21 22 30 116 
18 19 20 21 22 30 31 90 
18 19 20 21 22 23 24 32 126 
18 19 11  3 33 104 
18 19 11  3 33 34 120 
18 19 20 12  4  5 35 156 
18 10  2  1 45 37 36 123 
18 10  2  1 45 37 106 
18 10  2  1 45 46 38 107 
18 10  2 47 39 112 
18 10  2 47 48 40 108 
18 19 11  3 33 41 102 
18 10  2  1 45 44 43 42 125 
18 10  2  1 45 44 43 158 
18 10  2  1 45 44 126 
18 10  2  1 45 110 
18 10  2  1 45 46 102 
18 10  2 47 116 
18 10  2 47 48 117 
18 19 11  3 33 41 49 103 
18 10  2  1 45 44 43 42 50 110 
18 10  2  1 45 44 43 51 119 
18 10  2  1 45 44 52 110 
18 10  2  1 45 53 123 
18 10  2  1 45 46 54 135 
18 10  2 47 55 103 
18 10  2 47 55 56 123 
18 19 11  3 33 41 49 57 86 
18 10  2  1 45 44 43 51 59 58 76 
18 10  2  1 45 44 43 51 59 89 
18 10  2  1 45 44 52 60 115 
18 10  2  1 45 53 61 100 
18 10  2  1 45 46 54 62 81 
18 10  2 47 55 63 91 
18 10  2 47 55 63 64 135 
19 18 17  9  1 101 
19 18 10  2 115 
19 11  3 124 
19 11  3  4 119 
19 11  3  4  5 122 
19 20 21 22 14  6 114 
19 20 21 22 23 15  7 110 
19 20 21 22 23 15  7  8 116 
19 18 17  9 113 
19 18 10 105 
19 11 123 
19 20 12 123 
19 20 21 13 106 
19 20 21 22 14 101 
19 20 21 22 23 15 71 
19 20 21 22 23 24 16 130 
19 18 17 79 
19 18 85 
19 20 130 
19 20 21 111 
19 20 21 22 94 
19 20 21 22 23 92 
19 20 21 22 23 24 116 
19 18 17 25 109 
19 27 26 107 
19 27 115 
19 27 28 114 
19 27 28 29 103 
19 20 21 22 30 113 
19 20 21 22 30 31 119 
19 20 21 22 23 24 32 134 
19 11  3 33 108 
19 11  3 33 34 120 
19 11  3  4  5 35 126 
19 11  3  4  5 35 36 110 
19 18 17  9  1 45 37 106 
19 18 17  9  1 45 37 38 105 
19 18 10  2 47 39 136 
19 18 10  2 47 48 40 112 
19 11  3 33 41 122 
19 11  3 33 34 42 125 
19 11  3  4  5 35 43 115 
19 18 17  9  1 45 44 115 
19 18 17  9  1 45 108 
19 18 17  9  1 45 46 112 
19 18 10  2 47 98 
19 18 10  2 47 48 134 
19 11  3 33 41 49 131 
19 11  3 33 34 42 50 89 
19 11  3  4  5 35 43 51 105 
19 18 17  9  1 45 44 52 101 
19 18 17  9  1 45 53 86 
19 18 17  9  1 45 53 54 112 
19 18 10  2 47 55 82 
19 18 10  2 47 55 56 117 
19 11  3 33 41 49 57 102 
19 11  3 33 34 42 50 58 70 
19 11  3  4  5 35 43 51 59 96 
19 18 17  9  1 45 44 52 60 124 
19 18 17  9  1 45 53 61 89 
19 18 17  9  1 45 53 54 62 92 
19 18 10  2 47 55 63 68 
19 18 10  2 47 55 56 64 103 
20 19 18 10  9  1 115 
20 19 18 10  2 106 
20 12  4  3 99 
20 12  4 116 
20 12  4  5 107 
20 21 22 14  6 103 
20 21 22 14  6  7 106 
20 21 22 23 24 16  8 128 
20 19 18 10  9 91 
20 19 18 10 92 
20 19 11 137 
20 12 109 
20 21 13 114 
20 21 22 14 108 
20 21 22 23 15 92 
20 21 22 23 24 16 119 
20 19 18 17 72 
20 19 18 108 
20 19 133 
20 21 112 
20 21 22 105 
20 21 22 23 82 
20 21 22 23 24 120 
20 19 18 17 25 122 
20 19 18 26 114 
20 28 27 118 
20 28 107 
20 28 29 106 
20 28 29 30 116 
20 21 22 23 31 101 
20 21 22 23 31 32 102 
20 12  4  3 33 130 
20 12  4  5 35 34 125 
20 12  4  5 35 121 
20 12  4  5 35 36 118 
20 12  4  5 35 36 37 117 
20 12  4  5 35 36 37 38 124 
20 19 18 10  2 47 39 131 
20 19 18 10  2 47 39 40 108 
20 12  4  3 33 41 96 
20 12  4  5 35 43 42 111 
20 12  4  5 35 43 114 
20 12  4  5 35 36 44 110 
20 19 18 10  9  1 45 111 
20 19 18 10  9  1 45 46 105 
20 19 18 10  2 47 110 
20 19 18 10  2 47 48 122 
20 12  4  3 33 41 49 119 
20 12  4  5 35 43 51 50 95 
20 12  4  5 35 43 51 120 
20 12  4  5 35 36 44 52 122 
20 19 18 10  9  1 45 53 112 
20 19 18 10  9  1 45 46 54 114 
20 19 18 10  2 47 55 86 
20 19 18 10  2 47 48 56 122 
20 12  4  3 33 41 49 57 86 
20 12  4  5 35 43 51 50 58 81 
20 12  4  5 35 43 51 59 95 
20 12  4  5 35 36 44 52 60 115 
20 19 18 10  9  1 45 53 61 85 
20 19 18 10  9  1 45 46 54 62 93 
20 19 18 10  2 47 55 63 82 
20 19 18 10  2 47 55 63 64 115 
21 20 19 11 10  2  1 123 
21 20 19 11 10  2 149 
21 20 19 11  3 114 
21 20 12  4 103 
21 13  5 124 
21 22 14  6 119 
21 22 23 15  7 113 
21 22 23 15  7  8 100 
21 20 19 18 17  9 88 
21 20 19 11 10 97 
21 20 19 11 114 
21 20 12 125 
21 13 120 
21 22 14 90 
21 22 23 15 96 
21 22 23 24 16 125 
21 20 19 18 17 85 
21 20 19 18 80 
21 20 19 120 
21 20 119 
21 22 98 
21 22 23 95 
21 22 23 24 119 
21 20 19 18 17 25 96 
21 20 19 27 26 91 
21 20 19 27 104 
21 29 28 107 
21 29 117 
21 29 30 109 
21 29 30 31 102 
21 22 23 24 32 120 
21 20 19 11  3 33 105 
21 13  5 35 34 119 
21 13  5 35 108 
21 13  5 35 36 92 
21 13  5 35 36 37 109 
21 13  5 35 36 37 38 114 
21 13  5 35 36 37 38 39 121 
21 13  5 35 36 37 38 39 40 125 
21 20 19 11  3 33 41 97 
21 13  5 35 34 42 100 
21 13  5 35 43 98 
21 13  5 35 43 44 112 
21 20 19 11 10  2  1 45 126 
21 20 19 11 10  2  1 45 46 106 
21 20 19 11 10  2 47 99 
21 20 19 11 10  2 47 48 117 
21 20 19 11  3 33 41 49 129 
21 13  5 35 34 42 50 103 
21 13  5 35 43 51 111 
21 13  5 35 43 51 52 104 
21 20 19 11 10  2  1 45 53 118 
21 20 19 11 10  2  1 45 46 54 110 
21 20 19 11 10  2 47 55 91 
21 20 19 11 10  2 47 48 56 101 
21 20 19 11  3 33 41 49 57 99 
21 13  5 35 43 51 59 58 79 
21 13  5 35 43 51 59 101 
21 13  5 35 43 51 59 60 98 
21 20 19 11 10  2  1 45 53 61 101 
21 20 19 11 10  2  1 45 53 61 62 103 
21 20 19 11 10  2 47 55 63 90 
21 20 19 11 10  2 47 55 63 64 114 
22 21 20 19 18 17  9  1 106 
22 21 20 19 18 10  2 130 
22 21 20 12  4  3 98 
22 21 20 12  4 97 
22 21 13  5 109 
22 14  6 132 
22 14  6  7 124 
22 23 24 16  8 134 
22 21 20 19 18 17  9 97 
22 21 20 19 18 10 101 
22 21 20 12 11 108 
22 21 20 12 111 
22 21 13 120 
22 14 104 
22 23 15 68 
22 23 24 16 133 
22 21 20 19 18 17 76 
22 21 20 19 18 90 
22 21 20 19 132 
22 21 20 131 
22 21 104 
22 23 70 
22 23 24 128 
22 21 20 19 18 26 25 122 
22 21 20 19 18 26 93 
22 21 20 28 27 122 
22 21 20 28 112 
22 30 29 121 
22 30 116 
22 30 31 82 
22 30 31 32 112 
22 21 20 12  4  3 33 111 
22 21 13  5 35 34 131 
22 21 13  5 35 113 
22 21 13  5 35 36 124 
22 21 13  5 35 36 37 119 
22 21 13  5 35 36 37 38 109 
22 21 13  5 35 36 37 38 39 93 
22 21 13  5 35 36 37 38 39 40 126 
22 21 20 12  4  3 33 41 117 
22 21 13  5 35 43 42 107 
22 21 13  5 35 43 110 
22 21 13  5 35 36 44 116 
22 21 20 19 18 17  9  1 45 112 
22 21 20 19 18 17  9  1 45 46 134 
22 21 20 19 18 10  2 47 102 
22 21 20 19 18 10  2 47 48 106 
22 21 20 12  4  3 33 41 49 97 
22 21 13  5 35 43 51 50 109 
22 21 13  5 35 43 51 108 
22 21 13  5 35 43 51 52 133 
22 21 20 19 18 17  9  1 45 53 120 
22 21 20 19 18 17  9  1 45 46 54 108 
22 21 20 19 18 10  2 47 55 110 
22 21 20 19 18 10  2 47 48 56 121 
22 21 20 12  4  3 33 41 49 57 100 
22 21 13  5 35 43 51 50 58 93 
22 21 13  5 35 43 51 59 89 
22 21 13  5 35 43 51 52 60 91 
22 21 20 19 18 17  9  1 45 53 61 85 
22 21 20 19 18 17  9  1 45 46 54 62 83 
22 21 20 19 18 10  2 47 55 63 95 
22 21 20 19 18 10  2 47 55 63 64 124 
23 22 21 20 19 18 10  2  1 98 
23 22 21 20 19 18 10  2 107 
23 22 21 13 12  4  3 118 
23 22 21 13 12  4 122 
23 22 21 13  5 124 
23 15  7  6 116 
23 15  7 117 
23 15  7  8 96 
23 22 21 20 19 18 17  9 94 
23 22 21 20 19 18 10 97 
23 22 21 20 19 11 107 
23 22 21 13 12 106 
23 22 21 13 100 
23 22 14 101 
23 15 90 
23 24 16 109 
23 22 21 20 19 18 17 74 
23 22 21 20 19 18 95 
23 22 21 20 19 112 
23 22 21 20 113 
23 22 21 104 
23 22 113 
23 24 102 
23 22 21 20 19 18 26 25 103 
23 22 21 20 19 18 26 124 
23 22 21 20 19 27 116 
23 22 21 29 28 116 
23 22 21 29 102 
23 31 30 111 
23 31 119 
23 31 32 115 
23 22 21 13 12  4  3 33 101 
23 22 21 13  5 35 34 103 
23 22 21 13  5 35 92 
23 22 21 13  5 35 36 143 
23 22 21 13  5 35 36 37 125 
23 22 21 13  5 35 36 37 38 106 
23 22 21 13  5 35 36 37 38 39 108 
23 22 21 13  5 35 36 37 38 39 40 136 
23 22 21 13 12  4  3 33 41 119 
23 22 21 13  5 35 43 42 125 
23 22 21 13  5 35 43 120 
23 22 21 13  5 35 43 44 118 
23 22 21 20 19 18 10  2  1 45 112 
23 22 21 20 19 18 10  2  1 45 46 119 
23 22 21 20 19 18 10  2 47 106 
23 22 21 20 19 18 10  2 47 48 122 
23 22 21 13 12  4  3 33 41 49 110 
23 22 21 13  5 35 43 51 50 133 
23 22 21 13  5 35 43 51 116 
23 22 21 13  5 35 43 51 52 125 
23 22 21 20 19 18 10  2  1 45 53 95 
23 22 21 20 19 18 10  2  1 45 46 54 93 
23 22 21 20 19 18 10  2 47 55 83 
23 22 21 20 19 18 10  2 47 48 56 123 
23 22 21 13 12  4  3 33 41 49 57 93 
23 22 21 13  5 35 43 51 59 58 82 
23 22 21 13  5 35 43 51 59 104 
23 22 21 13  5 35 43 51 59 60 117 
23 22 21 20 19 18 10  2  1 45 53 61 90 
23 22 21 20 19 18 10  2  1 45 53 61 62 91 
23 22 21 20 19 18 10  2 47 55 63 80 
23 22 21 20 19 18 10  2 47 55 63 64 135 
24 23 22 21 20 19 18 10  2  1 123 
24 23 22 21 20 19 18 10  2 122 
24 23 22 21 13 12  4  3 125 
24 23 22 21 13 12  4 117 
24 23 22 21 13  5 108 
24 23 22 14  6 126 
24 16  8  7 129 
24 16  8 123 
24 23 22 21 20 19 18 17  9 112 
24 23 22 21 20 19 18 10 90 
24 23 22 21 20 19 11 99 
24 23 22 21 13 12 127 
24 23 22 21 13 97 
24 23 22 14 118 
24 23 15 88 
24 16 101 
24 23 22 21 20 19 18 17 93 
24 23 22 21 20 19 18 89 
24 23 22 21 20 19 107 
24 23 22 21 20 124 
24 23 22 21 108 
24 23 22 82 
24 23 90 
24 23 22 21 20 19 18 17 25 93 
24 23 22 21 20 28 27 26 100 
24 23 22 21 20 28 27 136 
24 23 22 21 20 28 112 
24 23 22 30 29 91 
24 23 22 30 105 
24 32 31 132 
24 32 118 
24 23 22 21 13 12  4  3 33 133 
24 23 22 21 13  5 35 34 112 
24 23 22 21 13  5 35 125 
24 23 22 21 13  5 35 36 116 
24 23 22 21 13  5 35 36 37 111 
24 23 22 21 13  5 35 36 37 38 104 
24 23 22 21 13  5 35 36 37 38 39 118 
24 23 22 21 13  5 35 36 37 38 39 40 108 
24 23 22 21 13 12  4  3 33 41 112 
24 23 22 21 13  5 35 43 42 135 
24 23 22 21 13  5 35 43 95 
24 23 22 21 13  5 35 43 44 126 
24 23 22 21 20 19 18 10  2  1 45 129 
24 23 22 21 20 19 18 10  2  1 45 46 122 
24 23 22 21 20 19 18 10  2 47 107 
24 23 22 21 20 19 18 10  2 47 48 112 
24 23 22 21 13 12  4  3 33 41 49 95 
24 23 22 21 13  5 35 43 51 50 96 
24 23 22 21 13  5 35 43 51 116 
24 23 22 21 13  5 35 43 51 52 98 
24 23 22 21 20 19 18 10  2  1 45 53 131 
24 23 22 21 20 19 18 10  2  1 45 46 54 102 
24 23 22 21 20 19 18 10  2 47 55 116 
24 23 22 21 20 19 18 10  2 47 48 56 134 
24 23 22 21 13 12  4  3 33 41 49 57 92 
24 23 22 21 13  5 35 43 51 59 58 69 
24 23 22 21 13  5 35 43 51 59 96 
24 23 22 21 13  5 35 43 51 59 60 124 
24 23 22 21 20 19 18 10  2  1 45 53 61 100 
24 23 22 21 20 19 18 10  2  1 45 46 54 62 85 
24 23 22 21 20 19 18 10  2 47 55 63 79 
24 23 22 21 20 19 18 10  2 47 55 63 64 89 
25 17  9  1 116 
25 17  9 10  2 119 
25 26 27 19 11  3 118 
25 26 27 19 11 12  4 126 
25 26 27 19 11 12  4  5 106 
25 26 27 28 29 21 13 14  6 111 
25 26 27 28 29 21 13 14  6  7 105 
25 26 27 28 29 30 22 23 15 16  8 117 
25 17  9 91 
25 17  9 10 104 
25 26 27 19 11 124 
25 26 27 19 11 12 134 
25 26 27 28 29 21 13 102 
25 26 27 28 29 21 13 14 92 
25 26 27 28 29 30 22 23 15 95 
25 26 27 28 29 30 22 23 15 16 113 
25 17 91 
25 26 18 78 
25 26 27 19 115 
25 26 27 28 20 122 
25 26 27 28 29 21 101 
25 26 27 28 29 30 22 110 
25 26 27 28 29 30 22 23 73 
25 26 27 28 29 30 31 32 24 104 
25 26 103 
25 26 27 113 
25 26 27 28 111 
25 26 27 28 29 132 
25 26 27 28 29 30 106 
25 26 27 28 29 30 31 115 
25 26 27 28 29 30 31 32 132 
25 26 27 19 11  3 33 110 
25 26 27 19 11  3 33 34 108 
25 17  9  1 45 37 36 35 122 
25 17  9  1 45 37 36 99 
25 17  9  1 45 37 103 
25 17  9  1 45 37 38 113 
25 17  9  1 45 37 38 39 103 
25 17  9  1 45 37 38 39 40 114 
25 17  9  1 45 44 43 42 41 131 
25 17  9  1 45 44 43 42 108 
25 17  9  1 45 44 43 105 
25 17  9  1 45 44 113 
25 17  9  1 45 104 
25 17  9  1 45 46 101 
25 17  9  1 45 46 47 135 
25 17  9  1 45 46 47 48 114 
25 17  9  1 45 44 43 42 41 49 115 
25 17  9  1 45 44 43 42 50 98 
25 17  9  1 45 53 52 51 109 
25 17  9  1 45 53 52 116 
25 17  9  1 45 53 120 
25 17  9  1 45 53 54 114 
25 17  9  1 45 46 47 55 86 
25 17  9  1 45 46 47 55 56 109 
25 17  9  1 45 44 43 42 50 58 57 117 
25 17  9  1 45 44 43 42 50 58 84 
25 17  9  1 45 53 52 51 59 81 
25 17  9  1 45 53 61 60 124 
25 17  9  1 45 53 61 79 
25 17  9  1 45 53 61 62 80 
25 17  9  1 45 46 47 55 63 83 
25 17  9  1 45 46 47 55 56 64 105 
26 18 10  2  1 91 
26 18 10  2 99 
26 18 10 11  3 119 
26 18 10 11  3  4 112 
26 18 10 11  3  4  5 115 
26 27 28 29 30 22 14  6 125 
26 27 28 29 30 22 14 15  7 101 
26 27 28 29 30 22 14 15  7  8 106 
26 18 10  9 131 
26 18 10 107 
26 18 10 11 120 
26 27 28 20 12 123 
26 27 28 20 12 13 125 
26 27 28 29 30 22 14 107 
26 27 28 29 30 22 14 15 106 
26 27 28 29 30 31 32 24 16 107 
26 25 17 76 
26 18 86 
26 27 19 129 
26 27 28 20 121 
26 27 28 29 21 128 
26 27 28 29 30 22 92 
26 27 28 29 30 31 23 63 
26 27 28 29 30 31 32 24 117 
26 25 84 
26 27 116 
26 27 28 125 
26 27 28 29 123 
26 27 28 29 30 115 
26 27 28 29 30 31 95 
26 27 28 29 30 31 32 95 
26 18 10 11  3 33 123 
26 18 10 11  3 33 34 145 
26 18 10 11  3  4  5 35 105 
26 18 10  2  1 45 37 36 102 
26 18 10  2  1 45 37 99 
26 18 10  2  1 45 37 38 112 
26 18 10  2 47 39 106 
26 18 10  2 47 48 40 116 
26 18 10 11  3 33 41 122 
26 18 10  2  1 45 44 43 42 118 
26 18 10  2  1 45 44 43 109 
26 18 10  2  1 45 44 121 
26 18 10  2  1 45 120 
26 18 10  2  1 45 46 111 
26 18 10  2 47 148 
26 18 10  2 47 48 126 
26 18 10 11  3 33 41 49 104 
26 18 10  2  1 45 44 43 42 50 104 
26 18 10  2  1 45 44 43 51 95 
26 18 10  2  1 45 53 52 119 
26 18 10  2  1 45 53 123 
26 18 10  2  1 45 46 54 86 
26 18 10  2 47 55 91 
26 18 10  2 47 55 56 119 
26 18 10 11  3 33 41 49 57 106 
26 18 10  2  1 45 44 43 51 59 58 73 
26 18 10  2  1 45 44 43 51 59 90 
26 18 10  2  1 45 53 52 60 132 
26 18 10  2  1 45 53 61 92 
26 18 10  2  1 45 46 54 62 98 
26 18 10  2 47 55 63 62 
26 18 10  2 47 55 63 64 117 
27 19 11 10  9  1 122 
27 19 11 10  2 123 
27 19 11  3 108 
27 19 11  3  4 101 
27 19 11  3  4  5 108 
27 28 29 21 13 14  6 110 
27 28 29 21 13 14  6  7 126 
27 28 29 30 31 23 15 16  8 140 
27 19 11 10  9 84 
27 19 11 10 102 
27 19 11 119 
27 19 11 12 107 
27 28 29 21 13 109 
27 28 29 21 13 14 90 
27 28 29 30 31 23 15 90 
27 28 29 30 31 23 15 16 132 
27 26 25 17 76 
27 26 18 81 
27 19 103 
27 28 20 118 
27 28 29 21 105 
27 28 29 30 22 97 
27 28 29 30 31 23 94 
27 28 29 30 31 32 24 122 
27 26 25 107 
27 26 100 
27 28 123 
27 28 29 116 
27 28 29 30 125 
27 28 29 30 31 99 
27 28 29 30 31 32 117 
27 19 11  3 33 131 
27 19 11  3 33 34 103 
27 19 11  3  4  5 35 112 
27 19 11 10  9  1 45 37 36 151 
27 19 11 10  9  1 45 37 113 
27 19 11 10  9  1 45 37 38 105 
27 19 11 10  2 47 39 109 
27 19 11 10  2 47 39 40 101 
27 19 11  3 33 41 116 
27 19 11  3 33 34 42 116 
27 19 11 10  9  1 45 44 43 130 
27 19 11 10  9  1 45 44 102 
27 19 11 10  9  1 45 116 
27 19 11 10  9  1 45 46 122 
27 19 11 10  2 47 146 
27 19 11 10  2 47 48 106 
27 19 11  3 33 41 49 92 
27 19 11  3 33 34 42 50 108 
27 19 11 10  9  1 45 44 43 51 116 
27 19 11 10  9  1 45 44 52 110 
27 19 11 10  9  1 45 53 126 
27 19 11 10  9  1 45 46 54 108 
27 19 11 10  2 47 55 109 
27 19 11 10  2 47 55 56 122 
27 19 11  3 33 41 49 57 117 
27 19 11  3 33 34 42 50 58 78 
27 19 11 10  9  1 45 44 52 60 59 136 
27 19 11 10  9  1 45 44 52 60 116 
27 19 11 10  9  1 45 53 61 98 
27 19 11 10  9  1 45 46 54 62 96 
27 19 11 10  2 47 55 63 75 
27 19 11 10  2 47 55 56 64 110 
28 27 26 18 17  9  1 154 
28 20 12 11 10  2 121 
28 20 12  4  3 128 
28 20 12  4 100 
28 20 12  4  5 130 
28 29 30 22 14  6 116 
28 29 30 31 23 15  7 105 
28 29 30 31 23 15 16  8 105 
28 27 26 18 17  9 116 
28 20 12 11 10 115 
28 20 12 11 116 
28 20 12 120 
28 20 12 13 104 
28 29 30 22 14 124 
28 29 30 31 23 15 84 
28 29 30 31 23 15 16 105 
28 27 26 18 17 103 
28 27 26 18 73 
28 27 19 118 
28 20 119 
28 29 21 116 
28 29 30 22 104 
28 29 30 31 23 88 
28 29 30 31 32 24 127 
28 27 26 25 101 
28 27 26 88 
28 27 137 
28 29 116 
28 29 30 110 
28 29 30 31 104 
28 29 30 31 32 122 
28 20 12  4  3 33 109 
28 20 12  4  5 35 34 126 
28 20 12  4  5 35 132 
28 20 12  4  5 35 36 136 
28 27 26 18 17  9  1 45 37 116 
28 27 26 18 17  9  1 45 37 38 117 
28 20 12 11 10  2 47 39 137 
28 20 12 11 10  2 47 39 40 124 
28 20 12  4  3 33 41 104 
28 20 12  4  5 35 43 42 107 
28 20 12  4  5 35 43 138 
28 27 26 18 17  9  1 45 44 104 
28 27 26 18 17  9  1 45 102 
28 27 26 18 17  9  1 45 46 143 
28 20 12 11 10  2 47 108 
28 20 12 11 10  2 47 48 115 
28 20 12  4  3 33 41 49 98 
28 20 12  4  5 35 43 42 50 102 
28 20 12  4  5 35 43 51 112 
28 27 26 18 17  9  1 45 53 52 119 
28 27 26 18 17  9  1 45 53 105 
28 27 26 18 17  9  1 45 46 54 99 
28 20 12 11 10  2 47 55 94 
28 20 12 11 10  2 47 48 56 110 
28 20 12  4  3 33 41 49 57 110 
28 20 12  4  5 35 43 51 59 58 72 
28 20 12  4  5 35 43 51 59 95 
28 27 26 18 17  9  1 45 53 61 60 116 
28 27 26 18 17  9  1 45 53 61 71 
28 27 26 18 17  9  1 45 53 61 62 61 
28 20 12 11 10  2 47 55 63 78 
28 20 12 11 10  2 47 55 63 64 113 
29 28 27 19 18 10  9  1 102 
29 28 27 19 18 10  2 118 
29 21 13 12 11  3 116 
29 21 13 12  4 105 
29 21 13  5 106 
29 21 13 14  6 113 
29 21 13 14  6  7 118 
29 30 31 32 24 16  8 87 
29 28 27 19 18 10  9 104 
29 28 27 19 18 10 82 
29 21 13 12 11 128 
29 21 13 12 116 
29 21 13 103 
29 21 13 14 103 
29 30 31 23 15 87 
29 30 31 32 24 16 118 
29 28 27 26 25 17 79 
29 28 27 19 18 76 
29 28 27 19 134 
29 28 20 118 
29 21 143 
29 30 22 81 
29 30 31 23 93 
29 30 31 32 24 124 
29 28 27 26 25 95 
29 28 27 26 76 
29 28 27 127 
29 28 127 
29 30 109 
29 30 31 118 
29 30 31 32 136 
29 21 13 12 11  3 33 117 
29 21 13  5 35 34 128 
29 21 13  5 35 105 
29 21 13  5 35 36 118 
29 21 13  5 35 36 37 106 
29 21 13  5 35 36 37 38 113 
29 21 13  5 35 36 37 38 39 107 
29 21 13  5 35 36 37 38 39 40 143 
29 21 13 12 11  3 33 41 133 
29 21 13  5 35 43 42 92 
29 21 13  5 35 43 128 
29 21 13  5 35 43 44 116 
29 28 27 19 18 10  9  1 45 91 
29 28 27 19 18 10  9  1 45 46 131 
29 28 27 19 18 10  2 47 117 
29 28 27 19 18 10  2 47 48 106 
29 21 13 12 11  3 33 41 49 108 
29 21 13  5 35 43 51 50 100 
29 21 13  5 35 43 51 95 
29 21 13  5 35 43 51 52 107 
29 28 27 19 18 10  9  1 45 53 125 
29 28 27 19 18 10  9  1 45 46 54 92 
29 28 27 19 18 10  2 47 55 77 
29 28 27 19 18 10  2 47 48 56 115 
29 21 13 12 11  3 33 41 49 57 100 
29 21 13  5 35 43 51 59 58 85 
29 21 13  5 35 43 51 59 92 
29 21 13  5 35 43 51 59 60 104 
29 28 27 19 18 10  9  1 45 53 61 100 
29 28 27 19 18 10  9  1 45 53 61 62 118 
29 28 27 19 18 10  2 47 55 63 106 
29 28 27 19 18 10  2 47 48 56 64 105 
30 29 28 20 19 11 10  2  1 104 
30 29 28 20 19 11 10  2 109 
30 29 28 20 19 11  3 121 
30 22 14 13 12  4 140 
30 22 14  6  5 102 
30 22 14  6 124 
30 22 14  6  7 105 
30 22 14  6  7  8 99 
30 29 28 27 26 25 17  9 96 
30 29 28 20 19 11 10 94 
30 29 28 20 19 11 106 
30 22 14 13 12 125 
30 22 14 13 128 
30 22 14 90 
30 22 14 15 81 
30 31 32 24 16 114 
30 29 28 27 26 25 17 74 
30 29 28 27 26 18 88 
30 29 28 20 19 100 
30 29 28 20 117 
30 29 21 124 
30 22 125 
30 31 23 76 
30 31 32 24 103 
30 29 28 27 26 25 115 
30 29 28 27 26 86 
30 29 28 27 107 
30 29 28 121 
30 29 100 
30 31 85 
30 31 32 117 
30 29 28 20 19 11  3 33 115 
30 22 14  6  5 35 34 92 
30 22 14  6  5 35 128 
30 22 14  6  5 35 36 127 
30 22 14  6  5 35 36 37 128 
30 22 14  6  5 35 36 37 38 105 
30 22 14  6  5 35 36 37 38 39 122 
30 22 14  6  5 35 36 37 38 39 40 116 
30 29 28 20 19 11  3 33 41 101 
30 22 14  6  5 35 43 42 104 
30 22 14  6  5 35 43 125 
30 22 14  6  5 35 43 44 91 
30 29 28 20 19 11 10  2  1 45 127 
30 29 28 20 19 11 10  2  1 45 46 125 
30 29 28 20 19 11 10  2 47 101 
30 29 28 20 19 11 10  2 47 48 136 
30 29 28 20 19 11  3 33 41 49 106 
30 22 14  6  5 35 43 51 50 117 
30 22 14  6  5 35 43 51 122 
30 22 14  6  5 35 43 51 52 135 
30 29 28 20 19 11 10  2  1 45 53 120 
30 29 28 20 19 11 10  2  1 45 46 54 92 
30 29 28 20 19 11 10  2 47 55 102 
30 29 28 20 19 11 10  2 47 48 56 108 
30 29 28 20 19 11  3 33 41 49 57 89 
30 22 14  6  5 35 43 51 59 58 90 
30 22 14  6  5 35 43 51 59 111 
30 22 14  6  5 35 43 51 59 60 123 
30 29 28 20 19 11 10  2  1 45 53 61 91 
30 29 28 20 19 11 10  2  1 45 46 54 62 65 
30 29 28 20 19 11 10  2 47 55 63 83 
30 29 28 20 19 11 10  2 47 55 63 64 126 
31 30 29 28 20 19 11 10  2  1 100 
31 30 29 28 20 19 11 10  2 104 
31 30 29 21 13 12  4  3 138 
31 30 29 21 13 12  4 120 
31 23 15  7  6  5 107 
31 23 15  7  6 112 
31 23 15  7 112 
31 23 15  7  8 121 
31 30 29 28 27 26 25 17  9 95 
31 30 29 28 20 19 11 10 76 
31 30 29 28 20 19 11 107 
31 30 29 21 13 12 90 
31 30 29 21 13 114 
31 23 15 14 112 
31 23 15 88 
31 23 15 16 92 
31 30 29 28 27 26 25 17 80 
31 30 29 28 27 26 18 79 
31 30 29 28 20 19 134 
31 30 29 28 20 113 
31 30 29 21 125 
31 30 22 86 
31 23 75 
31 32 24 103 
31 30 29 28 27 26 25 113 
31 30 29 28 27 26 95 
31 30 29 28 27 122 
31 30 29 28 129 
31 30 29 115 
31 30 115 
31 32 133 
31 30 29 21 13 12  4  3 33 114 
31 23 15  7  6  5 35 34 122 
31 23 15  7  6  5 35 87 
31 23 15  7  6  5 35 36 117 
31 23 15  7  6  5 35 36 37 117 
31 23 15  7  6  5 35 36 37 38 116 
31 23 15  7  6  5 35 36 37 38 39 118 
31 23 15  7  6  5 35 36 37 38 39 40 131 
31 30 29 21 13 12  4  3 33 41 112 
31 23 15  7  6  5 35 43 42 108 
31 23 15  7  6  5 35 43 109 
31 23 15  7  6  5 35 43 44 116 
31 30 29 28 20 19 11 10  2  1 45 104 
31 23 15  7  6  5 35 36 37 38 46 118 
31 30 29 28 20 19 11 10  2 47 95 
31 30 29 28 20 19 11 10  2 47 48 119 
31 30 29 21 13 12  4  3 33 41 49 115 
31 23 15  7  6  5 35 43 51 50 96 
31 23 15  7  6  5 35 43 51 119 
31 23 15  7  6  5 35 43 51 52 137 
31 30 29 28 20 19 11 10  2  1 45 53 108 
31 23 15  7  6  5 35 36 37 38 46 54 110 
31 30 29 28 20 19 11 10  2 47 55 108 
31 30 29 28 20 19 11 10  2 47 48 56 102 
31 30 29 21 13 12  4  3 33 41 49 57 99 
31 23 15  7  6  5 35 43 51 50 58 67 
31 23 15  7  6  5 35 43 51 59 122 
31 23 15  7  6  5 35 43 51 52 60 110 
31 30 29 28 20 19 11 10  2  1 45 53 61 119 
31 23 15  7  6  5 35 36 37 38 46 54 62 84 
31 30 29 28 20 19 11 10  2 47 55 63 72 
31 30 29 28 20 19 11 10  2 47 55 63 64 109 
32 31 30 29 28 27 26 18 10  9  1 108 
32 31 30 29 28 20 12 11  3  2 99 
32 31 30 29 28 20 12 11  3 120 
32 31 30 29 28 20 12  4 114 
32 31 30 22 14 13  5 127 
32 24 16 15  7  6 127 
32 24 16 15  7 115 
32 24 16  8 105 
32 31 30 29 28 27 26 18 10  9 115 
32 31 30 29 28 27 26 18 10 95 
32 31 30 29 28 20 12 11 120 
32 31 30 29 28 20 12 106 
32 31 30 22 14 13 131 
32 31 30 22 14 116 
32 24 16 15 89 
32 24 16 118 
32 31 30 29 28 27 26 25 17 103 
32 31 30 29 28 27 26 18 84 
32 31 30 29 28 27 19 128 
32 31 30 29 28 20 111 
32 31 30 29 21 116 
32 31 30 22 104 
32 31 23 97 
32 24 123 
32 31 30 29 28 27 26 25 122 
32 31 30 29 28 27 26 83 
32 31 30 29 28 27 125 
32 31 30 29 28 121 
32 31 30 29 121 
32 31 30 107 
32 31 99 
32 31 30 29 28 20 12 11  3 33 122 
32 31 30 22 14 13  5 35 34 129 
32 31 30 22 14 13  5 35 137 
32 31 30 22 14 13  5 35 36 114 
32 31 30 22 14 13  5 35 36 37 127 
32 31 30 22 14 13  5 35 36 37 38 119 
32 31 30 22 14 13  5 35 36 37 38 39 120 
32 31 30 22 14 13  5 35 36 37 38 39 40 115 
32 31 30 29 28 20 12 11  3 33 41 102 
32 31 30 22 14 13  5 35 43 42 92 
32 31 30 22 14 13  5 35 43 124 
32 31 30 22 14 13  5 35 43 44 108 
32 31 30 29 28 27 26 18 10  9  1 45 115 
32 31 30 22 14 13  5 35 36 37 38 46 108 
32 31 30 29 28 20 12 11  3  2 47 130 
32 31 30 29 28 20 12 11  3  2 47 48 138 
32 31 30 29 28 20 12 11  3 33 41 49 112 
32 31 30 22 14 13  5 35 43 51 50 97 
32 31 30 22 14 13  5 35 43 51 118 
32 31 30 22 14 13  5 35 43 51 52 105 
32 31 30 29 28 27 26 18 10  9  1 45 53 119 
32 31 30 22 14 13  5 35 36 37 38 46 54 132 
32 31 30 29 28 20 12 11  3  2 47 55 75 
32 31 30 29 28 20 12 11  3  2 47 48 56 143 
32 31 30 29 28 20 12 11  3 33 41 49 57 98 
32 31 30 22 14 13  5 35 43 51 59 58 75 
32 31 30 22 14 13  5 35 43 51 59 98 
32 31 30 22 14 13  5 35 43 51 52 60 113 
32 31 30 29 28 27 26 18 10  9  1 45 53 61 106 
32 31 30 22 14 13  5 35 36 37 38 46 54 62 72 
32 31 30 29 28 20 12 11  3  2 47 55 63 89 
32 31 30 29 28 20 12 11  3  2 47 55 63 64 114 
33 34 35 36 44 45  1 105 
33 34 35 36 44 45  1  2 110 
33  3 113 
33  3  4 122 
33 34 35  5 97 
33 34 35  5  6 112 
33 34 35  5  6  7 114 
33 34 35  5  6  7  8 133 
33  3 11 10  9 106 
33  3 11 10 110 
33  3 11 119 
33  3  4 12 120 
33  3  4 12 13 132 
33  3  4 12 13 14 108 
33  3  4 12 13 14 15 80 
33  3  4 12 13 14 15 16 118 
33  3 11 10  9 17 88 
33  3 11 19 18 82 
33  3 11 19 124 
33  3  4 12 20 121 
33  3  4 12 13 21 117 
33  3  4 12 13 21 22 125 
33  3  4 12 13 14 15 23 75 
33  3  4 12 13 14 15 16 24 106 
33  3 11 19 18 26 25 101 
33  3 11 19 18 26 93 
33  3 11 19 27 128 
33  3  4 12 20 28 115 
33  3  4 12 13 21 29 113 
33  3  4 12 13 21 22 30 115 
33  3  4 12 13 14 15 23 31 102 
33  3  4 12 13 14 15 23 31 32 114 
33 34 113 
33 34 35 117 
33 34 35 36 120 
33 34 35 36 37 97 
33 34 35 36 37 38 130 
33 34 35 36 37 38 39 115 
33 34 35 36 37 38 39 40 123 
33 41 91 
33 41 42 92 
33 34 35 43 123 
33 34 35 36 44 117 
33 34 35 36 44 45 124 
33 34 35 36 37 38 46 129 
33 34 35 36 37 38 46 47 129 
33 34 35 36 37 38 39 40 48 124 
33 41 49 86 
33 41 49 50 103 
33 41 49 50 51 116 
33 34 35 36 44 52 120 
33 34 35 36 44 52 53 106 
33 34 35 36 44 52 53 54 104 
33 34 35 36 37 38 46 47 55 92 
33 34 35 36 37 38 46 47 55 56 141 
33 41 49 57 91 
33 41 49 57 58 84 
33 41 49 57 58 59 111 
33 41 49 57 58 59 60 108 
33 34 35 36 44 52 53 61 87 
33 34 35 36 44 52 53 61 62 102 
33 34 35 36 44 52 53 61 62 63 83 
33 34 35 36 37 38 46 47 55 56 64 105 
34 35 36 44 45  1 99 
34 35 36 44 45  1  2 118 
34 33  3 104 
34 35  5  4 100 
34 35  5 122 
34 35  5  6 111 
34 35  5  6  7 91 
34 35  5  6  7  8 115 
34 33  3 11 10  9 99 
34 33  3 11 10 91 
34 33  3 11 123 
34 35  5  4 12 105 
34 35  5 13 111 
34 35  5 13 14 125 
34 35  5  6  7 15 88 
34 35  5  6  7  8 16 128 
34 33  3 11 10  9 17 89 
34 33  3 11 10 18 64 
34 33  3 11 19 111 
34 35  5  4 12 20 120 
34 35  5 13 21 118 
34 35  5 13 21 22 106 
34 35  5  6  7 15 23 75 
34 35  5  6  7  8 16 24 135 
34 33  3 11 10  9 17 25 100 
34 33  3 11 10 18 26 84 
34 33  3 11 19 27 125 
34 35  5  4 12 20 28 117 
34 35  5 13 21 29 106 
34 35  5 13 21 29 30 142 
34 35  5  6  7 15 23 31 97 
34 35  5  6  7 15 23 31 32 141 
34 33 109 
34 35 113 
34 35 36 120 
34 35 36 37 121 
34 35 36 37 38 109 
34 35 36 37 38 39 109 
34 35 36 37 38 39 40 138 
34 42 41 96 
34 42 127 
34 42 43 117 
34 35 36 44 128 
34 35 36 44 45 108 
34 35 36 37 38 46 98 
34 35 36 37 38 39 47 111 
34 35 36 37 38 39 47 48 117 
34 42 50 49 111 
34 42 50 123 
34 42 50 51 126 
34 42 50 51 52 126 
34 35 36 44 45 53 137 
34 35 36 44 45 53 54 116 
34 35 36 37 38 39 47 55 90 
34 35 36 37 38 39 47 55 56 121 
34 42 50 58 57 107 
34 42 50 58 90 
34 42 50 58 59 126 
34 42 50 51 52 60 130 
34 42 50 51 52 60 61 80 
34 35 36 44 45 53 54 62 77 
34 35 36 44 45 53 54 62 63 93 
34 35 36 37 38 39 47 55 56 64 116 
35 36 37 45  1 114 
35 36 37 45  1  2 126 
35  5  4  3 126 
35  5  4 138 
35  5 120 
35  5  6 101 
35  5  6  7 96 
35  5  6  7  8 115 
35 36 37 45  1  9 98 
35  5  4  3 11 10 110 
35  5  4  3 11 122 
35  5  4 12 132 
35  5 13 116 
35  5 13 14 89 
35  5  6  7 15 71 
35  5  6  7  8 16 107 
35 36 37 45  1  9 17 74 
35  5  4  3 11 10 18 68 
35  5  4  3 11 19 115 
35  5  4 12 20 90 
35  5 13 21 107 
35  5 13 21 22 113 
35  5  6  7 15 23 91 
35  5  6  7  8 16 24 126 
35 36 37 45  1  9 17 25 130 
35  5  4  3 11 10 18 26 106 
35  5  4  3 11 19 27 117 
35  5  4 12 20 28 113 
35  5 13 21 29 108 
35  5 13 21 29 30 110 
35  5  6  7 15 23 31 103 
35  5  6  7 15 23 31 32 112 
35 34 33 111 
35 34 106 
35 36 147 
35 36 37 119 
35 36 37 38 119 
35 36 37 38 39 123 
35 36 37 38 39 40 128 
35 34 33 41 104 
35 43 42 117 
35 43 129 
35 43 44 127 
35 36 37 45 123 
35 36 37 45 46 124 
35 36 37 38 39 47 124 
35 36 37 38 39 40 48 147 
35 43 51 50 49 100 
35 43 51 50 101 
35 43 51 119 
35 43 51 52 109 
35 43 51 52 53 115 
35 36 37 45 46 54 112 
35 36 37 45 46 54 55 100 
35 36 37 38 39 40 48 56 132 
35 43 51 59 58 57 91 
35 43 51 59 58 77 
35 43 51 59 93 
35 43 51 59 60 100 
35 43 51 59 60 61 80 
35 43 51 59 60 61 62 95 
35 36 37 45 46 54 55 63 91 
35 36 37 45 46 54 55 63 64 115 
36 44 45  1 126 
36 44 45  1  2 108 
36 35  5  4  3 100 
36 35  5  4 123 
36 35  5 92 
36 35  5  6 119 
36 35  5  6  7 102 
36 35  5  6  7  8 116 
36 44 45  1  9 75 
36 44 45  1  2 10 117 
36 35  5  4  3 11 112 
36 35  5  4 12 119 
36 35  5 13 132 
36 35  5 13 14 113 
36 35  5  6  7 15 86 
36 35  5  6  7  8 16 125 
36 44 45  1  9 17 91 
36 44 45  1  9 17 18 80 
36 35  5  4  3 11 19 110 
36 35  5  4 12 20 126 
36 35  5 13 21 132 
36 35  5 13 21 22 112 
36 35  5  6  7 15 23 88 
36 35  5  6  7  8 16 24 99 
36 44 45  1  9 17 25 94 
36 44 45  1  9 17 18 26 100 
36 35  5  4 12 20 28 27 121 
36 35  5  4 12 20 28 114 
36 35  5 13 21 29 115 
36 35  5 13 21 22 30 113 
36 35  5  6  7 15 23 31 99 
36 35  5  6  7 15 23 31 32 113 
36 35 34 33 114 
36 35 34 123 
36 35 105 
36 37 132 
36 37 38 122 
36 37 38 39 106 
36 37 38 39 40 87 
36 35 34 33 41 124 
36 35 34 42 115 
36 44 43 100 
36 44 129 
36 44 45 104 
36 37 38 46 136 
36 37 38 46 47 135 
36 37 38 39 40 48 100 
36 35 34 33 41 49 93 
36 44 52 51 50 95 
36 44 52 51 115 
36 44 52 117 
36 44 52 53 100 
36 44 52 53 54 113 
36 37 38 46 47 55 99 
36 37 38 46 47 55 56 112 
36 44 52 60 59 58 57 86 
36 44 52 60 59 58 81 
36 44 52 60 59 106 
36 44 52 60 130 
36 44 52 60 61 94 
36 44 52 60 61 62 75 
36 44 52 60 61 62 63 87 
36 37 38 46 47 55 56 64 98 
37 45  1 126 
37 45  1  2 114 
37 45  1  2  3 115 
37 45  1  2  3  4 105 
37 36 35  5 101 
37 36 35  5  6 137 
37 36 35  5  6  7 101 
37 36 35  5  6  7  8 118 
37 45  1  9 86 
37 45  1  2 10 84 
37 45  1  2 10 11 98 
37 45  1  2  3  4 12 121 
37 36 35  5 13 114 
37 36 35  5 13 14 102 
37 36 35  5  6  7 15 90 
37 36 35  5  6  7  8 16 119 
37 45  1  9 17 78 
37 45  1  9 17 18 83 
37 45  1  9 17 18 19 106 
37 45  1  9 17 18 19 20 95 
37 36 35  5 13 21 120 
37 36 35  5 13 14 22 112 
37 36 35  5  6  7 15 23 87 
37 36 35  5  6  7  8 16 24 105 
37 45  1  9 17 25 94 
37 45  1  9 17 25 26 92 
37 45  1  9 17 25 26 27 110 
37 45  1  9 17 18 19 20 28 128 
37 36 35  5 13 21 29 88 
37 36 35  5 13 14 22 30 120 
37 36 35  5  6  7 15 23 31 99 
37 36 35  5  6  7 15 23 31 32 119 
37 36 35 34 33 117 
37 36 35 34 111 
37 36 35 107 
37 36 111 
37 38 106 
37 38 39 118 
37 38 39 40 138 
37 36 35 34 33 41 120 
37 36 35 34 42 108 
37 45 44 43 123 
37 45 44 110 
37 45 98 
37 45 46 144 
37 38 39 47 124 
37 38 39 47 48 120 
37 36 35 34 42 50 49 110 
37 36 35 34 42 50 106 
37 45 53 52 51 131 
37 45 53 52 122 
37 45 53 124 
37 45 53 54 120 
37 45 53 54 55 98 
37 38 39 47 48 56 122 
37 36 35 34 42 50 49 57 95 
37 45 53 61 60 59 58 85 
37 45 53 61 60 59 95 
37 45 53 61 60 119 
37 45 53 61 89 
37 45 53 61 62 80 
37 45 53 61 62 63 75 
37 45 53 61 62 63 64 97 
38 46 45  1 107 
38 46 45  1  2 103 
38 46 45  1  2  3 124 
38 37 36 35  5  4 130 
38 37 36 35  5 110 
38 37 36 35  5  6 117 
38 37 36 35  5  6  7 132 
38 37 36 35  5  6  7  8 124 
38 46 45  1  9 99 
38 46 45  1  2 10 94 
38 46 45  1  2  3 11 103 
38 46 45  1  2  3 11 12 100 
38 37 36 35  5 13 122 
38 37 36 35  5 13 14 116 
38 37 36 35  5  6  7 15 89 
38 37 36 35  5  6  7  8 16 92 
38 46 45  1  9 17 91 
38 46 45  1  2 10 18 83 
38 46 45  1  2 10 18 19 129 
38 46 45  1  2 10 18 19 20 97 
38 37 36 35  5 13 21 127 
38 37 36 35  5 13 21 22 109 
38 37 36 35  5  6  7 15 23 79 
38 37 36 35  5  6  7 15 23 24 116 
38 46 45  1  9 17 25 102 
38 46 45  1  2 10 18 26 108 
38 46 45  1  2 10 18 26 27 122 
38 46 45  1  2 10 18 19 20 28 114 
38 37 36 35  5 13 21 29 109 
38 37 36 35  5 13 21 22 30 123 
38 37 36 35  5  6  7 15 23 31 90 
38 37 36 35  5  6  7 15 23 31 32 106 
38 37 36 35 34 33 116 
38 37 36 35 34 118 
38 37 36 35 107 
38 37 36 118 
38 37 112 
38 39 112 
38 39 40 131 
38 37 36 35 34 33 41 116 
38 37 36 35 43 42 102 
38 37 36 35 43 108 
38 37 36 44 94 
38 46 45 120 
38 46 133 
38 46 47 107 
38 39 40 48 113 
38 37 36 35 43 42 50 49 111 
38 37 36 35 43 42 50 108 
38 37 36 35 43 51 98 
38 46 54 53 52 122 
38 46 54 53 112 
38 46 54 122 
38 46 54 55 92 
38 46 54 55 56 121 
38 37 36 35 43 42 50 58 57 94 
38 37 36 35 43 42 50 58 65 
38 46 54 62 61 60 59 90 
38 46 54 62 61 60 108 
38 46 54 62 61 98 
38 46 54 62 98 
38 46 54 62 63 87 
38 46 54 62 63 64 119 
39 38 37 45  1 156 
39 47  2 98 
39 47  2  3 130 
39 47  2  3  4 111 
39 38 37 36 35  5 110 
39 38 37 36 35  5  6 124 
39 38 37 36 35  5  6  7 103 
39 38 37 36 35  5  6  7  8 93 
39 38 37 45  1  9 105 
39 47  2 10 105 
39 47  2 10 11 118 
39 47  2  3  4 12 113 
39 38 37 36 35  5 13 117 
39 38 37 36 35  5 13 14 101 
39 38 37 36 35  5  6  7 15 100 
39 38 37 36 35  5  6  7  8 16 115 
39 38 37 45  1  9 17 90 
39 47  2 10 18 66 
39 47  2 10 11 19 106 
39 47  2  3  4 12 20 132 
39 38 37 36 35  5 13 21 112 
39 38 37 36 35  5 13 14 22 72 
39 38 37 36 35  5 13 14 22 23 95 
39 38 37 36 35  5  6  7  8 16 24 143 
39 38 37 45  1  9 17 25 93 
39 47  2 10 18 26 102 
39 47  2 10 18 26 27 113 
39 47  2 10 18 26 27 28 131 
39 38 37 36 35  5 13 21 29 111 
39 38 37 36 35  5 13 21 29 30 123 
39 38 37 36 35  5 13 21 29 30 31 104 
39 38 37 36 35  5 13 21 29 30 31 32 117 
39 38 37 36 35 34 33 122 
39 38 37 36 35 34 101 
39 38 37 36 35 101 
39 38 37 36 115 
39 38 37 123 
39 38 140 
39 40 124 
39 38 37 36 35 34 42 41 106 
39 38 37 36 35 34 42 107 
39 38 37 36 44 43 128 
39 38 37 36 44 118 
39 38 37 45 107 
39 47 46 130 
39 47 125 
39 47 48 91 
39 38 37 36 35 34 42 41 49 87 
39 38 37 36 44 43 51 50 113 
39 38 37 36 44 43 51 108 
39 38 37 36 44 52 103 
39 47 55 54 53 128 
39 47 55 54 115 
39 47 55 94 
39 47 55 56 108 
39 38 37 36 44 43 51 59 58 57 83 
39 38 37 36 44 43 51 59 58 91 
39 38 37 36 44 43 51 59 109 
39 47 55 54 53 61 60 117 
39 47 55 54 53 61 108 
39 47 55 63 62 80 
39 47 55 63 73 
39 47 55 63 64 130 
40 39 38 46 45  1 131 
40 48 47  2 128 
40 48 47  2  3 112 
40 48 47  2  3  4 131 
40 39 38 37 36 35  5 125 
40 39 38 37 36 35  5  6 110 
40 39 38 37 36 35  5  6  7 127 
40 39 38 37 36 35  5  6  7  8 98 
40 39 38 46 45  1  9 98 
40 48 47  2 10 86 
40 48 47  2 10 11 119 
40 48 47  2  3  4 12 109 
40 39 38 37 36 35  5 13 109 
40 39 38 37 36 35  5 13 14 126 
40 39 38 37 36 35  5  6  7 15 92 
40 39 38 37 36 35  5  6  7 15 16 131 
40 39 38 46 45  1  9 17 77 
40 48 47  2 10 18 83 
40 48 47  2 10 11 19 110 
40 48 47  2  3  4 12 20 134 
40 39 38 37 36 35  5 13 21 119 
40 39 38 37 36 35  5 13 14 22 100 
40 39 38 37 36 35  5 13 14 22 23 89 
40 39 38 37 36 35  5 13 14 22 23 24 97 
40 39 38 46 45  1  9 17 25 100 
40 48 47  2 10 18 26 90 
40 48 47  2 10 18 26 27 101 
40 48 47  2 10 18 26 27 28 95 
40 39 38 37 36 35  5 13 21 29 106 
40 39 38 37 36 35  5 13 21 29 30 111 
40 39 38 37 36 35  5 13 21 29 30 31 100 
40 39 38 37 36 35  5 13 21 29 30 31 32 116 
40 39 38 37 36 35 34 33 123 
40 39 38 37 36 35 34 121 
40 39 38 37 36 35 116 
40 39 38 37 36 148 
40 39 38 37 109 
40 39 38 116 
40 39 123 
40 39 38 37 36 35 34 42 41 136 
40 39 38 37 36 35 34 42 103 
40 39 38 37 36 44 43 120 
40 39 38 37 36 44 128 
40 39 38 46 45 110 
40 39 38 46 107 
40 48 47 112 
40 48 115 
40 39 38 37 36 35 34 42 41 49 115 
40 39 38 37 36 44 43 51 50 108 
40 39 38 37 36 44 43 51 109 
40 39 38 46 45 53 52 106 
40 39 38 46 45 53 103 
40 48 56 55 54 124 
40 48 56 55 109 
40 48 56 118 
40 39 38 37 36 44 43 51 50 58 57 99 
40 39 38 37 36 44 43 51 50 58 72 
40 39 38 46 45 53 52 60 59 106 
40 39 38 46 45 53 52 60 111 
40 48 56 64 63 62 61 81 
40 48 56 64 63 62 90 
40 48 56 64 63 85 
40 48 56 64 102 
41 42 43 44 45  1 129 
41 42 43 44 45  1  2 97 
41 33  3 115 
41 33  3  4 103 
41 42 43 35  5 132 
41 42 43 35  5  6 111 
41 42 43 35  5  6  7 114 
41 42 43 35  5  6  7  8 121 
41 42 43 44 45  1  9 93 
41 33  3 11 10 93 
41 33  3 11 136 
41 33  3  4 12 101 
41 33  3  4 12 13 136 
41 33  3  4 12 13 14 95 
41 33  3  4 12 13 14 15 73 
41 42 43 35  5  6  7  8 16 131 
41 42 43 44 45  1  9 17 86 
41 33  3 11 10 18 96 
41 33  3 11 19 121 
41 33  3  4 12 20 120 
41 33  3  4 12 13 21 138 
41 33  3  4 12 13 21 22 113 
41 33  3  4 12 13 14 15 23 92 
41 33  3  4 12 13 14 15 23 24 122 
41 42 43 44 45  1  9 17 25 125 
41 33  3 11 10 18 26 127 
41 33  3 11 19 27 118 
41 33  3  4 12 20 28 112 
41 33  3  4 12 13 21 29 143 
41 33  3  4 12 13 21 22 30 123 
41 33  3  4 12 13 14 15 23 31 98 
41 33  3  4 12 13 14 15 23 31 32 116 
41 33 109 
41 42 34 106 
41 42 43 35 117 
41 42 43 44 36 128 
41 42 43 44 45 37 106 
41 42 43 44 45 46 38 106 
41 42 43 44 45 46 47 39 117 
41 42 43 44 45 46 47 48 40 132 
41 42 114 
41 42 43 109 
41 42 43 44 119 
41 42 43 44 45 111 
41 42 43 44 45 46 113 
41 42 43 44 45 46 47 124 
41 42 43 44 45 46 47 48 134 
41 49 103 
41 49 50 108 
41 42 43 51 111 
41 42 43 51 52 116 
41 42 43 44 45 53 131 
41 42 43 44 45 53 54 125 
41 42 43 44 45 46 47 55 97 
41 42 43 44 45 46 47 55 56 132 
41 49 57 98 
41 49 57 58 71 
41 49 57 58 59 101 
41 42 43 51 52 60 132 
41 42 43 51 52 60 61 85 
41 42 43 44 45 53 54 62 70 
41 42 43 44 45 53 54 62 63 92 
41 42 43 44 45 46 47 55 56 64 124 
42 43 44 45  1 108 
42 43 44 45  1  2 127 
42 41 33  3 107 
42 43 35  5  4 137 
42 43 35  5 131 
42 43 35  5  6 120 
42 43 35  5  6  7 104 
42 43 35  5  6  7  8 121 
42 43 44 45  1  9 100 
42 43 44 45  1  2 10 104 
42 41 33  3 11 115 
42 43 35  5  4 12 114 
42 43 35  5 13 94 
42 43 35  5 13 14 98 
42 43 35  5 13 14 15 82 
42 43 35  5  6  7  8 16 121 
42 43 44 45  1  9 17 83 
42 43 44 45  1  9 17 18 73 
42 41 33  3 11 19 120 
42 43 35  5  4 12 20 103 
42 43 35  5 13 21 111 
42 43 35  5 13 21 22 110 
42 43 35  5 13 14 15 23 84 
42 43 35  5 13 14 15 23 24 132 
42 43 44 45  1  9 17 25 104 
42 43 44 45  1  9 17 18 26 108 
42 41 33  3 11 19 27 106 
42 43 35  5  4 12 20 28 121 
42 43 35  5 13 21 29 106 
42 43 35  5 13 21 22 30 116 
42 43 35  5 13 21 22 30 31 100 
42 43 35  5 13 21 22 30 31 32 105 
42 41 33 105 
42 34 117 
42 43 35 110 
42 43 44 36 111 
42 43 44 36 37 118 
42 43 44 45 46 38 106 
42 43 44 45 46 47 39 110 
42 43 44 45 46 47 48 40 119 
42 41 83 
42 43 127 
42 43 44 112 
42 43 44 45 102 
42 43 44 45 46 122 
42 43 44 45 46 47 109 
42 43 44 45 46 47 48 117 
42 50 49 115 
42 50 97 
42 50 51 131 
42 43 44 52 115 
42 43 44 52 53 131 
42 43 44 45 46 54 120 
42 43 44 45 46 54 55 113 
42 43 44 45 46 47 48 56 135 
42 50 58 57 85 
42 50 58 80 
42 50 58 59 110 
42 50 58 59 60 128 
42 43 44 52 53 61 101 
42 43 44 52 53 61 62 97 
42 43 44 45 46 54 55 63 85 
42 43 44 45 46 54 55 63 64 104 
43 44 45  1 105 
43 44 45  1  2 109 
43 35  5  4  3 108 
43 35  5  4 117 
43 35  5 127 
43 35  5  6 108 
43 35  5  6  7 110 
43 35  5  6  7  8 106 
43 44 45  1  9 99 
43 44 45  1  2 10 97 
43 44 45  1  2 10 11 127 
43 35  5  4 12 141 
43 35  5 13 113 
43 35  5 13 14 112 
43 35  5 13 14 15 89 
43 35  5  6  7  8 16 127 
43 44 45  1  9 17 81 
43 44 45  1  9 17 18 77 
43 44 45  1  2 10 11 19 94 
43 35  5  4 12 20 102 
43 35  5 13 21 112 
43 35  5 13 21 22 115 
43 35  5 13 14 15 23 83 
43 35  5  6  7  8 16 24 125 
43 44 45  1  9 17 25 105 
43 44 45  1  9 17 18 26 99 
43 44 45  1  9 17 18 26 27 127 
43 35  5  4 12 20 28 139 
43 35  5 13 21 29 105 
43 35  5 13 21 22 30 105 
43 35  5 13 21 22 30 31 117 
43 35  5  6  7  8 16 24 32 131 
43 42 41 33 105 
43 42 34 110 
43 35 109 
43 44 36 94 
43 44 45 37 95 
43 44 45 37 38 129 
43 44 45 46 47 39 105 
43 44 45 46 47 48 40 130 
43 42 41 138 
43 42 120 
43 44 130 
43 44 45 91 
43 44 45 46 100 
43 44 45 46 47 122 
43 44 45 46 47 48 114 
43 42 41 49 105 
43 51 50 108 
43 51 114 
43 51 52 117 
43 44 45 53 103 
43 44 45 53 54 103 
43 44 45 46 47 55 103 
43 44 45 46 47 55 56 132 
43 51 59 58 57 110 
43 51 59 58 90 
43 51 59 108 
43 51 59 60 93 
43 51 59 60 61 105 
43 44 45 53 54 62 85 
43 44 45 53 54 62 63 80 
43 44 45 46 47 55 56 64 129 
44 45  1 128 
44 45  1  2 123 
44 45  1  2  3 106 
44 45  1  2  3  4 122 
44 43 35  5 119 
44 43 35  5  6 139 
44 43 35  5  6  7 118 
44 43 35  5  6  7  8 104 
44 45  1  9 95 
44 45  1  2 10 96 
44 45  1  2 10 11 131 
44 45  1  2  3  4 12 137 
44 43 35  5 13 126 
44 43 35  5 13 14 105 
44 43 35  5  6  7 15 99 
44 43 35  5  6  7  8 16 146 
44 45  1  9 17 81 
44 45  1  9 17 18 74 
44 45  1  9 17 18 19 109 
44 45  1  2  3  4 12 20 136 
44 43 35  5 13 21 111 
44 43 35  5 13 14 22 109 
44 43 35  5  6  7 15 23 80 
44 43 35  5  6  7  8 16 24 109 
44 45  1  9 17 25 94 
44 45  1  9 17 25 26 112 
44 45  1  9 17 25 26 27 130 
44 45  1  2  3  4 12 20 28 122 
44 43 35  5 13 21 29 124 
44 43 35  5 13 14 22 30 106 
44 43 35  5 13 14 22 30 31 127 
44 43 35  5 13 14 22 30 31 32 135 
44 43 42 34 33 103 
44 43 42 34 130 
44 43 35 103 
44 36 126 
44 45 37 100 
44 45 46 38 130 
44 45 46 47 39 116 
44 45 46 47 48 40 123 
44 43 42 41 112 
44 43 42 119 
44 43 108 
44 45 103 
44 45 46 94 
44 45 46 47 115 
44 45 46 47 48 107 
44 43 42 41 49 102 
44 43 42 50 98 
44 52 51 109 
44 52 113 
44 52 53 143 
44 45 46 54 111 
44 45 46 54 55 89 
44 45 46 47 48 56 125 
44 43 42 41 49 57 96 
44 52 60 59 58 63 
44 52 60 59 109 
44 52 60 98 
44 52 60 61 100 
44 52 60 61 62 94 
44 45 46 54 55 63 74 
44 45 46 54 55 63 64 131 
45  1 116 
45  1  2 90 
45  1  2  3 120 
45  1  2  3  4 128 
45  1  2  3  4  5 107 
45  1  2  3  4  5  6 105 
45  1  2  3  4  5  6  7 100 
45  1  2  3  4  5  6  7  8 121 
45  1  9 116 
45  1  2 10 95 
45  1  2 10 11 124 
45  1  2  3  4 12 115 
45  1  2  3  4 12 13 92 
45  1  2  3  4 12 13 14 132 
45  1  2  3  4 12 13 14 15 78 
45  1  2  3  4 12 13 14 15 16 120 
45  1  9 17 92 
45  1  9 17 18 84 
45  1  2 10 11 19 107 
45  1  2 10 11 19 20 129 
45  1  2 10 11 19 20 21 105 
45  1  2  3  4 12 13 14 22 95 
45  1  2  3  4 12 13 14 22 23 85 
45  1  2  3  4 12 13 14 15 16 24 128 
45  1  9 17 25 90 
45  1  9 17 25 26 114 
45  1  2 10 11 19 27 125 
45  1  2 10 11 19 27 28 115 
45  1  2 10 11 19 20 21 29 136 
45  1  2  3  4 12 13 14 22 30 127 
45  1  2  3  4 12 13 14 22 30 31 106 
45  1  2  3  4 12 13 14 22 30 31 32 118 
45 44 43 42 41 33 135 
45 44 43 35 34 116 
45 44 43 35 97 
45 44 36 122 
45 37 115 
45 46 38 105 
45 46 47 39 112 
45 46 47 48 40 126 
45 44 43 42 41 115 
45 44 43 42 102 
45 44 43 97 
45 44 126 
45 46 124 
45 46 47 123 
45 46 47 48 121 
45 44 43 42 50 49 88 
45 44 43 42 50 117 
45 44 43 51 109 
45 53 52 120 
45 53 98 
45 53 54 120 
45 46 47 55 97 
45 46 47 55 56 121 
45 44 43 42 50 58 57 106 
45 44 43 42 50 58 72 
45 53 61 60 59 107 
45 53 61 60 108 
45 53 61 112 
45 53 61 62 88 
45 53 61 62 63 86 
45 46 47 55 56 64 127 
46 45  1 109 
46 45  1  2 126 
46 45  1  2  3 111 
46 45  1  2  3  4 121 
46 45  1  2  3  4  5 128 
46 45  1  2  3  4  5  6 108 
46 45  1  2  3  4  5  6  7 135 
46 45  1  2  3  4  5  6  7  8 123 
46 45  1  9 73 
46 45  1  9 10 93 
46 45  1  2  3 11 122 
46 45  1  2  3 11 12 124 
46 45  1  2  3 11 12 13 104 
46 45  1  2  3 11 12 13 14 109 
46 45  1  2  3 11 12 13 14 15 82 
46 45  1  2  3 11 12 13 14 15 16 100 
46 45  1  9 17 89 
46 45  1  9 17 18 80 
46 45  1  2  3 11 19 111 
46 45  1  2  3 11 19 20 113 
46 45  1  2  3 11 12 13 21 112 
46 45  1  2  3 11 12 13 14 22 99 
46 45  1  2  3 11 12 13 14 15 23 81 
46 45  1  2  3 11 12 13 14 15 16 24 118 
46 45  1  9 17 25 92 
46 45  1  9 17 25 26 111 
46 45  1  9 17 25 26 27 106 
46 45  1  2  3 11 19 20 28 108 
46 45  1  2  3 11 12 13 21 29 126 
46 45  1  2  3 11 12 13 21 29 30 107 
46 45  1  2  3 11 12 13 14 15 23 31 135 
46 45  1  2  3 11 12 13 14 15 16 24 32 110 
46 45 44 43 42 41 33 122 
46 45 44 43 42 34 128 
46 45 44 36 35 107 
46 45 44 36 121 
46 45 37 102 
46 38 100 
46 47 39 149 
46 47 48 40 118 
46 45 44 43 42 41 123 
46 45 44 43 42 108 
46 45 44 43 119 
46 45 44 109 
46 45 140 
46 47 134 
46 47 48 106 
46 45 44 43 42 41 49 73 
46 45 44 43 51 50 87 
46 45 44 43 51 82 
46 45 44 52 110 
46 54 53 100 
46 54 109 
46 54 55 91 
46 47 48 56 114 
46 45 44 43 51 59 58 57 90 
46 45 44 43 51 59 58 70 
46 45 44 43 51 59 100 
46 54 62 61 60 129 
46 54 62 61 80 
46 54 62 83 
46 54 62 63 102 
46 54 62 63 64 110 
47 46 45  1 106 
47  2 92 
47  2  3 110 
47  2  3  4 98 
47  2  3  4  5 98 
47  2  3  4  5  6 123 
47  2  3  4  5  6  7 107 
47  2  3  4  5  6  7  8 112 
47 46 45  1  9 125 
47  2 10 121 
47  2  3 11 130 
47  2  3 11 12 124 
47  2  3 11 12 13 124 
47  2  3 11 12 13 14 120 
47  2  3 11 12 13 14 15 94 
47  2  3 11 12 13 14 15 16 123 
47 46 45  1  9 17 87 
47  2 10 18 78 
47  2 10 18 19 130 
47  2 10 18 19 20 136 
47  2  3 11 12 13 21 112 
47  2  3 11 12 13 14 22 87 
47  2  3 11 12 13 14 22 23 92 
47  2  3 11 12 13 14 22 23 24 112 
47 46 45  1  9 17 25 105 
47  2 10 18 26 110 
47  2 10 18 26 27 108 
47  2 10 18 26 27 28 121 
47  2  3 11 12 13 21 29 111 
47  2  3 11 12 13 21 29 30 122 
47  2  3 11 12 13 21 29 30 31 103 
47  2  3 11 12 13 21 29 30 31 32 115 
47 46 45 44 43 42 41 33 114 
47 46 45 44 43 42 34 120 
47 46 45 44 43 35 114 
47 46 45 37 36 94 
47 46 45 37 90 
47 46 38 108 
47 39 128 
47 48 40 126 
47 46 45 44 43 42 41 98 
47 46 45 44 43 42 131 
47 46 45 44 43 108 
47 46 45 44 117 
47 46 45 114 
47 46 126 
47 48 114 
47 46 45 44 43 42 50 49 112 
47 46 45 44 43 42 50 72 
47 46 45 44 52 51 133 
47 46 45 44 52 100 
47 46 45 53 102 
47 55 54 116 
47 55 90 
47 55 56 107 
47 46 45 44 43 42 50 49 57 98 
47 46 45 44 52 51 59 58 83 
47 46 45 44 52 51 59 109 
47 46 45 44 52 60 106 
47 55 63 62 61 105 
47 55 63 62 62 
47 55 63 92 
47 55 63 64 128 
48 47 46 45  1 102 
48 47  2 120 
48 47  2  3 110 
48 47  2  3  4 90 
48 47  2  3  4  5 112 
48 47  2  3  4  5  6 107 
48 47  2  3  4  5  6  7 100 
48 47  2  3  4  5  6  7  8 139 
48 47 46 45  1  9 104 
48 47  2 10 97 
48 47  2 10 11 133 
48 47  2  3  4 12 108 
48 47  2  3  4 12 13 97 
48 47  2  3  4 12 13 14 97 
48 47  2  3  4  5  6  7 15 71 
48 47  2  3  4  5  6  7  8 16 120 
48 47 46 45  1  9 17 67 
48 47  2 10 18 84 
48 47  2 10 18 19 124 
48 47  2  3  4 12 20 116 
48 47  2  3  4 12 20 21 106 
48 47  2  3  4 12 13 14 22 115 
48 47  2  3  4  5  6  7 15 23 74 
48 47  2  3  4  5  6  7  8 16 24 107 
48 47 46 45  1  9 17 25 98 
48 47  2 10 18 26 99 
48 47  2 10 18 26 27 118 
48 47  2 10 18 26 27 28 121 
48 47  2  3  4 12 20 21 29 115 
48 47  2  3  4 12 20 21 29 30 126 
48 47  2  3  4  5  6  7 15 23 31 127 
48 47  2  3  4  5  6  7  8 16 24 32 83 
48 47 46 45 44 43 42 41 33 131 
48 47 46 45 44 43 42 34 102 
48 47 46 45 44 43 35 100 
48 47 46 45 44 36 131 
48 47 46 45 37 112 
48 47 46 38 112 
48 47 39 132 
48 40 138 
48 47 46 45 44 43 42 41 88 
48 47 46 45 44 43 42 130 
48 47 46 45 44 43 123 
48 47 46 45 44 107 
48 47 46 45 117 
48 47 46 114 
48 47 114 
48 47 46 45 44 43 42 50 49 100 
48 47 46 45 44 43 42 50 114 
48 47 46 45 44 52 51 119 
48 47 46 45 44 52 133 
48 47 46 54 53 133 
48 47 46 54 102 
48 56 55 83 
48 56 127 
48 47 46 45 44 43 42 50 49 57 113 
48 47 46 45 44 52 51 59 58 78 
48 47 46 45 44 52 51 59 116 
48 47 46 54 53 61 60 108 
48 47 46 54 53 61 86 
48 56 55 63 62 68 
48 56 55 63 82 
48 56 64 99 
49 50 51 52 53 45  1 116 
49 50 51 52 53 45  1  2 113 
49 41 33  3 123 
49 41 33  3  4 109 
49 50 42 43 35  5 111 
49 50 42 43 35  5  6 116 
49 50 42 43 35  5  6  7 126 
49 50 42 43 35  5  6  7  8 116 
49 50 51 52 53 45  1  9 110 
49 41 33  3 11 10 116 
49 41 33  3 11 113 
49 41 33  3  4 12 113 
49 50 42 43 35  5 13 115 
49 50 42 43 35  5 13 14 96 
49 50 42 43 35  5  6  7 15 79 
49 50 42 43 35  5  6  7 15 16 133 
49 50 51 52 53 45  1  9 17 67 
49 41 33  3 11 10 18 78 
49 41 33  3 11 19 98 
49 41 33  3  4 12 20 104 
49 50 42 43 35  5 13 21 118 
49 50 42 43 35  5 13 21 22 106 
49 50 42 43 35  5  6  7 15 23 79 
49 50 42 43 35  5  6  7 15 23 24 121 
49 50 51 52 53 45  1  9 17 25 110 
49 41 33  3 11 19 27 26 146 
49 41 33  3 11 19 27 106 
49 41 33  3 11 19 27 28 148 
49 50 42 43 35  5 13 21 29 131 
49 50 42 43 35  5 13 21 22 30 122 
49 50 42 43 35  5 13 21 22 30 31 104 
49 50 42 43 35  5  6  7 15 23 24 32 107 
49 41 33 124 
49 41 33 34 116 
49 50 42 43 35 106 
49 50 42 43 35 36 110 
49 50 51 52 53 45 37 130 
49 50 51 52 53 45 37 38 115 
49 50 51 52 53 54 55 47 39 114 
49 50 51 52 53 54 55 47 39 40 110 
49 41 135 
49 50 42 129 
49 50 42 43 118 
49 50 51 52 44 111 
49 50 51 52 53 45 117 
49 50 51 52 53 54 46 126 
49 50 51 52 53 54 55 47 125 
49 50 51 52 53 54 55 56 48 109 
49 50 96 
49 50 51 116 
49 50 51 52 104 
49 50 51 52 53 124 
49 50 51 52 53 54 125 
49 50 51 52 53 54 55 110 
49 50 51 52 53 54 55 56 116 
49 57 111 
49 57 58 61 
49 50 51 59 101 
49 50 51 59 60 108 
49 50 51 59 60 61 92 
49 50 51 52 53 54 62 94 
49 50 51 52 53 54 62 63 101 
49 50 51 52 53 54 55 56 64 121 
50 51 52 53 45  1 104 
50 51 52 53 45  1  2 122 
50 42 34 33  3 123 
50 42 34 35  5  4 113 
50 42 34 35  5 134 
50 42 34 35  5  6 111 
50 42 34 35  5  6  7 118 
50 42 34 35  5  6  7  8 120 
50 51 52 53 45  1  9 95 
50 51 52 53 45  1  2 10 92 
50 42 34 33  3 11 150 
50 42 34 35  5 13 12 108 
50 42 34 35  5 13 106 
50 42 34 35  5 13 14 109 
50 42 34 35  5 13 14 15 76 
50 42 34 35  5  6  7  8 16 145 
50 51 52 53 45  1  9 17 105 
50 51 52 53 45  1  9 17 18 84 
50 42 34 33  3 11 19 128 
50 42 34 35  5 13 21 20 132 
50 42 34 35  5 13 21 130 
50 42 34 35  5 13 21 22 114 
50 42 34 35  5 13 14 15 23 85 
50 42 34 35  5  6  7  8 16 24 112 
50 51 52 53 45  1  9 17 25 93 
50 51 52 53 45  1  9 17 18 26 91 
50 42 34 33  3 11 19 27 100 
50 42 34 35  5 13 21 20 28 116 
50 42 34 35  5 13 21 29 115 
50 42 34 35  5 13 21 22 30 101 
50 42 34 35  5 13 21 22 30 31 111 
50 42 34 35  5 13 21 22 30 31 32 114 
50 42 34 33 127 
50 42 34 139 
50 42 34 35 131 
50 51 52 44 36 107 
50 51 52 44 36 37 119 
50 51 52 53 54 46 38 113 
50 51 52 53 54 46 38 39 123 
50 51 52 53 54 55 56 48 40 121 
50 49 41 126 
50 42 102 
50 51 43 130 
50 51 52 44 122 
50 51 52 53 45 111 
50 51 52 53 54 46 140 
50 51 52 53 54 55 47 104 
50 51 52 53 54 55 56 48 109 
50 49 93 
50 51 111 
50 51 52 108 
50 51 52 53 123 
50 51 52 53 54 136 
50 51 52 53 54 55 94 
50 51 52 53 54 55 56 122 
50 58 57 107 
50 58 89 
50 58 59 96 
50 58 59 60 108 
50 51 52 53 61 91 
50 51 52 53 61 62 83 
50 51 52 53 54 55 63 102 
50 51 52 53 54 55 63 64 108 
51 52 53 45  1 95 
51 52 53 45  1  2 135 
51 43 35  5  4  3 116 
51 43 35  5  4 94 
51 43 35  5 121 
51 43 35  5  6 108 
51 43 35  5  6  7 105 
51 43 35  5  6  7  8 104 
51 52 53 45  1  9 95 
51 52 53 45  1  2 10 108 
51 43 35  5 13 12 11 96 
51 43 35  5 13 12 134 
51 43 35  5 13 116 
51 43 35  5 13 14 103 
51 43 35  5 13 14 15 96 
51 43 35  5  6  7  8 16 107 
51 52 53 45  1  9 17 76 
51 52 53 45  1  9 17 18 77 
51 43 35  5 13 12 11 19 123 
51 43 35  5 13 21 20 118 
51 43 35  5 13 21 137 
51 43 35  5 13 21 22 103 
51 43 35  5 13 14 15 23 75 
51 43 35  5  6  7  8 16 24 104 
51 52 53 45  1  9 17 25 91 
51 52 53 45  1  9 17 18 26 110 
51 43 35  5 13 21 20 28 27 124 
51 43 35  5 13 21 20 28 121 
51 43 35  5 13 21 29 108 
51 43 35  5 13 21 22 30 99 
51 43 35  5 13 21 22 30 31 97 
51 43 35  5  6  7  8 16 24 32 120 
51 50 49 41 33 132 
51 43 35 34 115 
51 43 35 118 
51 43 35 36 128 
51 52 53 45 37 117 
51 52 53 45 37 38 120 
51 52 53 54 55 47 39 112 
51 52 53 54 55 47 39 40 107 
51 50 49 41 99 
51 50 42 142 
51 43 124 
51 52 44 124 
51 52 53 45 103 
51 52 53 54 46 114 
51 52 53 54 55 47 100 
51 52 53 54 55 56 48 120 
51 50 49 107 
51 50 97 
51 52 105 
51 52 53 114 
51 52 53 54 87 
51 52 53 54 55 97 
51 52 53 54 55 56 108 
51 50 49 57 98 
51 59 58 84 
51 59 112 
51 59 60 122 
51 59 60 61 97 
51 52 53 54 62 95 
51 52 53 54 62 63 94 
51 52 53 54 55 56 64 136 
52 53 45  1 107 
52 53 45  1  2 97 
52 53 45  1  2  3 105 
52 44 36 35  5  4 120 
52 44 36 35  5 147 
52 44 36 35  5  6 142 
52 44 36 35  5  6  7 119 
52 44 36 35  5  6  7  8 105 
52 53 45  1  9 105 
52 53 45  1  9 10 100 
52 53 45  1  2  3 11 117 
52 53 45  1  2  3 11 12 124 
52 44 36 35  5 13 132 
52 44 36 35  5 13 14 103 
52 44 36 35  5  6  7 15 91 
52 44 36 35  5  6  7  8 16 108 
52 53 45  1  9 17 84 
52 53 45  1  9 17 18 75 
52 53 45  1  9 17 18 19 100 
52 53 45  1  9 17 18 19 20 107 
52 44 36 35  5 13 21 129 
52 44 36 35  5 13 21 22 89 
52 44 36 35  5  6  7 15 23 86 
52 44 36 35  5  6  7 15 23 24 126 
52 53 45  1  9 17 25 118 
52 53 45  1  9 17 25 26 101 
52 53 45  1  9 17 25 26 27 125 
52 53 45  1  9 17 18 19 20 28 106 
52 44 36 35  5 13 21 29 126 
52 44 36 35  5 13 21 22 30 108 
52 44 36 35  5 13 21 22 30 31 81 
52 44 36 35  5 13 21 22 30 31 32 104 
52 51 50 42 41 33 126 
52 44 36 35 34 116 
52 44 36 35 99 
52 44 36 126 
52 44 36 37 121 
52 53 54 46 38 141 
52 53 54 46 38 39 139 
52 53 54 55 56 48 40 105 
52 51 50 42 41 92 
52 51 50 42 103 
52 51 43 122 
52 44 105 
52 53 45 113 
52 53 54 46 101 
52 53 54 55 47 127 
52 53 54 55 56 48 102 
52 51 50 49 109 
52 51 50 100 
52 51 152 
52 53 101 
52 53 54 119 
52 53 54 55 85 
52 53 54 55 56 101 
52 51 50 49 57 107 
52 51 50 58 92 
52 60 59 103 
52 60 116 
52 60 61 81 
52 60 61 62 89 
52 53 54 55 63 93 
52 53 54 55 63 64 108 
53 45  1 141 
53 45  1  2 113 
53 45  1  2  3 121 
53 45  1  2  3  4 118 
53 45  1  2  3  4  5 134 
53 45  1  2  3  4  5  6 120 
53 45  1  2  3  4  5  6  7 120 
53 45  1  2  3  4  5  6  7  8 152 
53 45  1  9 84 
53 45  1  9 10 100 
53 45  1  2  3 11 93 
53 45  1  2  3 11 12 118 
53 45  1  2  3 11 12 13 130 
53 45  1  2  3 11 12 13 14 110 
53 45  1  2  3  4  5  6  7 15 74 
53 45  1  2  3  4  5  6  7  8 16 120 
53 45  1  9 17 92 
53 45  1  9 17 18 89 
53 45  1  2  3 11 19 121 
53 45  1  2  3 11 19 20 124 
53 45  1  2  3 11 19 20 21 103 
53 45  1  2  3 11 12 13 14 22 116 
53 45  1  2  3 11 12 13 14 22 23 88 
53 45  1  2  3 11 12 13 14 22 23 24 124 
53 45  1  9 17 25 88 
53 45  1  9 17 25 26 113 
53 45  1  2  3 11 19 27 119 
53 45  1  2  3 11 19 27 28 132 
53 45  1  2  3 11 19 20 21 29 137 
53 45  1  2  3 11 12 13 14 22 30 119 
53 45  1  2  3 11 12 13 14 22 30 31 102 
53 45  1  2  3 11 12 13 14 22 30 31 32 116 
53 52 51 43 42 34 33 142 
53 52 51 43 42 34 94 
53 52 51 43 35 119 
53 45 37 36 110 
53 45 37 107 
53 45 37 38 127 
53 54 55 47 39 119 
53 54 55 47 39 40 109 
53 52 51 50 49 41 115 
53 52 51 43 42 127 
53 52 51 43 128 
53 52 44 116 
53 45 106 
53 54 46 114 
53 54 55 47 98 
53 54 55 56 48 108 
53 52 51 50 49 109 
53 52 51 50 90 
53 52 51 102 
53 52 93 
53 54 112 
53 54 55 105 
53 54 55 56 142 
53 52 51 50 49 57 106 
53 52 51 59 58 66 
53 52 51 59 107 
53 61 60 137 
53 61 89 
53 61 62 83 
53 61 62 63 78 
53 54 55 56 64 113 
54 53 45  1 104 
54 53 45  1  2 113 
54 53 45  1  2  3 116 
54 53 45  1  2  3  4 143 
54 53 45  1  2  3  4  5 131 
54 53 45  1  2  3  4  5  6 120 
54 53 45  1  2  3  4  5  6  7 97 
54 53 45  1  2  3  4  5  6  7  8 113 
54 53 45  1  9 109 
54 53 45  1  2 10 83 
54 53 45  1  2 10 11 115 
54 53 45  1  2  3  4 12 112 
54 53 45  1  2  3  4 12 13 108 
54 53 45  1  2  3  4 12 13 14 100 
54 53 45  1  2  3  4  5  6  7 15 78 
54 53 45  1  2  3  4  5  6  7  8 16 107 
54 53 45  1  9 17 73 
54 53 45  1  9 17 18 99 
54 53 45  1  2 10 11 19 138 
54 53 45  1  2 10 11 19 20 106 
54 53 45  1  2  3  4 12 13 21 120 
54 53 45  1  2  3  4 12 13 14 22 109 
54 53 45  1  2  3  4  5  6  7 15 23 84 
54 53 45  1  2  3  4  5  6  7  8 16 24 114 
54 53 45  1  9 17 25 89 
54 53 45  1  9 17 25 26 98 
54 53 45  1  2 10 11 19 27 116 
54 53 45  1  2 10 11 19 27 28 114 
54 53 45  1  2  3  4 12 13 21 29 116 
54 53 45  1  2  3  4 12 13 21 29 30 122 
54 53 45  1  2  3  4  5  6  7 15 23 31 97 
54 53 45  1  2  3  4  5  6  7  8 16 24 32 108 
54 53 52 51 43 42 34 33 122 
54 53 52 51 43 42 34 115 
54 53 52 44 36 35 97 
54 53 52 44 36 99 
54 46 38 37 115 
54 46 38 135 
54 46 38 39 94 
54 55 56 48 40 112 
54 53 52 51 50 49 41 108 
54 53 52 51 43 42 129 
54 53 52 51 43 131 
54 53 52 44 116 
54 53 45 144 
54 46 116 
54 55 47 113 
54 55 56 48 127 
54 53 52 51 50 49 122 
54 53 52 51 50 101 
54 53 52 51 103 
54 53 52 123 
54 53 114 
54 55 94 
54 55 56 120 
54 53 52 51 50 49 57 95 
54 53 52 60 59 58 94 
54 53 52 60 59 94 
54 53 52 60 94 
54 62 61 105 
54 62 89 
54 62 63 92 
54 62 63 64 117 
55 54 53 45  1 122 
55 47  2 114 
55 47  2  3 109 
55 47  2  3  4 84 
55 47  2  3  4  5 118 
55 47  2  3  4  5  6 117 
55 47  2  3  4  5  6  7 110 
55 47  2  3  4  5  6  7  8 113 
55 54 53 45  1  9 93 
55 47  2 10 107 
55 47  2  3 11 130 
55 47  2  3 11 12 116 
55 47  2  3  4  5 13 136 
55 47  2  3  4  5 13 14 100 
55 47  2  3  4  5  6  7 15 94 
55 47  2  3  4  5  6  7  8 16 107 
55 54 53 45  1  9 17 87 
55 47  2 10 18 78 
55 47  2 10 18 19 119 
55 47  2 10 18 19 20 122 
55 47  2  3  4  5 13 21 130 
55 47  2  3  4  5 13 14 22 109 
55 47  2  3  4  5  6  7 15 23 84 
55 47  2  3  4  5  6  7  8 16 24 126 
55 54 53 45  1  9 17 25 113 
55 47  2 10 18 26 102 
55 47  2 10 18 26 27 127 
55 47  2 10 18 26 27 28 121 
55 47  2  3  4  5 13 21 29 114 
55 47  2  3  4  5 13 21 29 30 130 
55 47  2  3  4  5  6  7 15 23 31 110 
55 47  2  3  4  5  6  7  8 16 24 32 118 
55 54 53 52 51 50 42 34 33 110 
55 54 53 52 51 50 42 34 132 
55 54 53 45 44 36 35 101 
55 54 53 45 44 36 110 
55 54 53 45 37 123 
55 47 39 38 131 
55 47 39 132 
55 47 39 40 121 
55 54 53 52 51 50 49 41 112 
55 54 53 52 51 50 42 116 
55 54 53 52 51 43 126 
55 54 53 45 44 121 
55 54 53 45 125 
55 54 46 106 
55 47 139 
55 56 48 114 
55 54 53 52 51 50 49 100 
55 54 53 52 51 50 88 
55 54 53 52 51 120 
55 54 53 52 120 
55 54 53 115 
55 54 122 
55 56 99 
55 54 53 52 51 50 58 57 100 
55 54 53 52 51 50 58 69 
55 54 53 52 51 59 121 
55 54 53 61 60 124 
55 54 53 61 110 
55 63 62 92 
55 63 75 
55 63 64 148 
56 55 54 53 45  1 121 
56 55 47  2 123 
56 55 47  2  3 117 
56 55 47  2  3  4 124 
56 55 47  2  3  4  5 117 
56 55 47  2  3  4  5  6 132 
56 55 47  2  3  4  5  6  7 92 
56 55 47  2  3  4  5  6  7  8 125 
56 55 54 53 45  1  9 99 
56 55 47  2 10 115 
56 55 47  2  3 11 112 
56 55 47  2  3 11 12 132 
56 55 47  2  3 11 12 13 120 
56 55 47  2  3 11 12 13 14 102 
56 55 47  2  3  4  5  6  7 15 96 
56 55 47  2  3  4  5  6  7 15 16 107 
56 55 54 53 45  1  9 17 88 
56 55 47  2 10 18 97 
56 55 47  2 10 18 19 120 
56 55 47  2 10 18 19 20 114 
56 55 47  2  3 11 12 13 21 112 
56 55 47  2  3 11 12 13 14 22 93 
56 55 47  2  3 11 12 13 14 22 23 86 
56 55 47  2  3 11 12 13 14 22 23 24 129 
56 55 54 53 45  1  9 17 25 116 
56 55 47  2 10 18 26 108 
56 55 47  2 10 18 26 27 133 
56 55 47  2 10 18 26 27 28 113 
56 55 47  2  3 11 12 13 21 29 135 
56 55 47  2  3 11 12 13 14 22 30 122 
56 55 47  2  3 11 12 13 14 22 30 31 90 
56 55 47  2  3 11 12 13 14 22 30 31 32 130 
56 55 54 53 52 51 50 42 34 33 99 
56 55 54 53 52 51 50 42 34 107 
56 55 54 53 45 44 36 35 111 
56 55 54 53 45 44 36 109 
56 55 54 46 38 37 110 
56 55 54 46 38 113 
56 48 40 39 133 
56 48 40 122 
56 55 54 53 52 51 50 49 41 92 
56 55 54 53 52 51 50 42 107 
56 55 54 53 52 51 43 119 
56 55 54 53 45 44 127 
56 55 54 53 45 135 
56 55 54 46 119 
56 55 47 106 
56 48 139 
56 55 54 53 52 51 50 49 99 
56 55 54 53 52 51 50 106 
56 55 54 53 52 51 104 
56 55 54 53 52 129 
56 55 54 53 129 
56 55 54 121 
56 55 85 
56 55 54 53 52 51 50 49 57 102 
56 55 54 53 52 60 59 58 71 
56 55 54 53 52 60 59 123 
56 55 54 53 52 60 115 
56 55 54 62 61 100 
56 55 54 62 89 
56 64 63 86 
56 64 113 
57 58 59 60 61 53 45  1 113 
57 58 59 60 61 53 45  1  2 124 
57 49 41 33  3 123 
57 49 41 33  3  4 83 
57 49 41 42 34 35  5 107 
57 49 41 42 34 35  5  6 101 
57 49 41 42 34 35  5  6  7 99 
57 49 41 42 34 35  5  6  7  8 126 
57 58 59 60 61 53 45  1  9 100 
57 49 41 33  3 11 10 102 
57 49 41 33  3 11 95 
57 49 41 33  3  4 12 125 
57 49 41 42 34 35  5 13 117 
57 49 41 42 34 35  5 13 14 108 
57 49 41 42 34 35  5  6  7 15 85 
57 49 41 42 34 35  5  6  7  8 16 124 
57 58 59 60 61 53 45  1  9 17 113 
57 49 41 33  3 11 10 18 82 
57 49 41 33  3 11 19 132 
57 49 41 33  3  4 12 20 98 
57 49 41 42 34 35  5 13 21 130 
57 49 41 42 34 35  5 13 14 22 113 
57 49 41 42 34 35  5  6  7 15 23 74 
57 49 41 42 34 35  5  6  7 15 23 24 125 
57 58 59 60 61 53 45  1  9 17 25 104 
57 49 41 33  3 11 10 18 26 112 
57 49 41 33  3 11 19 27 108 
57 49 41 33  3  4 12 20 28 117 
57 49 41 42 34 35  5 13 21 29 120 
57 49 41 42 34 35  5 13 14 22 30 116 
57 49 41 42 34 35  5 13 14 22 30 31 116 
57 49 41 42 34 35  5 13 14 22 30 31 32 105 
57 49 41 33 119 
57 49 41 42 34 135 
57 49 41 42 34 35 107 
57 58 59 51 43 44 36 109 
57 58 59 51 43 44 36 37 86 
57 58 59 60 61 53 45 46 38 113 
57 58 59 60 61 53 45 46 38 39 113 
57 58 59 60 61 62 54 55 47 48 40 121 
57 49 41 114 
57 49 41 42 120 
57 58 59 51 43 124 
57 58 59 51 43 44 116 
57 58 59 60 61 53 45 123 
57 58 59 60 61 53 45 46 109 
57 58 59 60 61 62 54 55 47 87 
57 58 59 60 61 62 54 55 47 48 109 
57 49 89 
57 58 50 114 
57 58 59 51 129 
57 58 59 60 52 124 
57 58 59 60 61 53 101 
57 58 59 60 61 62 54 101 
57 58 59 60 61 62 54 55 99 
57 58 59 60 61 62 63 64 56 118 
57 58 63 
57 58 59 111 
57 58 59 60 116 
57 58 59 60 61 96 
57 58 59 60 61 62 83 
57 58 59 60 61 62 63 85 
57 58 59 60 61 62 63 64 106 
58 59 60 61 53 45  1 138 
58 59 60 61 53 45  1  2 113 
58 50 42 34 33  3 128 
58 50 42 43 35  5  4 121 
58 50 42 43 35  5 107 
58 50 42 43 35  5  6 127 
58 50 42 43 35  5  6  7 100 
58 50 42 43 35  5  6  7  8 125 
58 59 60 61 53 45  1  9 102 
58 59 60 61 53 45  1  9 10 105 
58 50 42 34 33  3 11 121 
58 50 42 43 35  5  4 12 108 
58 50 42 43 35  5 13 106 
58 50 42 43 35  5  6 14 100 
58 50 42 43 35  5  6 14 15 101 
58 50 42 43 35  5  6  7  8 16 108 
58 59 60 61 53 45  1  9 17 80 
58 59 60 61 53 45  1  9 17 18 87 
58 50 42 34 33  3 11 19 117 
58 50 42 43 35  5 13 21 20 123 
58 50 42 43 35  5 13 21 140 
58 50 42 43 35  5 13 21 22 96 
58 50 42 43 35  5  6 14 15 23 85 
58 50 42 43 35  5  6  7  8 16 24 107 
58 59 60 61 53 45  1  9 17 25 106 
58 59 60 61 53 45  1  9 17 18 26 99 
58 50 42 34 33  3 11 19 27 119 
58 50 42 43 35  5 13 21 20 28 104 
58 50 42 43 35  5 13 21 29 130 
58 50 42 43 35  5 13 21 22 30 104 
58 50 42 43 35  5 13 21 22 30 31 108 
58 50 42 43 35  5  6  7  8 16 24 32 132 
58 50 42 34 33 105 
58 50 42 34 119 
58 50 42 43 35 102 
58 50 42 43 35 36 111 
58 59 60 61 53 45 37 109 
58 59 60 61 53 45 46 38 99 
58 59 60 61 53 45 46 38 39 125 
58 59 60 61 62 63 55 47 48 40 115 
58 50 42 41 101 
58 50 42 118 
58 50 42 43 105 
58 59 60 52 44 110 
58 59 60 61 53 45 115 
58 59 60 61 53 45 46 116 
58 59 60 61 62 63 55 47 107 
58 59 60 61 62 63 55 47 48 111 
58 57 49 105 
58 50 88 
58 59 51 112 
58 59 60 52 117 
58 59 60 61 53 137 
58 59 60 61 62 54 114 
58 59 60 61 62 63 55 90 
58 59 60 61 62 63 64 56 124 
58 57 73 
58 59 92 
58 59 60 113 
58 59 60 61 100 
58 59 60 61 62 79 
58 59 60 61 62 63 80 
58 59 60 61 62 63 64 137 
59 60 61 53 45  1 117 
59 60 61 53 45  1  2 100 
59 60 61 53 45  1  2  3 131 
59 51 43 35  5  4 130 
59 51 43 35  5 126 
59 51 43 35  5  6 125 
59 51 43 35  5  6  7 116 
59 51 43 35  5  6  7  8 118 
59 60 61 53 45  1  9 94 
59 60 61 53 45  1  9 10 98 
59 60 61 53 45  1  9 10 11 131 
59 51 43 35  5  4 12 124 
59 51 43 35  5 13 131 
59 51 43 35  5  6 14 106 
59 51 43 35  5  6 14 15 77 
59 51 43 35  5  6  7  8 16 105 
59 60 61 53 45  1  9 17 108 
59 60 61 53 45  1  9 17 18 74 
59 60 61 53 45  1  9 10 11 19 116 
59 51 43 35  5 13 21 20 94 
59 51 43 35  5 13 21 119 
59 51 43 35  5 13 21 22 97 
59 51 43 35  5  6 14 15 23 73 
59 51 43 35  5  6  7  8 16 24 103 
59 60 61 53 45  1  9 17 25 116 
59 60 61 53 45  1  9 17 18 26 107 
59 51 43 35  5 13 21 20 28 27 117 
59 51 43 35  5 13 21 20 28 102 
59 51 43 35  5 13 21 29 124 
59 51 43 35  5 13 21 22 30 111 
59 51 43 35  5 13 21 22 30 31 92 
59 51 43 35  5  6  7  8 16 24 32 111 
59 51 43 42 41 33 139 
59 51 43 35 34 119 
59 51 43 35 116 
59 51 43 35 36 121 
59 51 43 35 36 37 91 
59 60 61 53 45 46 38 119 
59 60 61 53 45 46 38 39 115 
59 60 61 62 63 55 47 48 40 114 
59 51 43 42 41 117 
59 51 43 42 124 
59 51 43 110 
59 51 43 44 103 
59 60 61 53 45 137 
59 60 61 53 45 46 125 
59 60 61 62 63 55 47 102 
59 60 61 62 63 55 47 48 121 
59 58 57 49 88 
59 58 50 108 
59 51 123 
59 60 52 106 
59 60 61 53 115 
59 60 61 62 54 82 
59 60 61 62 63 55 95 
59 60 61 62 63 64 56 116 
59 58 57 109 
59 58 60 
59 60 89 
59 60 61 96 
59 60 61 62 97 
59 60 61 62 63 81 
59 60 61 62 63 64 115 
60 52 44 45  1 137 
60 52 44 45  1  2 125 
60 52 44 45  1  2  3 127 
60 52 44 45  1  2  3  4 100 
60 52 44 36 35  5 123 
60 52 44 36 35  5  6 126 
60 52 44 36 35  5  6  7 133 
60 52 44 36 35  5  6  7  8 104 
60 52 44 45  1  9 107 
60 52 44 45  1  9 10 92 
60 52 44 45  1  2  3 11 119 
60 52 44 36 35  5 13 12 139 
60 52 44 36 35  5 13 119 
60 52 44 36 35  5 13 14 98 
60 52 44 36 35  5  6  7 15 93 
60 52 44 36 35  5  6  7  8 16 108 
60 52 44 45  1  9 17 88 
60 52 44 45  1  9 17 18 88 
60 52 44 45  1  9 17 18 19 126 
60 52 44 45  1  9 17 18 19 20 110 
60 52 44 36 35  5 13 21 115 
60 52 44 36 35  5 13 21 22 101 
60 52 44 36 35  5  6  7 15 23 89 
60 52 44 36 35  5  6  7  8 16 24 108 
60 52 44 45  1  9 17 25 111 
60 52 44 45  1  9 17 25 26 93 
60 52 44 45  1  9 17 25 26 27 112 
60 52 44 45  1  9 17 18 19 20 28 124 
60 52 44 36 35  5 13 21 29 100 
60 52 44 36 35  5 13 21 22 30 122 
60 52 44 36 35  5  6  7 15 23 31 110 
60 52 44 36 35  5  6  7  8 16 24 32 122 
60 52 44 43 42 34 33 112 
60 52 44 43 42 34 119 
60 52 44 36 35 122 
60 52 44 36 123 
60 52 44 36 37 132 
60 52 44 36 37 38 114 
60 61 62 63 55 47 39 121 
60 61 62 63 55 47 48 40 105 
60 59 58 50 49 41 92 
60 52 44 43 42 110 
60 52 44 43 139 
60 52 44 131 
60 52 44 45 122 
60 61 62 54 46 126 
60 61 62 63 55 47 99 
60 61 62 63 55 47 48 121 
60 59 58 50 49 123 
60 59 58 50 95 
60 59 51 110 
60 52 123 
60 61 53 86 
60 61 62 54 114 
60 61 62 63 55 102 
60 61 62 63 64 56 115 
60 59 58 57 98 
60 59 58 93 
60 59 95 
60 61 117 
60 61 62 100 
60 61 62 63 88 
60 61 62 63 64 117 
61 53 45  1 96 
61 53 45  1  2 119 
61 53 45  1  2  3 116 
61 53 45  1  2  3  4 114 
61 53 45  1  2  3  4  5 119 
61 53 45  1  2  3  4  5  6 104 
61 53 45  1  2  3  4  5  6  7 104 
61 53 45  1  2  3  4  5  6  7  8 119 
61 53 45  1  9 114 
61 53 45  1  2 10 107 
61 53 45  1  2 10 11 136 
61 53 45  1  2  3  4 12 94 
61 53 45  1  2  3  4 12 13 131 
61 53 45  1  2  3  4 12 13 14 111 
61 53 45  1  2  3  4  5  6  7 15 90 
61 53 45  1  2  3  4  5  6  7  8 16 105 
61 53 45  1  9 17 107 
61 53 45  1  9 17 18 84 
61 53 45  1  2 10 11 19 108 
61 53 45  1  2 10 11 19 20 105 
61 53 45  1  2  3  4 12 13 21 118 
61 53 45  1  2  3  4 12 13 14 22 105 
61 53 45  1  2  3  4 12 13 14 22 23 84 
61 53 45  1  2  3  4  5  6  7  8 16 24 135 
61 53 45  1  9 17 25 105 
61 53 45  1  9 17 25 26 94 
61 53 45  1  2 10 11 19 27 117 
61 53 45  1  2 10 11 19 27 28 112 
61 53 45  1  2  3  4 12 13 21 29 125 
61 53 45  1  2  3  4 12 13 21 29 30 99 
61 53 45  1  2  3  4 12 13 21 29 30 31 110 
61 53 45  1  2  3  4 12 13 21 29 30 31 32 107 
61 60 59 51 50 42 41 33 106 
61 53 45 37 36 35 34 116 
61 53 45 37 36 35 108 
61 53 45 37 36 112 
61 53 45 37 114 
61 53 45 37 38 108 
61 53 45 37 38 39 129 
61 62 63 64 56 48 40 113 
61 60 59 51 50 42 41 104 
61 60 59 51 50 42 130 
61 53 45 44 43 127 
61 53 45 44 134 
61 53 45 106 
61 53 45 46 112 
61 62 63 55 47 114 
61 62 63 64 56 48 111 
61 60 59 58 57 49 88 
61 60 59 51 50 96 
61 60 59 51 123 
61 60 52 113 
61 53 123 
61 62 54 96 
61 62 63 55 105 
61 62 63 64 56 95 
61 60 59 58 57 116 
61 60 59 58 65 
61 60 59 105 
61 60 118 
61 62 78 
61 62 63 79 
61 62 63 64 124 
62 54 46 45  1 125 
62 54 46 45  1  2 132 
62 54 46 45  1  2  3 118 
62 54 46 45  1  2  3  4 115 
62 54 46 45  1  2  3  4  5 122 
62 54 46 45  1  2  3  4  5  6 108 
62 54 46 45  1  2  3  4  5  6  7 123 
62 54 46 45  1  2  3  4  5  6  7  8 117 
62 54 46 45  1  9 94 
62 54 46 45  1  9 10 116 
62 54 46 45  1  2  3 11 102 
62 54 46 45  1  2  3  4 12 100 
62 54 46 45  1  2  3  4 12 13 134 
62 54 46 45  1  2  3  4  5  6 14 96 
62 54 46 45  1  2  3  4  5  6 14 15 95 
62 54 46 45  1  2  3  4  5  6  7  8 16 116 
62 54 46 45  1  9 17 85 
62 54 46 45  1  9 17 18 74 
62 54 46 45  1  2  3 11 19 97 
62 54 46 45  1  2  3 11 19 20 125 
62 54 46 45  1  2  3  4 12 13 21 120 
62 54 46 45  1  2  3  4  5  6 14 22 115 
62 54 46 45  1  2  3  4  5  6 14 15 23 89 
62 54 46 45  1  2  3  4  5  6 14 15 23 24 114 
62 54 46 45  1  9 17 25 92 
62 54 46 45  1  9 17 25 26 110 
62 54 46 45  1  9 17 25 26 27 113 
62 54 46 45  1  2  3 11 19 20 28 105 
62 54 46 45  1  2  3  4 12 13 21 29 117 
62 54 46 45  1  2  3  4  5  6 14 22 30 111 
62 54 46 45  1  2  3  4  5  6 14 22 30 31 110 
62 54 46 45  1  2  3  4  5  6 14 22 30 31 32 104 
62 61 60 59 51 50 42 41 33 110 
62 61 60 52 44 43 35 34 119 
62 61 60 52 44 43 35 115 
62 54 46 38 37 36 113 
62 54 46 38 37 129 
62 54 46 38 114 
62 54 46 38 39 101 
62 54 46 38 39 40 116 
62 61 60 59 51 50 42 41 108 
62 61 60 59 51 50 42 114 
62 61 60 52 44 43 118 
62 61 60 52 44 113 
62 54 46 45 100 
62 54 46 110 
62 54 46 47 110 
62 63 64 56 48 124 
62 61 60 59 58 57 49 84 
62 61 60 59 51 50 88 
62 61 60 59 51 132 
62 61 60 52 97 
62 61 53 117 
62 54 108 
62 63 55 109 
62 63 64 56 97 
62 61 60 59 58 57 100 
62 61 60 59 58 78 
62 61 60 59 118 
62 61 60 110 
62 61 89 
62 63 104 
62 63 64 115 
63 62 61 53 45  1 112 
63 55 47  2 119 
63 55 47  2  3 116 
63 55 47  2  3  4 105 
63 55 47  2  3  4  5 124 
63 55 47  2  3  4  5  6 125 
63 55 47  2  3  4  5  6  7 88 
63 55 47  2  3  4  5  6  7  8 118 
63 62 61 53 45  1  9 110 
63 55 47  2 10 99 
63 55 47  2 10 11 102 
63 55 47  2  3  4 12 121 
63 55 47  2  3  4 12 13 120 
63 55 47  2  3  4 12 13 14 122 
63 55 47  2  3  4  5  6  7 15 94 
63 55 47  2  3  4  5  6  7 15 16 110 
63 62 61 53 45  1  9 17 92 
63 55 47  2 10 18 85 
63 55 47  2 10 18 19 99 
63 55 47  2  3  4 12 20 99 
63 55 47  2  3  4 12 20 21 130 
63 55 47  2  3  4 12 13 14 22 100 
63 55 47  2  3  4 12 13 14 22 23 72 
63 55 47  2  3  4  5  6  7 15 16 24 116 
63 62 61 53 45  1  9 17 25 97 
63 55 47  2 10 18 26 104 
63 55 47  2 10 18 26 27 113 
63 55 47  2 10 18 26 27 28 105 
63 55 47  2  3  4 12 20 21 29 131 
63 55 47  2  3  4 12 20 21 29 30 123 
63 55 47  2  3  4 12 20 21 29 30 31 99 
63 55 47  2  3  4 12 20 21 29 30 31 32 133 
63 62 61 60 52 51 43 42 34 33 113 
63 62 61 60 52 51 43 42 34 121 
63 62 61 53 45 44 36 35 105 
63 62 61 53 45 44 36 117 
63 55 47 39 38 37 108 
63 55 47 39 38 114 
63 55 47 39 121 
63 55 47 48 40 130 
63 62 61 60 59 58 57 49 41 113 
63 62 61 60 52 51 43 42 114 
63 62 61 60 52 51 43 124 
63 62 61 53 45 44 108 
63 62 61 53 45 122 
63 55 47 46 110 
63 55 47 111 
63 55 47 48 107 
63 62 61 60 59 58 57 49 107 
63 62 61 60 59 58 50 126 
63 62 61 60 52 51 113 
63 62 61 60 52 96 
63 62 61 53 111 
63 62 54 107 
63 55 90 
63 64 56 102 
63 62 61 60 59 58 57 85 
63 62 61 60 59 58 85 
63 62 61 60 59 103 
63 62 61 60 108 
63 62 61 80 
63 62 90 
63 64 102 
64 63 62 54 46 45  1 114 
64 56 48 47  2 95 
64 56 48 47  2  3 110 
64 56 48 47  2  3  4 123 
64 56 48 47  2  3  4  5 108 
64 56 48 47  2  3  4  5  6 127 
64 56 48 47  2  3  4  5  6  7 114 
64 56 48 47  2  3  4  5  6  7  8 128 
64 63 62 54 46 45  1  9 104 
64 56 48 47  2 10 89 
64 56 48 47  2 10 11 134 
64 56 48 47  2  3  4 12 114 
64 56 48 47  2  3  4 12 13 122 
64 56 48 47  2  3  4 12 13 14 106 
64 56 48 47  2  3  4  5  6  7 15 92 
64 56 48 47  2  3  4  5  6  7 15 16 111 
64 63 62 54 46 45  1  9 17 82 
64 56 48 47  2 10 18 79 
64 56 48 47  2 10 18 19 113 
64 56 48 47  2  3  4 12 20 93 
64 56 48 47  2  3  4 12 20 21 120 
64 56 48 47  2  3  4 12 13 14 22 94 
64 56 48 47  2  3  4 12 13 14 22 23 92 
64 56 48 47  2  3  4 12 13 14 22 23 24 109 
64 63 62 54 46 45  1  9 17 25 94 
64 56 48 47  2 10 18 26 110 
64 56 48 47  2 10 18 26 27 118 
64 56 48 47  2 10 18 26 27 28 107 
64 56 48 47  2  3  4 12 20 21 29 124 
64 56 48 47  2  3  4 12 13 14 22 30 104 
64 56 48 47  2  3  4 12 13 14 22 30 31 111 
64 56 48 47  2  3  4 12 13 14 22 30 31 32 120 
64 63 62 61 60 59 58 50 42 41 33 98 
64 63 62 61 53 52 44 43 35 34 96 
64 63 62 61 53 52 44 43 35 103 
64 63 62 54 46 45 37 36 104 
64 63 62 54 46 45 37 96 
64 56 48 47 39 38 109 
64 56 48 47 39 131 
64 56 48 40 117 
64 63 62 61 60 59 58 50 42 41 101 
64 63 62 61 60 59 58 50 42 107 
64 63 62 61 53 52 44 43 117 
64 63 62 61 53 52 44 113 
64 63 62 54 46 45 121 
64 63 62 54 46 112 
64 56 48 47 120 
64 56 48 135 
64 63 62 61 60 59 58 57 49 97 
64 63 62 61 60 59 58 50 86 
64 63 62 61 60 59 51 105 
64 63 62 61 53 52 118 
64 63 62 61 53 132 
64 63 62 54 128 
64 63 55 88 
64 56 112 
64 63 62 61 60 59 58 57 99 
64 63 62 61 60 59 58 71 
64 63 62 61 60 59 110 
64 63 62 61 60 130 
64 63 62 61 100 
64 63 62 79 
64 63 96 
