 1  2 66 
 1  3 164 
 1  3  4 204 
 1  5 178 
 1  5  6 131 
 1  7 60 
 1  7  8 87 
 1  9 80 
 1  2 10 74 
 1  3 11 138 
 1  3  4 12 182 
 1  5 13 152 
 1  5  6 14 107 
 1  7 15 74 
 1  7  8 16 132 
 1 17 78 
 1 17 18 78 
 1 19 146 
 1 19 20 172 
 1 21 163 
 1 21 22 115 
 1 23 68 
 1 23 24 114 
 1 17 25 60 
 1 17 18 26 68 
 1 19 27 152 
 1 19 20 28 198 
 1 21 29 150 
 1 21 22 30 107 
 1 23 31 67 
 1 23 24 32 133 
 1 33 77 
 1 33 34 70 
 1 35 182 
 1 35 36 169 
 1 37 170 
 1 37 38 104 
 1 39 80 
 1 39 40 106 
 1 33 41 68 
 1 33 34 42 71 
 1 35 43 161 
 1 35 36 44 191 
 1 37 45 154 
 1 37 38 46 109 
 1 39 47 64 
 1 39 47 48 146 
 1 49 60 
 1 49 50 55 
 1 51 148 
 1 51 52 198 
 1 53 126 
 1 53 54 93 
 1 55 64 
 1 55 56 126 
 1 49 57 96 
 1 49 50 58 90 
 1 51 59 114 
 1 51 59 60 133 
 1 53 61 116 
 1 53 54 62 77 
 1 55 63 55 
 1 55 63 64 192 
 2  1 52 
 2  1  3 160 
 2  1  3  4 173 
 2  1  5 171 
 2  1  5  6 119 
 2  1  7 66 
 2  1  7  8 113 
 2 10  9 78 
 2 10 55 
 2  1  3 11 139 
 2  1  3  4 12 179 
 2  1  5 13 175 
 2  1  5  6 14 101 
 2  1  7 15 74 
 2  1  7  8 16 106 
 2  1 17 73 
 2  1 17 18 73 
 2  1 19 128 
 2  1 19 20 167 
 2  1 21 160 
 2  1 21 22 122 
 2  1 23 69 
 2  1 23 24 137 
 2  1 17 25 79 
 2  1 17 18 26 74 
 2  1 19 27 155 
 2  1 19 20 28 201 
 2  1 21 29 174 
 2  1 21 22 30 99 
 2  1 23 31 80 
 2  1 23 24 32 131 
 2  1 33 80 
 2  1 33 34 71 
 2  1 35 147 
 2  1 35 36 201 
 2  1 37 149 
 2  1 37 38 107 
 2  1 39 58 
 2  1 39 40 141 
 2  1 33 41 67 
 2  1 33 34 42 81 
 2  1 35 43 153 
 2  1 35 36 44 177 
 2  1 37 45 164 
 2  1 37 38 46 112 
 2  1 39 47 83 
 2  1 39 40 48 127 
 2  1 49 63 
 2  1 49 50 75 
 2  1 51 137 
 2  1 51 52 213 
 2  1 53 156 
 2  1 53 54 105 
 2  1 55 81 
 2  1 55 56 140 
 2  1 49 57 121 
 2  1 49 50 58 78 
 2  1 51 59 114 
 2  1 51 59 60 143 
 2  1 53 61 119 
 2  1 53 54 62 89 
 2  1 55 63 52 
 2  1 55 63 64 211 
 3  1 51 
 3  1  2 66 
 3  4 194 
 3  1  5 168 
 3  1  5  6 123 
 3  1  7 69 
 3  1  7  8 100 
 3  1  9 76 
 3  1  2 10 62 
 3 11 153 
 3 11 12 204 
 3  1  5 13 158 
 3  1  5  6 14 104 
 3  1  7 15 74 
 3  1  7  8 16 118 
 3  1 17 67 
 3  1 17 18 85 
 3  1 19 127 
 3  1 19 20 174 
 3  1 21 170 
 3  1 21 22 98 
 3  1 23 61 
 3  1 23 24 141 
 3  1 17 25 68 
 3  1 17 18 26 55 
 3  1 19 27 152 
 3  1 19 20 28 169 
 3  1 21 29 156 
 3  1 21 29 30 98 
 3  1 23 31 75 
 3  1 23 24 32 139 
 3  1 33 81 
 3  1 33 34 70 
 3  1 35 143 
 3  1 35 36 198 
 3  1 37 160 
 3  1 37 38 96 
 3  1 39 66 
 3  1 39 40 123 
 3  1 33 41 74 
 3  1 33 41 42 90 
 3  1 35 43 147 
 3  1 35 36 44 194 
 3  1 37 45 158 
 3  1 37 38 46 125 
 3  1 39 47 68 
 3  1 39 40 48 148 
 3  1 49 74 
 3  1 49 50 71 
 3  1 51 142 
 3  1 51 52 200 
 3  1 53 156 
 3  1 53 54 101 
 3  1 55 73 
 3  1 55 56 120 
 3  1 49 57 115 
 3  1 49 50 58 72 
 3  1 51 59 105 
 3  1 51 59 60 172 
 3  1 53 61 138 
 3  1 53 54 62 69 
 3  1 55 63 60 
 3  1 55 63 64 162 
 4  3  1 52 
 4  3  1  2 61 
 4  3 149 
 4  3  1  5 160 
 4  3  1  5  6 129 
 4  3  1  7 76 
 4  3  1  7  8 109 
 4  3  1  9 73 
 4  3  1  2 10 68 
 4 12 11 148 
 4 12 189 
 4  3  1  5 13 146 
 4  3  1  5  6 14 82 
 4  3  1  7 15 63 
 4  3  1  7  8 16 128 
 4  3  1 17 90 
 4  3  1 17 18 68 
 4  3  1 19 114 
 4  3  1 19 20 196 
 4  3  1 21 158 
 4  3  1 21 22 114 
 4  3  1 23 65 
 4  3  1 23 24 134 
 4  3  1 17 25 62 
 4  3  1 17 18 26 71 
 4  3  1 19 27 153 
 4  3  1 19 20 28 205 
 4  3  1 21 29 178 
 4  3  1 21 22 30 115 
 4  3  1 23 31 65 
 4  3  1 23 24 32 125 
 4  3  1 33 82 
 4  3  1 33 34 71 
 4  3  1 35 151 
 4  3  1 35 36 205 
 4  3  1 37 181 
 4  3  1 37 38 116 
 4  3  1 39 64 
 4  3  1 39 40 134 
 4  3  1 33 41 65 
 4  3  1 33 34 42 80 
 4  3  1 35 43 136 
 4  3  1 35 43 44 184 
 4  3  1 37 45 159 
 4  3  1 37 45 46 116 
 4  3  1 39 47 75 
 4  3  1 39 40 48 127 
 4  3  1 49 63 
 4  3  1 49 50 72 
 4  3  1 51 165 
 4  3  1 51 52 218 
 4  3  1 53 162 
 4  3  1 53 54 109 
 4  3  1 55 65 
 4  3  1 55 56 120 
 4  3  1 49 57 122 
 4  3  1 49 50 58 83 
 4  3  1 51 59 102 
 4  3  1 51 59 60 141 
 4  3  1 53 61 116 
 4  3  1 53 54 62 87 
 4  3  1 55 63 55 
 4  3  1 55 63 64 184 
 5  1 42 
 5  1  2 99 
 5  1  3 159 
 5  1  3  4 202 
 5  6 125 
 5  1  7 70 
 5  1  7  8 101 
 5  1  9 74 
 5  1  2 10 71 
 5  1  3 11 142 
 5  1  3  4 12 172 
 5 13 174 
 5  6 14 96 
 5  1  7 15 60 
 5  1  7  8 16 120 
 5  1 17 60 
 5  1 17 18 85 
 5  1 19 133 
 5  1 19 20 215 
 5  1 21 181 
 5  1 21 22 104 
 5  1 23 56 
 5  1 23 24 139 
 5  1 17 25 69 
 5  1 17 18 26 46 
 5  1 19 27 144 
 5  1 19 20 28 179 
 5  1 21 29 166 
 5  1 21 22 30 95 
 5  1 23 31 70 
 5  1 23 24 32 125 
 5  1 33 62 
 5  1 33 34 68 
 5  1 35 160 
 5  1 35 36 190 
 5  1 37 169 
 5  1 37 38 98 
 5  1 39 67 
 5  1 39 40 124 
 5  1 33 41 73 
 5  1 33 34 42 52 
 5  1 35 43 157 
 5  1 35 36 44 171 
 5  1 37 45 161 
 5  1 37 38 46 105 
 5  1 39 47 75 
 5  1 39 40 48 149 
 5  1 49 65 
 5  1 49 50 76 
 5  1 51 118 
 5  1 51 52 194 
 5  1 53 136 
 5  1 53 54 88 
 5  1 55 69 
 5  1 55 56 115 
 5  1 49 57 115 
 5  1 49 50 58 67 
 5  1 51 59 123 
 5  1 51 59 60 138 
 5  1 53 61 106 
 5  1 53 54 62 80 
 5  1 55 63 53 
 5  1 55 63 64 214 
 6  5  1 35 
 6  5  1  2 65 
 6  5  1  3 129 
 6  5  1  3  4 184 
 6  5 151 
 6  5  1  7 80 
 6  5  1  7  8 106 
 6  5  1  9 74 
 6  5  1  9 10 68 
 6  5  1  3 11 156 
 6  5  1  3  4 12 180 
 6  5 13 179 
 6 14 90 
 6  5  1  7 15 77 
 6  5  1  7  8 16 111 
 6  5  1 17 83 
 6  5  1 17 18 76 
 6  5  1 19 129 
 6  5  1 19 20 164 
 6  5  1 21 156 
 6  5  1 21 22 86 
 6  5  1 23 76 
 6  5  1 23 24 147 
 6  5  1 17 25 73 
 6  5  1 17 25 26 77 
 6  5  1 19 27 146 
 6  5  1 19 20 28 212 
 6  5  1 21 29 162 
 6  5  1 21 22 30 116 
 6  5  1 23 31 79 
 6  5  1 23 24 32 123 
 6  5  1 33 62 
 6  5  1 33 34 56 
 6  5  1 35 139 
 6  5  1 35 36 208 
 6  5  1 37 154 
 6  5  1 37 38 99 
 6  5  1 39 55 
 6  5  1 39 40 124 
 6  5  1 33 41 72 
 6  5  1 33 41 42 65 
 6  5  1 35 43 143 
 6  5  1 35 36 44 177 
 6  5  1 37 45 158 
 6  5  1 37 38 46 101 
 6  5  1 39 47 73 
 6  5  1 39 40 48 138 
 6  5  1 49 62 
 6  5  1 49 50 73 
 6  5  1 51 136 
 6  5  1 51 52 169 
 6  5  1 53 144 
 6  5  1 53 54 106 
 6  5  1 55 60 
 6  5  1 55 56 130 
 6  5  1 49 57 122 
 6  5  1 49 50 58 71 
 6  5  1 51 59 143 
 6  5  1 51 59 60 164 
 6  5  1 53 61 124 
 6  5  1 53 54 62 77 
 6  5  1 55 63 56 
 6  5  1 55 63 64 195 
 7  1 50 
 7  1  2 59 
 7  1  3 159 
 7  1  3  4 174 
 7  1  5 180 
 7  1  5  6 125 
 7  8 102 
 7  1  9 79 
 7  1  2 10 70 
 7  1  3 11 145 
 7  1  3  4 12 209 
 7  1  5 13 165 
 7  1  5  6 14 103 
 7 15 70 
 7  8 16 113 
 7  1 17 82 
 7  1 17 18 58 
 7  1 19 128 
 7  1 19 20 193 
 7  1 21 154 
 7  1 21 22 101 
 7  1 23 69 
 7  1 23 24 119 
 7  1 17 25 74 
 7  1 17 25 26 54 
 7  1 19 27 154 
 7  1 19 20 28 176 
 7  1 21 29 166 
 7  1 21 22 30 115 
 7  1 23 31 72 
 7  1 23 24 32 119 
 7  1 33 77 
 7  1 33 34 56 
 7  1 35 132 
 7  1 35 36 180 
 7  1 37 167 
 7  1 37 38 127 
 7  1 39 76 
 7  1 39 40 122 
 7  1 33 41 72 
 7  1 33 41 42 65 
 7  1 35 43 168 
 7  1 35 36 44 172 
 7  1 37 45 172 
 7  1 37 38 46 95 
 7  1 39 47 83 
 7  1 39 40 48 137 
 7  1 49 75 
 7  1 49 50 76 
 7  1 51 147 
 7  1 51 52 178 
 7  1 53 167 
 7  1 53 54 98 
 7  1 55 64 
 7  1 55 56 106 
 7  1 49 57 109 
 7  1 49 50 58 79 
 7  1 51 59 110 
 7  1 51 59 60 159 
 7  1 53 61 123 
 7  1 53 54 62 83 
 7  1 55 63 46 
 7  1 55 63 64 168 
 8  7  1 67 
 8  7  1  2 65 
 8  7  1  3 151 
 8  7  1  3  4 194 
 8  7  1  5 183 
 8  7  1  5  6 122 
 8  7 72 
 8  7  1  9 62 
 8  7  1  2 10 72 
 8  7  1  3 11 153 
 8  7  1  3  4 12 197 
 8  7  1  5 13 155 
 8  7  1  5  6 14 100 
 8 16 15 69 
 8 16 116 
 8  7  1 17 82 
 8  7  1 17 18 54 
 8  7  1 19 126 
 8  7  1 19 20 228 
 8  7  1 21 157 
 8  7  1 21 22 89 
 8  7  1 23 65 
 8  7  1 23 24 127 
 8  7  1 17 25 66 
 8  7  1 17 18 26 70 
 8  7  1 19 27 114 
 8  7  1 19 20 28 163 
 8  7  1 21 29 153 
 8  7  1 21 22 30 98 
 8  7  1 23 31 55 
 8  7  1 23 24 32 137 
 8  7  1 33 72 
 8  7  1 33 34 74 
 8  7  1 35 148 
 8  7  1 35 36 197 
 8  7  1 37 157 
 8  7  1 37 38 108 
 8  7  1 39 74 
 8  7  1 39 40 125 
 8  7  1 33 41 76 
 8  7  1 33 34 42 77 
 8  7  1 35 43 150 
 8  7  1 35 36 44 167 
 8  7  1 37 45 152 
 8  7  1 37 45 46 101 
 8  7  1 39 47 75 
 8  7  1 39 40 48 126 
 8  7  1 49 77 
 8  7  1 49 50 73 
 8  7  1 51 126 
 8  7  1 51 52 184 
 8  7  1 53 167 
 8  7  1 53 54 100 
 8  7  1 55 68 
 8  7  1 55 56 124 
 8  7  1 49 57 97 
 8  7  1 49 50 58 84 
 8  7  1 51 59 108 
 8  7  1 51 59 60 149 
 8  7  1 53 61 119 
 8  7  1 53 54 62 77 
 8  7  1 55 63 62 
 8  7  1 55 63 64 180 
 9  1 44 
 9 10  2 66 
 9  1  3 173 
 9  1  3  4 196 
 9  1  5 206 
 9  1  5  6 103 
 9  1  7 75 
 9  1  7  8 89 
 9 10 68 
 9  1  3 11 147 
 9  1  3  4 12 202 
 9  1  5 13 169 
 9  1  5  6 14 105 
 9  1  7 15 59 
 9  1  7  8 16 122 
 9  1 17 52 
 9  1 17 18 70 
 9  1 19 122 
 9  1 19 20 181 
 9  1 21 201 
 9  1 21 22 100 
 9  1 23 71 
 9  1 23 24 108 
 9  1 17 25 81 
 9  1 17 18 26 73 
 9  1 19 27 142 
 9  1 19 20 28 175 
 9  1 21 29 178 
 9  1 21 22 30 116 
 9  1 23 31 60 
 9  1 23 24 32 136 
 9  1 33 76 
 9  1 33 34 79 
 9  1 35 150 
 9  1 35 36 185 
 9  1 37 171 
 9  1 37 38 107 
 9  1 39 53 
 9  1 39 40 111 
 9  1 33 41 66 
 9  1 33 34 42 74 
 9  1 35 43 141 
 9  1 35 36 44 180 
 9  1 37 45 172 
 9  1 37 38 46 95 
 9  1 39 47 80 
 9  1 39 40 48 121 
 9  1 49 82 
 9  1 49 50 68 
 9  1 51 150 
 9  1 51 52 191 
 9  1 53 168 
 9  1 53 54 116 
 9  1 55 68 
 9  1 55 56 141 
 9  1 49 57 111 
 9  1 49 50 58 92 
 9  1 51 59 119 
 9  1 51 59 60 147 
 9  1 53 61 129 
 9  1 53 54 62 79 
 9  1 55 63 46 
 9  1 55 63 64 178 
10  2  1 47 
10  2 64 
10  2  1  3 161 
10  2  1  3  4 203 
10  2  1  5 152 
10  2  1  5  6 119 
10  2  1  7 72 
10  2  1  7  8 92 
10  9 65 
10  2  1  3 11 156 
10  2  1  3  4 12 189 
10  2  1  5 13 143 
10  2  1  5  6 14 106 
10  2  1  7 15 70 
10  2  1  7  8 16 131 
10  2  1 17 81 
10  2  1 17 18 83 
10  2  1 19 146 
10  2  1 19 20 167 
10  2  1 21 183 
10  2  1 21 22 114 
10  2  1 23 81 
10  2  1 23 24 129 
10  2  1 17 25 72 
10  2  1 17 25 26 66 
10  2  1 19 27 128 
10  2  1 19 20 28 177 
10  2  1 21 29 165 
10  2  1 21 22 30 111 
10  2  1 23 31 80 
10  2  1 23 24 32 132 
10  2  1 33 73 
10  2  1 33 34 80 
10  2  1 35 148 
10  2  1 35 36 165 
10  2  1 37 174 
10  2  1 37 38 107 
10  2  1 39 76 
10  2  1 39 40 108 
10  2  1 33 41 61 
10  2  1 33 34 42 76 
10  2  1 35 43 152 
10  2  1 35 36 44 187 
10  2  1 37 45 179 
10  2  1 37 38 46 102 
10  2  1 39 47 73 
10  2  1 39 40 48 143 
10  2  1 49 67 
10  2  1 49 50 60 
10  2  1 51 128 
10  2  1 51 52 182 
10  2  1 53 152 
10  2  1 53 54 116 
10  2  1 55 70 
10  2  1 55 56 126 
10  2  1 49 57 94 
10  2  1 49 50 58 77 
10  2  1 51 59 108 
10  2  1 51 59 60 157 
10  2  1 53 61 108 
10  2  1 53 54 62 80 
10  2  1 55 63 56 
10  2  1 55 63 64 184 
11  3  1 45 
11  3  1  2 65 
11  3 162 
11 12  4 185 
11  3  1  5 181 
11  3  1  5  6 111 
11  3  1  7 78 
11  3  1  7  8 84 
11  3  1  9 77 
11  3  1  2 10 78 
11 12 176 
11  3  1  5 13 160 
11  3  1  5 13 14 98 
11  3  1  7 15 54 
11  3  1  7  8 16 122 
11  3  1 17 65 
11  3  1 17 18 56 
11  3  1 19 121 
11  3  1 19 20 191 
11  3  1 21 163 
11  3  1 21 22 97 
11  3  1 23 77 
11  3  1 23 24 103 
11  3  1 17 25 59 
11  3  1 17 18 26 82 
11  3  1 19 27 142 
11  3  1 19 20 28 170 
11  3  1 21 29 140 
11  3  1 21 22 30 100 
11  3  1 23 31 73 
11  3  1 23 24 32 106 
11  3  1 33 73 
11  3  1 33 34 66 
11  3  1 35 146 
11  3  1 35 36 159 
11  3  1 37 196 
11  3  1 37 38 91 
11  3  1 39 84 
11  3  1 39 40 131 
11  3  1 33 41 80 
11  3  1 33 34 42 78 
11  3  1 35 43 157 
11  3  1 35 36 44 159 
11  3  1 37 45 159 
11  3  1 37 38 46 98 
11  3  1 39 47 67 
11  3  1 39 47 48 136 
11  3  1 49 74 
11  3  1 49 50 73 
11  3  1 51 149 
11  3  1 51 52 194 
11  3  1 53 126 
11  3  1 53 54 114 
11  3  1 55 69 
11  3  1 55 56 131 
11  3  1 49 57 103 
11  3  1 49 50 58 76 
11  3  1 51 59 126 
11  3  1 51 59 60 118 
11  3  1 53 61 108 
11  3  1 53 54 62 84 
11  3  1 55 63 59 
11  3  1 55 63 64 160 
12  4  3  1 39 
12  4  3  1  2 76 
12  4  3 139 
12  4 205 
12  4  3  1  5 163 
12  4  3  1  5  6 113 
12  4  3  1  7 71 
12  4  3  1  7  8 93 
12  4  3  1  9 64 
12  4  3  1  2 10 68 
12 11 130 
12  4  3  1  5 13 166 
12  4  3  1  5  6 14 102 
12  4  3  1  7 15 59 
12  4  3  1  7  8 16 121 
12  4  3  1 17 57 
12  4  3  1 17 18 71 
12  4  3  1 19 136 
12  4  3  1 19 20 185 
12  4  3  1 21 162 
12  4  3  1 21 22 98 
12  4  3  1 23 69 
12  4  3  1 23 24 109 
12  4  3  1 17 25 75 
12  4  3  1 17 18 26 76 
12  4  3  1 19 27 147 
12  4  3  1 19 20 28 188 
12  4  3  1 21 29 169 
12  4  3  1 21 22 30 115 
12  4  3  1 23 31 82 
12  4  3  1 23 24 32 103 
12  4  3  1 33 78 
12  4  3  1 33 34 62 
12  4  3  1 35 170 
12  4  3  1 35 36 202 
12  4  3  1 37 190 
12  4  3  1 37 38 116 
12  4  3  1 39 56 
12  4  3  1 39 40 125 
12  4  3  1 33 41 64 
12  4  3  1 33 34 42 84 
12  4  3  1 35 43 169 
12  4  3  1 35 36 44 212 
12  4  3  1 37 45 167 
12  4  3  1 37 38 46 119 
12  4  3  1 39 47 77 
12  4  3  1 39 47 48 133 
12  4  3  1 49 69 
12  4  3  1 49 50 64 
12  4  3  1 51 119 
12  4  3  1 51 52 188 
12  4  3  1 53 148 
12  4  3  1 53 54 104 
12  4  3  1 55 60 
12  4  3  1 55 56 142 
12  4  3  1 49 57 119 
12  4  3  1 49 50 58 66 
12  4  3  1 51 59 115 
12  4  3  1 51 59 60 152 
12  4  3  1 53 61 108 
12  4  3  1 53 54 62 62 
12  4  3  1 55 63 47 
12  4  3  1 55 63 64 168 
13  5  1 34 
13  5  1  2 74 
13  5  1  3 157 
13  5  1  3  4 177 
13  5 163 
13  5  6 112 
13  5  1  7 67 
13  5  1  7  8 87 
13  5  1  9 61 
13  5  1  9 10 51 
13  5  1  3 11 148 
13  5  1  3  4 12 185 
13 14 98 
13  5  1  7 15 52 
13  5  1  7  8 16 121 
13  5  1 17 62 
13  5  1 17 18 73 
13  5  1 19 143 
13  5  1 19 20 197 
13  5  1 21 154 
13  5  1 21 22 105 
13  5  1 23 52 
13  5  1 23 24 130 
13  5  1 17 25 60 
13  5  1 17 25 26 62 
13  5  1 19 27 146 
13  5  1 19 20 28 182 
13  5  1 21 29 164 
13  5  1 21 22 30 115 
13  5  1 23 31 70 
13  5  1 23 24 32 144 
13  5  1 33 75 
13  5  1 33 34 85 
13  5  1 35 144 
13  5  1 35 36 165 
13  5  1 37 168 
13  5  1 37 38 101 
13  5  1 39 76 
13  5  1 39 40 140 
13  5  1 33 41 59 
13  5  1 33 34 42 68 
13  5  1 35 43 159 
13  5  1 35 36 44 156 
13  5  1 37 45 164 
13  5  1 37 38 46 114 
13  5  1 39 47 79 
13  5  1 39 40 48 133 
13  5  1 49 85 
13  5  1 49 50 90 
13  5  1 51 154 
13  5  1 51 52 206 
13  5  1 53 142 
13  5  1 53 54 96 
13  5  1 55 66 
13  5  1 55 56 143 
13  5  1 49 57 125 
13  5  1 49 50 58 100 
13  5  1 51 59 120 
13  5  1 51 59 60 135 
13  5  1 53 61 127 
13  5  1 53 54 62 79 
13  5  1 55 63 62 
13  5  1 55 63 64 175 
14  6  5  1 39 
14  6  5  1  2 88 
14  6  5  1  3 160 
14  6  5  1  3  4 212 
14  6  5 164 
14  6 112 
14  6  5  1  7 69 
14  6  5  1  7  8 97 
14  6  5  1  9 85 
14  6  5  1  9 10 77 
14  6  5  1  3 11 110 
14  6  5  1  3  4 12 190 
14 13 152 
14  6  5  1  7 15 64 
14  6  5  1  7 15 16 123 
14  6  5  1 17 63 
14  6  5  1 17 18 70 
14  6  5  1 19 143 
14  6  5  1 19 20 217 
14  6  5  1 21 146 
14  6  5  1 21 22 97 
14  6  5  1 23 75 
14  6  5  1 23 24 126 
14  6  5  1 17 25 68 
14  6  5  1 17 18 26 67 
14  6  5  1 19 27 149 
14  6  5  1 19 20 28 170 
14  6  5  1 21 29 162 
14  6  5  1 21 22 30 95 
14  6  5  1 23 31 62 
14  6  5  1 23 24 32 142 
14  6  5  1 33 74 
14  6  5  1 33 34 91 
14  6  5  1 35 140 
14  6  5  1 35 36 187 
14  6  5  1 37 163 
14  6  5  1 37 38 127 
14  6  5  1 39 71 
14  6  5  1 39 40 124 
14  6  5  1 33 41 72 
14  6  5  1 33 34 42 64 
14  6  5  1 35 43 147 
14  6  5  1 35 36 44 208 
14  6  5  1 37 45 171 
14  6  5  1 37 38 46 112 
14  6  5  1 39 47 79 
14  6  5  1 39 47 48 114 
14  6  5  1 49 86 
14  6  5  1 49 50 80 
14  6  5  1 51 144 
14  6  5  1 51 52 188 
14  6  5  1 53 150 
14  6  5  1 53 54 94 
14  6  5  1 55 70 
14  6  5  1 55 56 118 
14  6  5  1 49 57 98 
14  6  5  1 49 50 58 63 
14  6  5  1 51 59 106 
14  6  5  1 51 59 60 155 
14  6  5  1 53 61 119 
14  6  5  1 53 54 62 75 
14  6  5  1 55 63 51 
14  6  5  1 55 63 64 172 
15  7  1 45 
15  7  1  2 69 
15  7  1  3 144 
15  7  1  3  4 193 
15  7  1  5 187 
15  7  1  5  6 132 
15  7 76 
15 16  8 100 
15  7  1  9 60 
15  7  1  9 10 68 
15  7  1  3 11 145 
15  7  1  3  4 12 192 
15  7  1  5 13 190 
15  7  1  5 13 14 109 
15 16 108 
15  7  1 17 57 
15  7  1 17 18 56 
15  7  1 19 152 
15  7  1 19 20 170 
15  7  1 21 152 
15  7  1 21 22 103 
15  7  1 23 68 
15  7  1 23 24 107 
15  7  1 17 25 84 
15  7  1 17 25 26 72 
15  7  1 19 27 128 
15  7  1 19 20 28 180 
15  7  1 21 29 169 
15  7  1 21 22 30 98 
15  7  1 23 31 59 
15  7  1 23 24 32 147 
15  7  1 33 79 
15  7  1 33 34 75 
15  7  1 35 157 
15  7  1 35 36 170 
15  7  1 37 151 
15  7  1 37 38 109 
15  7  1 39 74 
15  7  1 39 40 134 
15  7  1 33 41 82 
15  7  1 33 34 42 75 
15  7  1 35 43 146 
15  7  1 35 36 44 183 
15  7  1 37 45 154 
15  7  1 37 38 46 117 
15  7  1 39 47 68 
15  7  1 39 47 48 124 
15  7  1 49 73 
15  7  1 49 50 62 
15  7  1 51 129 
15  7  1 51 52 179 
15  7  1 53 154 
15  7  1 53 54 91 
15  7  1 55 61 
15  7  1 55 56 110 
15  7  1 49 57 88 
15  7  1 49 50 58 71 
15  7  1 51 59 128 
15  7  1 51 59 60 158 
15  7  1 53 61 101 
15  7  1 53 54 62 78 
15  7  1 55 63 59 
15  7  1 55 63 64 184 
16  8  7  1 45 
16  8  7  1  2 62 
16  8  7  1  3 150 
16  8  7  1  3  4 208 
16  8  7  1  5 174 
16  8  7  1  5  6 109 
16  8  7 66 
16  8 118 
16  8  7  1  9 70 
16  8  7  1  9 10 64 
16  8  7  1  3 11 140 
16  8  7  1  3  4 12 181 
16  8  7  1  5 13 162 
16  8  7  1  5  6 14 107 
16 15 66 
16  8  7  1 17 71 
16  8  7  1 17 18 74 
16  8  7  1 19 129 
16  8  7  1 19 20 175 
16  8  7  1 21 144 
16  8  7  1 21 22 103 
16  8  7  1 23 62 
16  8  7  1 23 24 116 
16  8  7  1 17 25 61 
16  8  7  1 17 25 26 82 
16  8  7  1 19 27 141 
16  8  7  1 19 20 28 179 
16  8  7  1 21 29 173 
16  8  7  1 21 22 30 101 
16  8  7  1 23 31 75 
16  8  7  1 23 24 32 144 
16  8  7  1 33 65 
16  8  7  1 33 34 71 
16  8  7  1 35 131 
16  8  7  1 35 36 194 
16  8  7  1 37 152 
16  8  7  1 37 38 108 
16  8  7  1 39 80 
16  8  7  1 39 40 123 
16  8  7  1 33 41 70 
16  8  7  1 33 34 42 69 
16  8  7  1 35 43 152 
16  8  7  1 35 36 44 177 
16  8  7  1 37 45 153 
16  8  7  1 37 38 46 108 
16  8  7  1 39 47 72 
16  8  7  1 39 40 48 130 
16  8  7  1 49 63 
16  8  7  1 49 50 57 
16  8  7  1 51 149 
16  8  7  1 51 52 179 
16  8  7  1 53 164 
16  8  7  1 53 54 113 
16  8  7  1 55 61 
16  8  7  1 55 56 116 
16  8  7  1 49 57 117 
16  8  7  1 49 50 58 74 
16  8  7  1 51 59 135 
16  8  7  1 51 59 60 157 
16  8  7  1 53 61 120 
16  8  7  1 53 54 62 71 
16  8  7  1 55 63 64 
16  8  7  1 55 63 64 188 
17  1 45 
17  1  2 73 
17  1  3 143 
17  1  3  4 197 
17  1  5 160 
17  1  5  6 117 
17  1  7 64 
17  1  7  8 122 
17  1  9 72 
17  1  9 10 60 
17  1  3 11 121 
17  1  3  4 12 198 
17  1  5 13 172 
17  1  5  6 14 108 
17  1  7 15 67 
17  1  7 15 16 128 
17 18 63 
17  1 19 137 
17  1 19 20 199 
17  1 21 152 
17  1 21 22 108 
17  1 23 68 
17  1 23 24 109 
17 25 80 
17 18 26 69 
17  1 19 27 158 
17  1 19 20 28 153 
17  1 21 29 163 
17  1 21 22 30 105 
17  1 23 31 70 
17  1 23 24 32 118 
17  1 33 71 
17  1 33 34 75 
17  1 35 152 
17  1 35 36 188 
17  1 37 159 
17  1 37 38 105 
17  1 39 79 
17  1 39 40 112 
17  1 33 41 63 
17  1 33 34 42 68 
17  1 35 43 155 
17  1 35 36 44 195 
17  1 37 45 138 
17  1 37 45 46 112 
17  1 39 47 71 
17  1 39 40 48 122 
17  1 49 65 
17  1 49 50 57 
17  1 51 131 
17  1 51 52 160 
17  1 53 168 
17  1 53 54 102 
17  1 55 83 
17  1 55 56 116 
17  1 49 57 100 
17  1 49 50 58 74 
17  1 51 59 140 
17  1 51 59 60 152 
17  1 53 61 120 
17  1 53 54 62 83 
17  1 55 63 52 
17  1 55 63 64 207 
18 17  1 43 
18 17  1  2 75 
18 17  1  3 151 
18 17  1  3  4 201 
18 17  1  5 164 
18 17  1  5  6 127 
18 17  1  7 64 
18 17  1  7  8 123 
18 17  1  9 85 
18 17  1  2 10 62 
18 17  1  3 11 130 
18 17  1  3  4 12 194 
18 17  1  5 13 175 
18 17  1  5  6 14 117 
18 17  1  7 15 72 
18 17  1  7  8 16 112 
18 17 76 
18 17  1 19 126 
18 17  1 19 20 177 
18 17  1 21 163 
18 17  1 21 22 89 
18 17  1 23 80 
18 17  1 23 24 112 
18 17 25 87 
18 26 62 
18 17  1 19 27 149 
18 17  1 19 20 28 185 
18 17  1 21 29 159 
18 17  1 21 22 30 121 
18 17  1 23 31 59 
18 17  1 23 24 32 135 
18 17  1 33 79 
18 17  1 33 34 84 
18 17  1 35 137 
18 17  1 35 36 206 
18 17  1 37 161 
18 17  1 37 38 97 
18 17  1 39 76 
18 17  1 39 40 139 
18 17  1 33 41 81 
18 17  1 33 34 42 77 
18 17  1 35 43 154 
18 17  1 35 36 44 198 
18 17  1 37 45 174 
18 17  1 37 38 46 109 
18 17  1 39 47 76 
18 17  1 39 40 48 117 
18 17  1 49 74 
18 17  1 49 50 71 
18 17  1 51 141 
18 17  1 51 52 180 
18 17  1 53 160 
18 17  1 53 54 113 
18 17  1 55 76 
18 17  1 55 56 114 
18 17  1 49 57 129 
18 17  1 49 50 58 74 
18 17  1 51 59 119 
18 17  1 51 59 60 152 
18 17  1 53 61 96 
18 17  1 53 54 62 81 
18 17  1 55 63 62 
18 17  1 55 63 64 198 
19  1 39 
19  1  2 77 
19  1  3 174 
19  1  3  4 189 
19  1  5 166 
19  1  5  6 123 
19  1  7 72 
19  1  7  8 92 
19  1  9 65 
19  1  2 10 67 
19  1  3 11 129 
19  1  3  4 12 197 
19  1  5 13 169 
19  1  5  6 14 120 
19  1  7 15 66 
19  1  7 15 16 129 
19  1 17 51 
19  1 17 18 54 
19 20 183 
19  1 21 156 
19  1 21 22 133 
19  1 23 64 
19  1 23 24 143 
19  1 17 25 78 
19  1 17 18 26 68 
19 27 142 
19 20 28 185 
19  1 21 29 161 
19  1 21 22 30 95 
19  1 23 31 80 
19  1 23 24 32 128 
19  1 33 83 
19  1 33 34 67 
19  1 35 153 
19  1 35 36 173 
19  1 37 155 
19  1 37 38 119 
19  1 39 72 
19  1 39 40 124 
19  1 33 41 74 
19  1 33 34 42 72 
19  1 35 43 128 
19  1 35 36 44 191 
19  1 37 45 158 
19  1 37 38 46 113 
19  1 39 47 65 
19  1 39 40 48 125 
19  1 49 70 
19  1 49 50 68 
19  1 51 141 
19  1 51 52 198 
19  1 53 171 
19  1 53 54 93 
19  1 55 70 
19  1 55 56 134 
19  1 49 57 107 
19  1 49 50 58 74 
19  1 51 59 108 
19  1 51 59 60 144 
19  1 53 61 121 
19  1 53 54 62 89 
19  1 55 63 52 
19  1 55 63 64 174 
20 19  1 45 
20 19  1  2 68 
20 19  1  3 159 
20 19  1  3  4 194 
20 19  1  5 175 
20 19  1  5  6 124 
20 19  1  7 77 
20 19  1  7  8 106 
20 19  1  9 78 
20 19  1  9 10 65 
20 19  1  3 11 136 
20 19  1  3 11 12 193 
20 19  1  5 13 160 
20 19  1  5 13 14 108 
20 19  1  7 15 67 
20 19  1  7  8 16 121 
20 19  1 17 57 
20 19  1 17 18 67 
20 19 133 
20 19  1 21 152 
20 19  1 21 22 111 
20 19  1 23 63 
20 19  1 23 24 106 
20 19  1 17 25 81 
20 19  1 17 25 26 62 
20 28 27 132 
20 28 192 
20 19  1 21 29 168 
20 19  1 21 22 30 110 
20 19  1 23 31 78 
20 19  1 23 24 32 110 
20 19  1 33 73 
20 19  1 33 34 79 
20 19  1 35 141 
20 19  1 35 36 180 
20 19  1 37 191 
20 19  1 37 38 103 
20 19  1 39 84 
20 19  1 39 40 123 
20 19  1 33 41 72 
20 19  1 33 34 42 73 
20 19  1 35 43 134 
20 19  1 35 36 44 184 
20 19  1 37 45 138 
20 19  1 37 38 46 127 
20 19  1 39 47 67 
20 19  1 39 47 48 125 
20 19  1 49 62 
20 19  1 49 50 74 
20 19  1 51 118 
20 19  1 51 52 164 
20 19  1 53 149 
20 19  1 53 54 101 
20 19  1 55 67 
20 19  1 55 56 121 
20 19  1 49 57 107 
20 19  1 49 50 58 69 
20 19  1 51 59 125 
20 19  1 51 59 60 144 
20 19  1 53 61 101 
20 19  1 53 54 62 87 
20 19  1 55 63 58 
20 19  1 55 63 64 189 
21  1 37 
21  1  2 69 
21  1  3 137 
21  1  3  4 204 
21  1  5 169 
21  1  5  6 135 
21  1  7 62 
21  1  7  8 104 
21  1  9 76 
21  1  2 10 73 
21  1  3 11 138 
21  1  3  4 12 190 
21  1  5 13 160 
21  1  5  6 14 95 
21  1  7 15 67 
21  1  7  8 16 111 
21  1 17 58 
21  1 17 18 68 
21  1 19 140 
21  1 19 20 192 
21 22 106 
21  1 23 81 
21  1 23 24 137 
21  1 17 25 76 
21  1 17 25 26 65 
21  1 19 27 149 
21  1 19 20 28 178 
21 29 156 
21 22 30 91 
21  1 23 31 68 
21  1 23 24 32 131 
21  1 33 62 
21  1 33 34 62 
21  1 35 132 
21  1 35 36 175 
21  1 37 179 
21  1 37 38 118 
21  1 39 74 
21  1 39 40 120 
21  1 33 41 77 
21  1 33 34 42 78 
21  1 35 43 151 
21  1 35 36 44 179 
21  1 37 45 153 
21  1 37 38 46 116 
21  1 39 47 68 
21  1 39 47 48 114 
21  1 49 76 
21  1 49 50 69 
21  1 51 161 
21  1 51 52 173 
21  1 53 139 
21  1 53 54 114 
21  1 55 72 
21  1 55 56 104 
21  1 49 57 103 
21  1 49 57 58 80 
21  1 51 59 109 
21  1 51 59 60 127 
21  1 53 61 125 
21  1 53 54 62 82 
21  1 55 63 62 
21  1 55 63 64 169 
22 21  1 55 
22 21  1  2 62 
22 21  1  3 164 
22 21  1  3  4 213 
22 21  1  5 189 
22 21  1  5  6 111 
22 21  1  7 88 
22 21  1  7  8 84 
22 21  1  9 65 
22 21  1  2 10 64 
22 21  1  3 11 157 
22 21  1  3  4 12 187 
22 21  1  5 13 156 
22 21  1  5  6 14 85 
22 21  1  7 15 56 
22 21  1  7  8 16 130 
22 21  1 17 76 
22 21  1 17 18 64 
22 21  1 19 133 
22 21  1 19 20 176 
22 21 169 
22 21  1 23 50 
22 21  1 23 24 124 
22 21  1 17 25 55 
22 21  1 17 25 26 74 
22 21  1 19 27 144 
22 21  1 19 20 28 168 
22 30 29 154 
22 30 122 
22 21  1 23 31 74 
22 21  1 23 24 32 126 
22 21  1 33 54 
22 21  1 33 34 69 
22 21  1 35 141 
22 21  1 35 36 200 
22 21  1 37 151 
22 21  1 37 38 116 
22 21  1 39 64 
22 21  1 39 40 124 
22 21  1 33 41 71 
22 21  1 33 34 42 79 
22 21  1 35 43 138 
22 21  1 35 36 44 195 
22 21  1 37 45 176 
22 21  1 37 38 46 98 
22 21  1 39 47 66 
22 21  1 39 40 48 115 
22 21  1 49 73 
22 21  1 49 50 83 
22 21  1 51 151 
22 21  1 51 52 175 
22 21  1 53 144 
22 21  1 53 54 114 
22 21  1 55 63 
22 21  1 55 56 121 
22 21  1 49 57 118 
22 21  1 49 50 58 74 
22 21  1 51 59 118 
22 21  1 51 59 60 161 
22 21  1 53 61 116 
22 21  1 53 54 62 81 
22 21  1 55 63 57 
22 21  1 55 63 64 194 
23  1 53 
23  1  2 70 
23  1  3 162 
23  1  3  4 226 
23  1  5 163 
23  1  5  6 107 
23  1  7 79 
23  1  7  8 106 
23  1  9 84 
23  1  2 10 75 
23  1  3 11 163 
23  1  3  4 12 165 
23  1  5 13 149 
23  1  5  6 14 99 
23  1  7 15 60 
23  1  7  8 16 123 
23  1 17 76 
23  1 17 18 49 
23  1 19 124 
23  1 19 20 189 
23  1 21 143 
23  1 21 22 90 
23 24 127 
23  1 17 25 81 
23  1 17 25 26 74 
23  1 19 27 148 
23  1 19 20 28 165 
23  1 21 29 150 
23  1 21 22 30 103 
23 31 63 
23 24 32 150 
23  1 33 60 
23  1 33 34 83 
23  1 35 152 
23  1 35 36 190 
23  1 37 166 
23  1 37 38 115 
23  1 39 61 
23  1 39 40 96 
23  1 33 41 64 
23  1 33 34 42 71 
23  1 35 43 142 
23  1 35 36 44 167 
23  1 37 45 160 
23  1 37 38 46 105 
23  1 39 47 72 
23  1 39 47 48 136 
23  1 49 75 
23  1 49 50 72 
23  1 51 153 
23  1 51 52 185 
23  1 53 176 
23  1 53 54 94 
23  1 55 59 
23  1 55 56 125 
23  1 49 57 110 
23  1 49 50 58 91 
23  1 51 59 99 
23  1 51 59 60 126 
23  1 53 61 98 
23  1 53 54 62 74 
23  1 55 63 46 
23  1 55 63 64 176 
24 23  1 48 
24 23  1  2 78 
24 23  1  3 166 
24 23  1  3  4 193 
24 23  1  5 157 
24 23  1  5  6 123 
24 23  1  7 62 
24 23  1  7  8 96 
24 23  1  9 84 
24 23  1  9 10 69 
24 23  1  3 11 140 
24 23  1  3  4 12 182 
24 23  1  5 13 148 
24 23  1  5 13 14 100 
24 23  1  7 15 65 
24 23  1  7  8 16 132 
24 23  1 17 56 
24 23  1 17 18 73 
24 23  1 19 147 
24 23  1 19 20 196 
24 23  1 21 155 
24 23  1 21 22 103 
24 23 70 
24 23  1 17 25 60 
24 23  1 17 25 26 68 
24 23  1 19 27 138 
24 23  1 19 20 28 179 
24 23  1 21 29 176 
24 23  1 21 22 30 112 
24 32 31 75 
24 32 127 
24 23  1 33 69 
24 23  1 33 34 77 
24 23  1 35 160 
24 23  1 35 36 194 
24 23  1 37 185 
24 23  1 37 38 118 
24 23  1 39 78 
24 23  1 39 40 131 
24 23  1 33 41 63 
24 23  1 33 34 42 68 
24 23  1 35 43 153 
24 23  1 35 36 44 181 
24 23  1 37 45 145 
24 23  1 37 38 46 122 
24 23  1 39 47 62 
24 23  1 39 40 48 118 
24 23  1 49 59 
24 23  1 49 50 71 
24 23  1 51 149 
24 23  1 51 52 209 
24 23  1 53 149 
24 23  1 53 54 120 
24 23  1 55 71 
24 23  1 55 56 112 
24 23  1 49 57 104 
24 23  1 49 50 58 84 
24 23  1 51 59 131 
24 23  1 51 59 60 146 
24 23  1 53 61 133 
24 23  1 53 54 62 71 
24 23  1 55 63 47 
24 23  1 55 63 64 200 
25 17  1 43 
25 17  1  2 73 
25 17  1  3 167 
25 17  1  3  4 182 
25 17  1  5 189 
25 17  1  5  6 127 
25 17  1  7 77 
25 17  1  7  8 102 
25 17  1  9 74 
25 17  1  2 10 79 
25 17  1  3 11 140 
25 17  1  3  4 12 180 
25 17  1  5 13 172 
25 17  1  5  6 14 97 
25 17  1  7 15 70 
25 17  1  7  8 16 116 
25 17 78 
25 17 18 61 
25 17  1 19 140 
25 17  1 19 20 187 
25 17  1 21 187 
25 17  1 21 22 87 
25 17  1 23 68 
25 17  1 23 24 122 
25 26 68 
25 17  1 19 27 138 
25 17  1 19 20 28 180 
25 17  1 21 29 176 
25 17  1 21 22 30 101 
25 17  1 23 31 62 
25 17  1 23 24 32 129 
25 17  1 33 74 
25 17  1 33 34 85 
25 17  1 35 137 
25 17  1 35 36 202 
25 17  1 37 152 
25 17  1 37 38 96 
25 17  1 39 88 
25 17  1 39 40 138 
25 17  1 33 41 70 
25 17  1 33 34 42 68 
25 17  1 35 43 141 
25 17  1 35 36 44 157 
25 17  1 37 45 168 
25 17  1 37 38 46 95 
25 17  1 39 47 79 
25 17  1 39 40 48 125 
25 17  1 49 87 
25 17  1 49 50 76 
25 17  1 51 134 
25 17  1 51 52 170 
25 17  1 53 166 
25 17  1 53 54 94 
25 17  1 55 60 
25 17  1 55 56 139 
25 17  1 49 57 114 
25 17  1 49 50 58 76 
25 17  1 51 59 121 
25 17  1 51 59 60 140 
25 17  1 53 61 119 
25 17  1 53 54 62 75 
25 17  1 55 63 59 
25 17  1 55 63 64 196 
26 25 17  1 35 
26 25 17  1  2 60 
26 25 17  1  3 166 
26 25 17  1  3  4 186 
26 25 17  1  5 167 
26 25 17  1  5  6 114 
26 25 17  1  7 75 
26 25 17  1  7  8 100 
26 25 17  1  9 80 
26 25 17  1  2 10 65 
26 25 17  1  3 11 138 
26 25 17  1  3  4 12 195 
26 25 17  1  5 13 162 
26 25 17  1  5  6 14 109 
26 25 17  1  7 15 65 
26 25 17  1  7  8 16 114 
26 25 17 76 
26 18 53 
26 25 17  1 19 146 
26 25 17  1 19 20 169 
26 25 17  1 21 150 
26 25 17  1 21 22 118 
26 25 17  1 23 72 
26 25 17  1 23 24 117 
26 25 71 
26 25 17  1 19 27 158 
26 25 17  1 19 20 28 164 
26 25 17  1 21 29 150 
26 25 17  1 21 22 30 106 
26 25 17  1 23 31 68 
26 25 17  1 23 24 32 128 
26 25 17  1 33 62 
26 25 17  1 33 34 68 
26 25 17  1 35 153 
26 25 17  1 35 36 186 
26 25 17  1 37 149 
26 25 17  1 37 38 123 
26 25 17  1 39 70 
26 25 17  1 39 40 126 
26 25 17  1 33 41 73 
26 25 17  1 33 34 42 66 
26 25 17  1 35 43 130 
26 25 17  1 35 36 44 176 
26 25 17  1 37 45 188 
26 25 17  1 37 38 46 105 
26 25 17  1 39 47 78 
26 25 17  1 39 40 48 131 
26 25 17  1 49 66 
26 25 17  1 49 50 63 
26 25 17  1 51 149 
26 25 17  1 51 52 187 
26 25 17  1 53 179 
26 25 17  1 53 54 87 
26 25 17  1 55 65 
26 25 17  1 55 56 148 
26 25 17  1 49 57 101 
26 25 17  1 49 50 58 73 
26 25 17  1 51 59 123 
26 25 17  1 51 59 60 140 
26 25 17  1 53 61 110 
26 25 17  1 53 54 62 74 
26 25 17  1 55 63 61 
26 25 17  1 55 63 64 149 
27 19  1 44 
27 19  1  2 69 
27 19  1  3 168 
27 19  1  3  4 188 
27 19  1  5 156 
27 19  1  5  6 109 
27 19  1  7 82 
27 19  1  7  8 102 
27 19  1  9 70 
27 19  1  2 10 63 
27 19  1  3 11 142 
27 19  1  3  4 12 191 
27 19  1  5 13 170 
27 19  1  5 13 14 97 
27 19  1  7 15 76 
27 19  1  7 15 16 127 
27 19  1 17 67 
27 19  1 17 18 74 
27 19 128 
27 28 20 192 
27 19  1 21 164 
27 19  1 21 22 123 
27 19  1 23 70 
27 19  1 23 24 128 
27 19  1 17 25 76 
27 19  1 17 25 26 75 
27 28 174 
27 19  1 21 29 173 
27 19  1 21 22 30 106 
27 19  1 23 31 52 
27 19  1 23 24 32 138 
27 19  1 33 69 
27 19  1 33 34 74 
27 19  1 35 143 
27 19  1 35 36 199 
27 19  1 37 163 
27 19  1 37 38 107 
27 19  1 39 60 
27 19  1 39 40 118 
27 19  1 33 41 66 
27 19  1 33 34 42 86 
27 19  1 35 43 147 
27 19  1 35 36 44 157 
27 19  1 37 45 153 
27 19  1 37 38 46 105 
27 19  1 39 47 73 
27 19  1 39 40 48 128 
27 19  1 49 71 
27 19  1 49 50 72 
27 19  1 51 140 
27 19  1 51 52 188 
27 19  1 53 140 
27 19  1 53 54 109 
27 19  1 55 76 
27 19  1 55 56 122 
27 19  1 49 57 98 
27 19  1 49 50 58 62 
27 19  1 51 59 132 
27 19  1 51 59 60 143 
27 19  1 53 61 125 
27 19  1 53 54 62 88 
27 19  1 55 63 62 
27 19  1 55 63 64 177 
28 20 19  1 43 
28 20 19  1  2 81 
28 20 19  1  3 155 
28 20 19  1  3  4 202 
28 20 19  1  5 213 
28 20 19  1  5  6 124 
28 20 19  1  7 59 
28 20 19  1  7  8 88 
28 20 19  1  9 79 
28 20 19  1  9 10 65 
28 20 19  1  3 11 131 
28 20 19  1  3 11 12 187 
28 20 19  1  5 13 169 
28 20 19  1  5 13 14 81 
28 20 19  1  7 15 76 
28 20 19  1  7  8 16 121 
28 20 19  1 17 50 
28 20 19  1 17 18 65 
28 20 19 156 
28 20 184 
28 20 19  1 21 152 
28 20 19  1 21 22 104 
28 20 19  1 23 57 
28 20 19  1 23 24 112 
28 20 19  1 17 25 70 
28 20 19  1 17 25 26 69 
28 27 156 
28 20 19  1 21 29 155 
28 20 19  1 21 22 30 108 
28 20 19  1 23 31 63 
28 20 19  1 23 24 32 124 
28 20 19  1 33 70 
28 20 19  1 33 34 62 
28 20 19  1 35 126 
28 20 19  1 35 36 164 
28 20 19  1 37 175 
28 20 19  1 37 38 114 
28 20 19  1 39 73 
28 20 19  1 39 40 128 
28 20 19  1 33 41 71 
28 20 19  1 33 34 42 65 
28 20 19  1 35 43 145 
28 20 19  1 35 36 44 207 
28 20 19  1 37 45 164 
28 20 19  1 37 38 46 104 
28 20 19  1 39 47 91 
28 20 19  1 39 40 48 142 
28 20 19  1 49 51 
28 20 19  1 49 50 74 
28 20 19  1 51 137 
28 20 19  1 51 52 196 
28 20 19  1 53 155 
28 20 19  1 53 54 115 
28 20 19  1 55 62 
28 20 19  1 55 56 104 
28 20 19  1 49 57 116 
28 20 19  1 49 50 58 70 
28 20 19  1 51 59 120 
28 20 19  1 51 59 60 133 
28 20 19  1 53 61 99 
28 20 19  1 53 54 62 82 
28 20 19  1 55 63 68 
28 20 19  1 55 63 64 169 
29 21  1 46 
29 21  1  2 80 
29 21  1  3 167 
29 21  1  3  4 210 
29 21  1  5 194 
29 21  1  5  6 128 
29 21  1  7 51 
29 21  1  7  8 92 
29 21  1  9 68 
29 21  1  9 10 66 
29 21  1  3 11 151 
29 21  1  3  4 12 186 
29 21  1  5 13 150 
29 21  1  5 13 14 111 
29 21  1  7 15 69 
29 21  1  7  8 16 125 
29 21  1 17 68 
29 21  1 17 18 77 
29 21  1 19 141 
29 21  1 19 20 174 
29 21 162 
29 30 22 107 
29 21  1 23 69 
29 21  1 23 24 124 
29 21  1 17 25 68 
29 21  1 17 25 26 70 
29 21  1 19 27 127 
29 21  1 19 20 28 183 
29 30 114 
29 21  1 23 31 72 
29 21  1 23 24 32 131 
29 21  1 33 73 
29 21  1 33 34 76 
29 21  1 35 150 
29 21  1 35 36 212 
29 21  1 37 148 
29 21  1 37 38 108 
29 21  1 39 56 
29 21  1 39 40 118 
29 21  1 33 41 74 
29 21  1 33 34 42 76 
29 21  1 35 43 156 
29 21  1 35 36 44 174 
29 21  1 37 45 151 
29 21  1 37 38 46 110 
29 21  1 39 47 71 
29 21  1 39 40 48 135 
29 21  1 49 82 
29 21  1 49 50 66 
29 21  1 51 155 
29 21  1 51 52 200 
29 21  1 53 177 
29 21  1 53 54 103 
29 21  1 55 67 
29 21  1 55 56 149 
29 21  1 49 57 104 
29 21  1 49 50 58 82 
29 21  1 51 59 130 
29 21  1 51 59 60 165 
29 21  1 53 61 102 
29 21  1 53 54 62 72 
29 21  1 55 63 56 
29 21  1 55 63 64 196 
30 22 21  1 43 
30 22 21  1  2 75 
30 22 21  1  3 155 
30 22 21  1  3  4 191 
30 22 21  1  5 167 
30 22 21  1  5  6 120 
30 22 21  1  7 70 
30 22 21  1  7  8 105 
30 22 21  1  9 61 
30 22 21  1  9 10 62 
30 22 21  1  3 11 115 
30 22 21  1  3  4 12 192 
30 22 21  1  5 13 201 
30 22 21  1  5 13 14 82 
30 22 21  1  7 15 59 
30 22 21  1  7  8 16 136 
30 22 21  1 17 63 
30 22 21  1 17 18 52 
30 22 21  1 19 115 
30 22 21  1 19 20 194 
30 22 21 182 
30 22 101 
30 22 21  1 23 57 
30 22 21  1 23 24 121 
30 22 21  1 17 25 73 
30 22 21  1 17 25 26 72 
30 22 21  1 19 27 160 
30 22 21  1 19 20 28 205 
30 29 168 
30 22 21  1 23 31 88 
30 22 21  1 23 24 32 134 
30 22 21  1 33 90 
30 22 21  1 33 34 79 
30 22 21  1 35 132 
30 22 21  1 35 36 164 
30 22 21  1 37 187 
30 22 21  1 37 38 109 
30 22 21  1 39 79 
30 22 21  1 39 40 130 
30 22 21  1 33 41 68 
30 22 21  1 33 34 42 74 
30 22 21  1 35 43 152 
30 22 21  1 35 36 44 176 
30 22 21  1 37 45 142 
30 22 21  1 37 38 46 91 
30 22 21  1 39 47 83 
30 22 21  1 39 40 48 113 
30 22 21  1 49 70 
30 22 21  1 49 50 68 
30 22 21  1 51 132 
30 22 21  1 51 52 187 
30 22 21  1 53 147 
30 22 21  1 53 54 119 
30 22 21  1 55 60 
30 22 21  1 55 56 130 
30 22 21  1 49 57 104 
30 22 21  1 49 50 58 86 
30 22 21  1 51 59 111 
30 22 21  1 51 59 60 164 
30 22 21  1 53 61 117 
30 22 21  1 53 54 62 82 
30 22 21  1 55 63 58 
30 22 21  1 55 63 64 174 
31 23  1 35 
31 23  1  2 74 
31 23  1  3 189 
31 23  1  3  4 201 
31 23  1  5 181 
31 23  1  5  6 117 
31 23  1  7 79 
31 23  1  7  8 110 
31 23  1  9 59 
31 23  1  9 10 69 
31 23  1  3 11 146 
31 23  1  3  4 12 182 
31 23  1  5 13 149 
31 23  1  5 13 14 106 
31 23  1  7 15 72 
31 23  1  7  8 16 118 
31 23  1 17 68 
31 23  1 17 18 68 
31 23  1 19 134 
31 23  1 19 20 199 
31 23  1 21 155 
31 23  1 21 22 109 
31 23 79 
31 32 24 128 
31 23  1 17 25 61 
31 23  1 17 25 26 60 
31 23  1 19 27 140 
31 23  1 19 20 28 183 
31 23  1 21 29 166 
31 23  1 21 22 30 109 
31 32 120 
31 23  1 33 74 
31 23  1 33 34 66 
31 23  1 35 149 
31 23  1 35 36 184 
31 23  1 37 145 
31 23  1 37 38 100 
31 23  1 39 68 
31 23  1 39 40 151 
31 23  1 33 41 70 
31 23  1 33 34 42 83 
31 23  1 35 43 163 
31 23  1 35 36 44 184 
31 23  1 37 45 148 
31 23  1 37 38 46 114 
31 23  1 39 47 76 
31 23  1 39 40 48 126 
31 23  1 49 80 
31 23  1 49 50 79 
31 23  1 51 123 
31 23  1 51 52 209 
31 23  1 53 152 
31 23  1 53 54 97 
31 23  1 55 67 
31 23  1 55 56 110 
31 23  1 49 57 106 
31 23  1 49 50 58 70 
31 23  1 51 59 108 
31 23  1 51 59 60 145 
31 23  1 53 61 115 
31 23  1 53 54 62 69 
31 23  1 55 63 54 
31 23  1 55 63 64 205 
32 24 23  1 40 
32 24 23  1  2 69 
32 24 23  1  3 140 
32 24 23  1  3  4 195 
32 24 23  1  5 171 
32 24 23  1  5  6 107 
32 24 23  1  7 64 
32 24 23  1  7  8 100 
32 24 23  1  9 65 
32 24 23  1  9 10 71 
32 24 23  1  3 11 143 
32 24 23  1  3  4 12 187 
32 24 23  1  5 13 154 
32 24 23  1  5 13 14 94 
32 24 23  1  7 15 68 
32 24 23  1  7  8 16 126 
32 24 23  1 17 67 
32 24 23  1 17 18 70 
32 24 23  1 19 140 
32 24 23  1 19 20 156 
32 24 23  1 21 159 
32 24 23  1 21 22 115 
32 24 23 60 
32 24 156 
32 24 23  1 17 25 65 
32 24 23  1 17 25 26 64 
32 24 23  1 19 27 122 
32 24 23  1 19 20 28 183 
32 24 23  1 21 29 174 
32 24 23  1 21 22 30 120 
32 31 72 
32 24 23  1 33 81 
32 24 23  1 33 34 75 
32 24 23  1 35 137 
32 24 23  1 35 36 183 
32 24 23  1 37 170 
32 24 23  1 37 38 122 
32 24 23  1 39 67 
32 24 23  1 39 40 124 
32 24 23  1 33 41 68 
32 24 23  1 33 34 42 68 
32 24 23  1 35 43 147 
32 24 23  1 35 36 44 188 
32 24 23  1 37 45 158 
32 24 23  1 37 38 46 113 
32 24 23  1 39 47 75 
32 24 23  1 39 40 48 142 
32 24 23  1 49 80 
32 24 23  1 49 50 83 
32 24 23  1 51 163 
32 24 23  1 51 52 171 
32 24 23  1 53 158 
32 24 23  1 53 54 103 
32 24 23  1 55 78 
32 24 23  1 55 56 140 
32 24 23  1 49 57 102 
32 24 23  1 49 50 58 81 
32 24 23  1 51 59 132 
32 24 23  1 51 59 60 140 
32 24 23  1 53 61 108 
32 24 23  1 53 54 62 79 
32 24 23  1 55 63 53 
32 24 23  1 55 63 64 207 
33  1 51 
33  1  2 64 
33  1  3 163 
33  1  3  4 185 
33  1  5 159 
33  1  5  6 119 
33  1  7 72 
33  1  7  8 84 
33  1  9 68 
33  1  9 10 79 
33  1  3 11 149 
33  1  3  4 12 199 
33  1  5 13 148 
33  1  5  6 14 96 
33  1  7 15 72 
33  1  7  8 16 113 
33  1 17 68 
33  1 17 18 68 
33  1 19 137 
33  1 19 20 180 
33  1 21 147 
33  1 21 22 106 
33  1 23 84 
33  1 23 24 133 
33  1 17 25 69 
33  1 17 18 26 70 
33  1 19 27 147 
33  1 19 20 28 195 
33  1 21 29 162 
33  1 21 22 30 103 
33  1 23 31 74 
33  1 23 24 32 132 
33 34 74 
33  1 35 160 
33  1 35 36 182 
33  1 37 163 
33  1 37 38 113 
33  1 39 84 
33  1 39 40 117 
33 41 65 
33 34 42 74 
33  1 35 43 155 
33  1 35 36 44 194 
33  1 37 45 161 
33  1 37 38 46 112 
33  1 39 47 73 
33  1 39 40 48 123 
33  1 49 91 
33  1 49 50 89 
33  1 51 141 
33  1 51 52 202 
33  1 53 162 
33  1 53 54 117 
33  1 55 78 
33  1 55 56 134 
33  1 49 57 113 
33  1 49 50 58 83 
33  1 51 59 140 
33  1 51 59 60 134 
33  1 53 61 114 
33  1 53 54 62 75 
33  1 55 63 57 
33  1 55 63 64 201 
34 33  1 47 
34 33  1  2 66 
34 33  1  3 174 
34 33  1  3  4 219 
34 33  1  5 166 
34 33  1  5  6 126 
34 33  1  7 80 
34 33  1  7  8 113 
34 33  1  9 86 
34 33  1  9 10 53 
34 33  1  3 11 133 
34 33  1  3  4 12 199 
34 33  1  5 13 162 
34 33  1  5  6 14 113 
34 33  1  7 15 63 
34 33  1  7  8 16 138 
34 33  1 17 79 
34 33  1 17 18 69 
34 33  1 19 140 
34 33  1 19 20 169 
34 33  1 21 146 
34 33  1 21 22 109 
34 33  1 23 72 
34 33  1 23 24 126 
34 33  1 17 25 74 
34 33  1 17 25 26 53 
34 33  1 19 27 146 
34 33  1 19 20 28 197 
34 33  1 21 29 165 
34 33  1 21 22 30 130 
34 33  1 23 31 57 
34 33  1 23 24 32 133 
34 33 80 
34 33  1 35 150 
34 33  1 35 36 206 
34 33  1 37 178 
34 33  1 37 38 117 
34 33  1 39 82 
34 33  1 39 40 119 
34 42 41 62 
34 42 92 
34 33  1 35 43 128 
34 33  1 35 36 44 191 
34 33  1 37 45 161 
34 33  1 37 38 46 108 
34 33  1 39 47 70 
34 33  1 39 40 48 148 
34 33  1 49 81 
34 33  1 49 50 80 
34 33  1 51 142 
34 33  1 51 52 195 
34 33  1 53 166 
34 33  1 53 54 91 
34 33  1 55 70 
34 33  1 55 56 136 
34 33  1 49 57 102 
34 33  1 49 50 58 85 
34 33  1 51 59 117 
34 33  1 51 59 60 135 
34 33  1 53 61 117 
34 33  1 53 54 62 76 
34 33  1 55 63 70 
34 33  1 55 63 64 158 
35  1 52 
35  1  2 67 
35  1  3 164 
35  1  3  4 177 
35  1  5 197 
35  1  5  6 130 
35  1  7 83 
35  1  7  8 107 
35  1  9 69 
35  1  9 10 74 
35  1  3 11 138 
35  1  3  4 12 188 
35  1  5 13 168 
35  1  5  6 14 117 
35  1  7 15 69 
35  1  7 15 16 114 
35  1 17 57 
35  1 17 18 60 
35  1 19 164 
35  1 19 20 170 
35  1 21 149 
35  1 21 22 100 
35  1 23 65 
35  1 23 24 123 
35  1 17 25 75 
35  1 17 25 26 62 
35  1 19 27 151 
35  1 19 20 28 175 
35  1 21 29 176 
35  1 21 22 30 81 
35  1 23 31 75 
35  1 23 31 32 145 
35  1 33 69 
35  1 33 34 77 
35 36 188 
35  1 37 135 
35  1 37 38 96 
35  1 39 73 
35  1 39 40 139 
35  1 33 41 77 
35  1 33 41 42 60 
35 43 136 
35 36 44 194 
35  1 37 45 163 
35  1 37 38 46 92 
35  1 39 47 67 
35  1 39 40 48 119 
35  1 49 58 
35  1 49 50 85 
35  1 51 145 
35  1 51 52 191 
35  1 53 157 
35  1 53 54 112 
35  1 55 60 
35  1 55 56 111 
35  1 49 57 103 
35  1 49 50 58 69 
35  1 51 59 122 
35  1 51 59 60 158 
35  1 53 61 115 
35  1 53 54 62 77 
35  1 55 63 61 
35  1 55 63 64 184 
36 35  1 45 
36 35  1  2 73 
36 35  1  3 146 
36 35  1  3  4 218 
36 35  1  5 182 
36 35  1  5  6 132 
36 35  1  7 60 
36 35  1  7  8 95 
36 35  1  9 53 
36 35  1  9 10 80 
36 35  1  3 11 138 
36 35  1  3  4 12 174 
36 35  1  5 13 163 
36 35  1  5  6 14 110 
36 35  1  7 15 60 
36 35  1  7 15 16 116 
36 35  1 17 71 
36 35  1 17 18 61 
36 35  1 19 133 
36 35  1 19 20 200 
36 35  1 21 148 
36 35  1 21 22 87 
36 35  1 23 73 
36 35  1 23 24 137 
36 35  1 17 25 66 
36 35  1 17 18 26 69 
36 35  1 19 27 134 
36 35  1 19 27 28 186 
36 35  1 21 29 161 
36 35  1 21 29 30 92 
36 35  1 23 31 77 
36 35  1 23 31 32 126 
36 35  1 33 59 
36 35  1 33 34 71 
36 35 132 
36 35  1 37 139 
36 35  1 37 38 97 
36 35  1 39 73 
36 35  1 39 40 119 
36 35  1 33 41 76 
36 35  1 33 41 42 75 
36 44 43 161 
36 44 167 
36 35  1 37 45 168 
36 35  1 37 38 46 94 
36 35  1 39 47 71 
36 35  1 39 40 48 118 
36 35  1 49 71 
36 35  1 49 50 63 
36 35  1 51 140 
36 35  1 51 52 171 
36 35  1 53 154 
36 35  1 53 54 126 
36 35  1 55 61 
36 35  1 55 56 119 
36 35  1 49 57 109 
36 35  1 49 57 58 84 
36 35  1 51 59 138 
36 35  1 51 59 60 145 
36 35  1 53 61 114 
36 35  1 53 54 62 84 
36 35  1 55 63 74 
36 35  1 55 63 64 178 
37  1 53 
37  1  2 70 
37  1  3 164 
37  1  3  4 198 
37  1  5 170 
37  1  5  6 128 
37  1  7 73 
37  1  7  8 114 
37  1  9 73 
37  1  9 10 64 
37  1  3 11 148 
37  1  3  4 12 204 
37  1  5 13 172 
37  1  5  6 14 91 
37  1  7 15 59 
37  1  7 15 16 124 
37  1 17 58 
37  1 17 18 65 
37  1 19 111 
37  1 19 20 165 
37  1 21 157 
37  1 21 22 110 
37  1 23 76 
37  1 23 24 121 
37  1 17 25 75 
37  1 17 18 26 69 
37  1 19 27 141 
37  1 19 20 28 192 
37  1 21 29 157 
37  1 21 22 30 116 
37  1 23 31 60 
37  1 23 24 32 135 
37  1 33 57 
37  1 33 34 59 
37  1 35 150 
37  1 35 36 205 
37 38 110 
37  1 39 68 
37  1 39 40 127 
37  1 33 41 74 
37  1 33 41 42 73 
37  1 35 43 150 
37  1 35 36 44 190 
37 45 179 
37 38 46 102 
37  1 39 47 75 
37  1 39 47 48 130 
37  1 49 72 
37  1 49 50 75 
37  1 51 122 
37  1 51 52 188 
37  1 53 153 
37  1 53 54 121 
37  1 55 68 
37  1 55 56 113 
37  1 49 57 106 
37  1 49 50 58 86 
37  1 51 59 114 
37  1 51 59 60 150 
37  1 53 61 95 
37  1 53 54 62 85 
37  1 55 63 41 
37  1 55 63 64 177 
38 37  1 44 
38 37  1  2 82 
38 37  1  3 160 
38 37  1  3  4 192 
38 37  1  5 203 
38 37  1  5  6 115 
38 37  1  7 73 
38 37  1  7  8 97 
38 37  1  9 76 
38 37  1  9 10 65 
38 37  1  3 11 132 
38 37  1  3  4 12 200 
38 37  1  5 13 151 
38 37  1  5  6 14 100 
38 37  1  7 15 60 
38 37  1  7 15 16 117 
38 37  1 17 61 
38 37  1 17 18 67 
38 37  1 19 130 
38 37  1 19 20 183 
38 37  1 21 129 
38 37  1 21 22 104 
38 37  1 23 66 
38 37  1 23 24 116 
38 37  1 17 25 61 
38 37  1 17 18 26 66 
38 37  1 19 27 141 
38 37  1 19 20 28 213 
38 37  1 21 29 157 
38 37  1 21 22 30 107 
38 37  1 23 31 81 
38 37  1 23 24 32 111 
38 37  1 33 69 
38 37  1 33 34 53 
38 37  1 35 162 
38 37  1 35 36 181 
38 37 168 
38 37  1 39 64 
38 37  1 39 40 142 
38 37  1 33 41 81 
38 37  1 33 41 42 72 
38 37  1 35 43 158 
38 37  1 35 36 44 180 
38 46 45 174 
38 46 127 
38 37  1 39 47 70 
38 37  1 39 40 48 130 
38 37  1 49 76 
38 37  1 49 50 70 
38 37  1 51 142 
38 37  1 51 52 201 
38 37  1 53 153 
38 37  1 53 54 94 
38 37  1 55 62 
38 37  1 55 56 134 
38 37  1 49 57 117 
38 37  1 49 50 58 72 
38 37  1 51 59 126 
38 37  1 51 59 60 148 
38 37  1 53 61 105 
38 37  1 53 54 62 82 
38 37  1 55 63 60 
38 37  1 55 63 64 185 
39  1 35 
39  1  2 83 
39  1  3 166 
39  1  3  4 204 
39  1  5 177 
39  1  5  6 132 
39  1  7 71 
39  1  7  8 84 
39  1  9 74 
39  1  9 10 74 
39  1  3 11 136 
39  1  3 11 12 196 
39  1  5 13 158 
39  1  5  6 14 99 
39  1  7 15 62 
39  1  7  8 16 119 
39  1 17 71 
39  1 17 18 70 
39  1 19 137 
39  1 19 20 178 
39  1 21 164 
39  1 21 22 103 
39  1 23 69 
39  1 23 24 132 
39  1 17 25 63 
39  1 17 18 26 63 
39  1 19 27 128 
39  1 19 20 28 195 
39  1 21 29 162 
39  1 21 22 30 93 
39  1 23 31 62 
39  1 23 24 32 143 
39  1 33 57 
39  1 33 34 76 
39  1 35 136 
39  1 35 36 199 
39  1 37 151 
39  1 37 38 110 
39 40 127 
39  1 33 41 73 
39  1 33 41 42 65 
39  1 35 43 143 
39  1 35 36 44 189 
39  1 37 45 154 
39  1 37 45 46 108 
39 47 75 
39 40 48 143 
39  1 49 65 
39  1 49 50 52 
39  1 51 129 
39  1 51 52 189 
39  1 53 171 
39  1 53 54 117 
39  1 55 77 
39  1 55 56 122 
39  1 49 57 111 
39  1 49 50 58 80 
39  1 51 59 116 
39  1 51 59 60 167 
39  1 53 61 119 
39  1 53 54 62 70 
39  1 55 63 55 
39  1 55 63 64 182 
40 39  1 47 
40 39  1  2 63 
40 39  1  3 142 
40 39  1  3  4 203 
40 39  1  5 185 
40 39  1  5  6 127 
40 39  1  7 66 
40 39  1  7  8 102 
40 39  1  9 90 
40 39  1  2 10 59 
40 39  1  3 11 156 
40 39  1  3  4 12 203 
40 39  1  5 13 163 
40 39  1  5  6 14 109 
40 39  1  7 15 68 
40 39  1  7  8 16 140 
40 39  1 17 59 
40 39  1 17 18 70 
40 39  1 19 130 
40 39  1 19 20 167 
40 39  1 21 165 
40 39  1 21 22 97 
40 39  1 23 66 
40 39  1 23 24 126 
40 39  1 17 25 64 
40 39  1 17 18 26 78 
40 39  1 19 27 137 
40 39  1 19 20 28 198 
40 39  1 21 29 138 
40 39  1 21 22 30 119 
40 39  1 23 31 73 
40 39  1 23 24 32 116 
40 39  1 33 66 
40 39  1 33 34 70 
40 39  1 35 130 
40 39  1 35 36 195 
40 39  1 37 165 
40 39  1 37 38 97 
40 39 74 
40 39  1 33 41 74 
40 39  1 33 41 42 84 
40 39  1 35 43 133 
40 39  1 35 36 44 154 
40 39  1 37 45 155 
40 39  1 37 45 46 114 
40 48 47 70 
40 48 139 
40 39  1 49 71 
40 39  1 49 50 63 
40 39  1 51 161 
40 39  1 51 52 196 
40 39  1 53 145 
40 39  1 53 54 101 
40 39  1 55 86 
40 39  1 55 56 110 
40 39  1 49 57 111 
40 39  1 49 50 58 81 
40 39  1 51 59 148 
40 39  1 51 59 60 140 
40 39  1 53 61 115 
40 39  1 53 54 62 73 
40 39  1 55 63 48 
40 39  1 55 63 64 194 
41 33  1 40 
41 33  1  2 53 
41 33  1  3 145 
41 33  1  3  4 191 
41 33  1  5 182 
41 33  1  5  6 126 
41 33  1  7 64 
41 33  1  7  8 95 
41 33  1  9 72 
41 33  1  2 10 74 
41 33  1  3 11 140 
41 33  1  3  4 12 173 
41 33  1  5 13 161 
41 33  1  5 13 14 114 
41 33  1  7 15 67 
41 33  1  7 15 16 144 
41 33  1 17 68 
41 33  1 17 18 76 
41 33  1 19 138 
41 33  1 19 20 185 
41 33  1 21 173 
41 33  1 21 22 98 
41 33  1 23 65 
41 33  1 23 24 145 
41 33  1 17 25 78 
41 33  1 17 18 26 62 
41 33  1 19 27 138 
41 33  1 19 27 28 201 
41 33  1 21 29 167 
41 33  1 21 29 30 95 
41 33  1 23 31 59 
41 33  1 23 24 32 125 
41 33 84 
41 42 34 67 
41 33  1 35 128 
41 33  1 35 36 215 
41 33  1 37 184 
41 33  1 37 38 110 
41 33  1 39 68 
41 33  1 39 40 131 
41 42 81 
41 33  1 35 43 157 
41 33  1 35 36 44 177 
41 33  1 37 45 179 
41 33  1 37 38 46 95 
41 33  1 39 47 85 
41 33  1 39 40 48 149 
41 33  1 49 72 
41 33  1 49 50 84 
41 33  1 51 144 
41 33  1 51 52 171 
41 33  1 53 169 
41 33  1 53 54 101 
41 33  1 55 68 
41 33  1 55 56 131 
41 33  1 49 57 96 
41 33  1 49 50 58 75 
41 33  1 51 59 121 
41 33  1 51 59 60 167 
41 33  1 53 61 112 
41 33  1 53 54 62 77 
41 33  1 55 63 68 
41 33  1 55 63 64 184 
42 34 33  1 51 
42 34 33  1  2 55 
42 34 33  1  3 177 
42 34 33  1  3  4 225 
42 34 33  1  5 164 
42 34 33  1  5  6 122 
42 34 33  1  7 74 
42 34 33  1  7  8 104 
42 34 33  1  9 66 
42 34 33  1  9 10 57 
42 34 33  1  3 11 162 
42 34 33  1  3  4 12 171 
42 34 33  1  5 13 195 
42 34 33  1  5  6 14 97 
42 34 33  1  7 15 66 
42 34 33  1  7  8 16 115 
42 34 33  1 17 62 
42 34 33  1 17 18 75 
42 34 33  1 19 135 
42 34 33  1 19 20 186 
42 34 33  1 21 162 
42 34 33  1 21 22 105 
42 34 33  1 23 71 
42 34 33  1 23 24 113 
42 34 33  1 17 25 57 
42 34 33  1 17 18 26 76 
42 34 33  1 19 27 162 
42 34 33  1 19 20 28 172 
42 34 33  1 21 29 154 
42 34 33  1 21 22 30 105 
42 34 33  1 23 31 76 
42 34 33  1 23 24 32 124 
42 34 33 64 
42 34 74 
42 34 33  1 35 163 
42 34 33  1 35 36 185 
42 34 33  1 37 157 
42 34 33  1 37 38 137 
42 34 33  1 39 67 
42 34 33  1 39 40 116 
42 41 68 
42 34 33  1 35 43 160 
42 34 33  1 35 36 44 195 
42 34 33  1 37 45 172 
42 34 33  1 37 38 46 113 
42 34 33  1 39 47 78 
42 34 33  1 39 40 48 131 
42 34 33  1 49 60 
42 34 33  1 49 50 69 
42 34 33  1 51 142 
42 34 33  1 51 52 183 
42 34 33  1 53 146 
42 34 33  1 53 54 107 
42 34 33  1 55 80 
42 34 33  1 55 56 142 
42 34 33  1 49 57 115 
42 34 33  1 49 50 58 78 
42 34 33  1 51 59 126 
42 34 33  1 51 59 60 162 
42 34 33  1 53 61 92 
42 34 33  1 53 54 62 71 
42 34 33  1 55 63 58 
42 34 33  1 55 63 64 166 
43 35  1 44 
43 35  1  2 78 
43 35  1  3 154 
43 35  1  3  4 209 
43 35  1  5 170 
43 35  1  5  6 124 
43 35  1  7 69 
43 35  1  7  8 84 
43 35  1  9 75 
43 35  1  9 10 66 
43 35  1  3 11 130 
43 35  1  3  4 12 184 
43 35  1  5 13 169 
43 35  1  5 13 14 76 
43 35  1  7 15 54 
43 35  1  7 15 16 133 
43 35  1 17 85 
43 35  1 17 18 75 
43 35  1 19 128 
43 35  1 19 20 172 
43 35  1 21 168 
43 35  1 21 22 91 
43 35  1 23 58 
43 35  1 23 24 95 
43 35  1 17 25 64 
43 35  1 17 18 26 71 
43 35  1 19 27 134 
43 35  1 19 20 28 182 
43 35  1 21 29 163 
43 35  1 21 22 30 105 
43 35  1 23 31 71 
43 35  1 23 24 32 115 
43 35  1 33 75 
43 35  1 33 34 75 
43 35 148 
43 44 36 204 
43 35  1 37 156 
43 35  1 37 38 112 
43 35  1 39 84 
43 35  1 39 40 133 
43 35  1 33 41 80 
43 35  1 33 41 42 70 
43 44 183 
43 35  1 37 45 160 
43 35  1 37 38 46 118 
43 35  1 39 47 73 
43 35  1 39 40 48 142 
43 35  1 49 70 
43 35  1 49 50 70 
43 35  1 51 148 
43 35  1 51 52 174 
43 35  1 53 138 
43 35  1 53 54 108 
43 35  1 55 72 
43 35  1 55 56 117 
43 35  1 49 57 95 
43 35  1 49 50 58 93 
43 35  1 51 59 115 
43 35  1 51 59 60 140 
43 35  1 53 61 111 
43 35  1 53 54 62 84 
43 35  1 55 63 71 
43 35  1 55 63 64 194 
44 36 35  1 32 
44 36 35  1  2 64 
44 36 35  1  3 169 
44 36 35  1  3  4 183 
44 36 35  1  5 202 
44 36 35  1  5  6 127 
44 36 35  1  7 67 
44 36 35  1  7  8 112 
44 36 35  1  9 73 
44 36 35  1  9 10 68 
44 36 35  1  3 11 127 
44 36 35  1  3  4 12 189 
44 36 35  1  5 13 171 
44 36 35  1  5  6 14 92 
44 36 35  1  7 15 58 
44 36 35  1  7 15 16 129 
44 36 35  1 17 78 
44 36 35  1 17 18 80 
44 36 35  1 19 123 
44 36 35  1 19 20 177 
44 36 35  1 21 169 
44 36 35  1 21 22 116 
44 36 35  1 23 70 
44 36 35  1 23 24 127 
44 36 35  1 17 25 52 
44 36 35  1 17 18 26 69 
44 36 35  1 19 27 160 
44 36 35  1 19 20 28 221 
44 36 35  1 21 29 153 
44 36 35  1 21 22 30 113 
44 36 35  1 23 31 73 
44 36 35  1 23 24 32 117 
44 36 35  1 33 78 
44 36 35  1 33 34 55 
44 36 35 152 
44 36 190 
44 36 35  1 37 160 
44 36 35  1 37 38 119 
44 36 35  1 39 87 
44 36 35  1 39 40 128 
44 36 35  1 33 41 66 
44 36 35  1 33 41 42 78 
44 43 158 
44 36 35  1 37 45 163 
44 36 35  1 37 38 46 120 
44 36 35  1 39 47 76 
44 36 35  1 39 40 48 135 
44 36 35  1 49 72 
44 36 35  1 49 50 68 
44 36 35  1 51 129 
44 36 35  1 51 52 202 
44 36 35  1 53 145 
44 36 35  1 53 54 112 
44 36 35  1 55 70 
44 36 35  1 55 56 119 
44 36 35  1 49 57 112 
44 36 35  1 49 50 58 84 
44 36 35  1 51 59 123 
44 36 35  1 51 59 60 148 
44 36 35  1 53 61 116 
44 36 35  1 53 54 62 72 
44 36 35  1 55 63 62 
44 36 35  1 55 63 64 165 
45 37  1 42 
45 37  1  2 57 
45 37  1  3 141 
45 37  1  3  4 206 
45 37  1  5 173 
45 37  1  5  6 131 
45 37  1  7 69 
45 37  1  7  8 119 
45 37  1  9 67 
45 37  1  9 10 79 
45 37  1  3 11 141 
45 37  1  3  4 12 182 
45 37  1  5 13 182 
45 37  1  5  6 14 85 
45 37  1  7 15 72 
45 37  1  7 15 16 127 
45 37  1 17 84 
45 37  1 17 18 56 
45 37  1 19 113 
45 37  1 19 20 185 
45 37  1 21 152 
45 37  1 21 22 103 
45 37  1 23 57 
45 37  1 23 24 129 
45 37  1 17 25 89 
45 37  1 17 18 26 72 
45 37  1 19 27 153 
45 37  1 19 20 28 178 
45 37  1 21 29 167 
45 37  1 21 22 30 91 
45 37  1 23 31 64 
45 37  1 23 24 32 130 
45 37  1 33 61 
45 37  1 33 34 55 
45 37  1 35 152 
45 37  1 35 36 205 
45 37 176 
45 46 38 112 
45 37  1 39 73 
45 37  1 39 40 120 
45 37  1 33 41 60 
45 37  1 33 41 42 76 
45 37  1 35 43 189 
45 37  1 35 36 44 188 
45 46 97 
45 37  1 39 47 71 
45 37  1 39 47 48 125 
45 37  1 49 93 
45 37  1 49 50 60 
45 37  1 51 128 
45 37  1 51 52 170 
45 37  1 53 162 
45 37  1 53 54 100 
45 37  1 55 64 
45 37  1 55 56 121 
45 37  1 49 57 120 
45 37  1 49 50 58 65 
45 37  1 51 59 108 
45 37  1 51 59 60 129 
45 37  1 53 61 121 
45 37  1 53 54 62 74 
45 37  1 55 63 53 
45 37  1 55 63 64 188 
46 38 37  1 47 
46 38 37  1  2 64 
46 38 37  1  3 152 
46 38 37  1  3  4 201 
46 38 37  1  5 158 
46 38 37  1  5  6 121 
46 38 37  1  7 68 
46 38 37  1  7  8 102 
46 38 37  1  9 72 
46 38 37  1  9 10 60 
46 38 37  1  3 11 148 
46 38 37  1  3  4 12 152 
46 38 37  1  5 13 155 
46 38 37  1  5  6 14 96 
46 38 37  1  7 15 60 
46 38 37  1  7 15 16 100 
46 38 37  1 17 67 
46 38 37  1 17 18 60 
46 38 37  1 19 136 
46 38 37  1 19 20 186 
46 38 37  1 21 155 
46 38 37  1 21 22 122 
46 38 37  1 23 60 
46 38 37  1 23 24 121 
46 38 37  1 17 25 70 
46 38 37  1 17 18 26 79 
46 38 37  1 19 27 136 
46 38 37  1 19 20 28 191 
46 38 37  1 21 29 173 
46 38 37  1 21 22 30 93 
46 38 37  1 23 31 77 
46 38 37  1 23 31 32 143 
46 38 37  1 33 64 
46 38 37  1 33 34 82 
46 38 37  1 35 162 
46 38 37  1 35 36 179 
46 38 37 179 
46 38 101 
46 38 37  1 39 67 
46 38 37  1 39 40 131 
46 38 37  1 33 41 81 
46 38 37  1 33 41 42 73 
46 38 37  1 35 43 137 
46 38 37  1 35 36 44 157 
46 45 161 
46 38 37  1 39 47 64 
46 38 37  1 39 40 48 139 
46 38 37  1 49 57 
46 38 37  1 49 50 62 
46 38 37  1 51 143 
46 38 37  1 51 52 164 
46 38 37  1 53 153 
46 38 37  1 53 54 105 
46 38 37  1 55 84 
46 38 37  1 55 56 111 
46 38 37  1 49 57 132 
46 38 37  1 49 57 58 82 
46 38 37  1 51 59 129 
46 38 37  1 51 59 60 145 
46 38 37  1 53 61 132 
46 38 37  1 53 54 62 69 
46 38 37  1 55 63 59 
46 38 37  1 55 63 64 159 
47 39  1 44 
47 39  1  2 68 
47 39  1  3 170 
47 39  1  3  4 232 
47 39  1  5 167 
47 39  1  5  6 133 
47 39  1  7 73 
47 39  1  7  8 87 
47 39  1  9 62 
47 39  1  9 10 60 
47 39  1  3 11 124 
47 39  1  3  4 12 165 
47 39  1  5 13 171 
47 39  1  5  6 14 93 
47 39  1  7 15 70 
47 39  1  7 15 16 99 
47 39  1 17 70 
47 39  1 17 18 65 
47 39  1 19 116 
47 39  1 19 20 188 
47 39  1 21 190 
47 39  1 21 22 114 
47 39  1 23 80 
47 39  1 23 24 139 
47 39  1 17 25 64 
47 39  1 17 25 26 68 
47 39  1 19 27 147 
47 39  1 19 20 28 185 
47 39  1 21 29 153 
47 39  1 21 22 30 108 
47 39  1 23 31 64 
47 39  1 23 24 32 144 
47 39  1 33 49 
47 39  1 33 34 74 
47 39  1 35 148 
47 39  1 35 36 192 
47 39  1 37 166 
47 39  1 37 38 102 
47 39 69 
47 48 40 114 
47 39  1 33 41 77 
47 39  1 33 41 42 74 
47 39  1 35 43 151 
47 39  1 35 36 44 177 
47 39  1 37 45 150 
47 39  1 37 45 46 91 
47 48 137 
47 39  1 49 71 
47 39  1 49 50 76 
47 39  1 51 140 
47 39  1 51 52 196 
47 39  1 53 133 
47 39  1 53 54 117 
47 39  1 55 60 
47 39  1 55 56 106 
47 39  1 49 57 102 
47 39  1 49 50 58 95 
47 39  1 51 59 95 
47 39  1 51 59 60 142 
47 39  1 53 61 101 
47 39  1 53 54 62 75 
47 39  1 55 63 52 
47 39  1 55 63 64 164 
48 40 39  1 37 
48 40 39  1  2 77 
48 40 39  1  3 169 
48 40 39  1  3  4 199 
48 40 39  1  5 162 
48 40 39  1  5  6 128 
48 40 39  1  7 57 
48 40 39  1  7  8 78 
48 40 39  1  9 66 
48 40 39  1  9 10 70 
48 40 39  1  3 11 144 
48 40 39  1  3  4 12 182 
48 40 39  1  5 13 161 
48 40 39  1  5 13 14 117 
48 40 39  1  7 15 79 
48 40 39  1  7  8 16 140 
48 40 39  1 17 69 
48 40 39  1 17 18 58 
48 40 39  1 19 146 
48 40 39  1 19 20 194 
48 40 39  1 21 163 
48 40 39  1 21 22 102 
48 40 39  1 23 68 
48 40 39  1 23 24 115 
48 40 39  1 17 25 74 
48 40 39  1 17 18 26 81 
48 40 39  1 19 27 164 
48 40 39  1 19 20 28 196 
48 40 39  1 21 29 149 
48 40 39  1 21 22 30 99 
48 40 39  1 23 31 82 
48 40 39  1 23 24 32 121 
48 40 39  1 33 90 
48 40 39  1 33 34 91 
48 40 39  1 35 144 
48 40 39  1 35 36 166 
48 40 39  1 37 171 
48 40 39  1 37 38 95 
48 40 39 71 
48 40 120 
48 40 39  1 33 41 84 
48 40 39  1 33 41 42 76 
48 40 39  1 35 43 159 
48 40 39  1 35 43 44 160 
48 40 39  1 37 45 172 
48 40 39  1 37 45 46 100 
48 47 84 
48 40 39  1 49 65 
48 40 39  1 49 50 68 
48 40 39  1 51 143 
48 40 39  1 51 52 186 
48 40 39  1 53 174 
48 40 39  1 53 54 101 
48 40 39  1 55 73 
48 40 39  1 55 56 122 
48 40 39  1 49 57 107 
48 40 39  1 49 50 58 80 
48 40 39  1 51 59 126 
48 40 39  1 51 59 60 160 
48 40 39  1 53 61 101 
48 40 39  1 53 54 62 79 
48 40 39  1 55 63 48 
48 40 39  1 55 63 64 202 
49  1 42 
49  1  2 59 
49  1  3 158 
49  1  3  4 188 
49  1  5 174 
49  1  5  6 143 
49  1  7 61 
49  1  7  8 96 
49  1  9 70 
49  1  9 10 56 
49  1  3 11 143 
49  1  3  4 12 209 
49  1  5 13 169 
49  1  5 13 14 95 
49  1  7 15 71 
49  1  7  8 16 115 
49  1 17 56 
49  1 17 18 69 
49  1 19 135 
49  1 19 20 179 
49  1 21 156 
49  1 21 22 92 
49  1 23 57 
49  1 23 24 114 
49  1 17 25 85 
49  1 17 18 26 68 
49  1 19 27 150 
49  1 19 20 28 201 
49  1 21 29 160 
49  1 21 22 30 102 
49  1 23 31 65 
49  1 23 24 32 133 
49  1 33 72 
49  1 33 34 82 
49  1 35 145 
49  1 35 36 187 
49  1 37 163 
49  1 37 38 95 
49  1 39 77 
49  1 39 40 131 
49  1 33 41 60 
49  1 33 41 42 78 
49  1 35 43 146 
49  1 35 36 44 173 
49  1 37 45 148 
49  1 37 45 46 104 
49  1 39 47 82 
49  1 39 47 48 124 
49 50 63 
49  1 51 122 
49  1 51 52 171 
49  1 53 165 
49  1 53 54 100 
49  1 55 58 
49  1 55 56 123 
49 57 141 
49 57 58 75 
49  1 51 59 117 
49  1 51 59 60 151 
49  1 53 61 103 
49  1 53 54 62 61 
49  1 55 63 58 
49  1 55 63 64 168 
50 49  1 49 
50 49  1  2 68 
50 49  1  3 152 
50 49  1  3  4 204 
50 49  1  5 173 
50 49  1  5  6 106 
50 49  1  7 80 
50 49  1  7  8 105 
50 49  1  9 65 
50 49  1  9 10 63 
50 49  1  3 11 155 
50 49  1  3  4 12 192 
50 49  1  5 13 174 
50 49  1  5 13 14 105 
50 49  1  7 15 62 
50 49  1  7  8 16 124 
50 49  1 17 59 
50 49  1 17 18 62 
50 49  1 19 147 
50 49  1 19 20 206 
50 49  1 21 161 
50 49  1 21 22 88 
50 49  1 23 75 
50 49  1 23 24 139 
50 49  1 17 25 80 
50 49  1 17 18 26 55 
50 49  1 19 27 137 
50 49  1 19 20 28 198 
50 49  1 21 29 150 
50 49  1 21 22 30 104 
50 49  1 23 31 57 
50 49  1 23 24 32 140 
50 49  1 33 70 
50 49  1 33 34 68 
50 49  1 35 135 
50 49  1 35 36 185 
50 49  1 37 169 
50 49  1 37 38 110 
50 49  1 39 74 
50 49  1 39 40 143 
50 49  1 33 41 72 
50 49  1 33 41 42 80 
50 49  1 35 43 148 
50 49  1 35 36 44 193 
50 49  1 37 45 157 
50 49  1 37 45 46 112 
50 49  1 39 47 59 
50 49  1 39 47 48 123 
50 49 71 
50 49  1 51 132 
50 49  1 51 52 168 
50 49  1 53 161 
50 49  1 53 54 120 
50 49  1 55 63 
50 49  1 55 56 126 
50 58 57 110 
50 58 84 
50 49  1 51 59 142 
50 49  1 51 59 60 147 
50 49  1 53 61 133 
50 49  1 53 54 62 66 
50 49  1 55 63 64 
50 49  1 55 63 64 156 
51  1 45 
51  1  2 62 
51  1  3 153 
51  1  3  4 201 
51  1  5 173 
51  1  5  6 142 
51  1  7 63 
51  1  7  8 105 
51  1  9 87 
51  1  9 10 75 
51  1  3 11 139 
51  1  3  4 12 177 
51  1  5 13 154 
51  1  5  6 14 95 
51  1  7 15 59 
51  1  7 15 16 121 
51  1 17 70 
51  1 17 18 74 
51  1 19 134 
51  1 19 20 192 
51  1 21 146 
51  1 21 22 104 
51  1 23 65 
51  1 23 24 120 
51  1 17 25 62 
51  1 17 18 26 67 
51  1 19 27 171 
51  1 19 20 28 197 
51  1 21 29 156 
51  1 21 22 30 99 
51  1 23 31 67 
51  1 23 24 32 128 
51  1 33 60 
51  1 33 34 74 
51  1 35 138 
51  1 35 36 200 
51  1 37 150 
51  1 37 38 122 
51  1 39 68 
51  1 39 40 134 
51  1 33 41 57 
51  1 33 41 42 72 
51  1 35 43 128 
51  1 35 36 44 190 
51  1 37 45 184 
51  1 37 45 46 104 
51  1 39 47 76 
51  1 39 47 48 124 
51  1 49 72 
51  1 49 50 76 
51 52 188 
51  1 53 135 
51  1 53 54 106 
51  1 55 67 
51  1 55 56 122 
51  1 49 57 115 
51  1 49 50 58 69 
51 59 92 
51 59 60 152 
51  1 53 61 107 
51  1 53 54 62 88 
51  1 55 63 61 
51  1 55 63 64 200 
52 51  1 41 
52 51  1  2 64 
52 51  1  3 172 
52 51  1  3  4 188 
52 51  1  5 174 
52 51  1  5  6 112 
52 51  1  7 64 
52 51  1  7  8 94 
52 51  1  9 56 
52 51  1  9 10 70 
52 51  1  3 11 128 
52 51  1  3  4 12 184 
52 51  1  5 13 163 
52 51  1  5  6 14 110 
52 51  1  7 15 71 
52 51  1  7 15 16 117 
52 51  1 17 60 
52 51  1 17 18 68 
52 51  1 19 133 
52 51  1 19 20 189 
52 51  1 21 156 
52 51  1 21 22 99 
52 51  1 23 60 
52 51  1 23 24 136 
52 51  1 17 25 62 
52 51  1 17 25 26 73 
52 51  1 19 27 135 
52 51  1 19 20 28 182 
52 51  1 21 29 166 
52 51  1 21 22 30 90 
52 51  1 23 31 63 
52 51  1 23 24 32 145 
52 51  1 33 67 
52 51  1 33 34 69 
52 51  1 35 150 
52 51  1 35 36 160 
52 51  1 37 164 
52 51  1 37 38 98 
52 51  1 39 69 
52 51  1 39 40 144 
52 51  1 33 41 69 
52 51  1 33 41 42 76 
52 51  1 35 43 147 
52 51  1 35 36 44 166 
52 51  1 37 45 150 
52 51  1 37 45 46 101 
52 51  1 39 47 53 
52 51  1 39 40 48 124 
52 51  1 49 68 
52 51  1 49 50 74 
52 51 127 
52 51  1 53 135 
52 51  1 53 54 98 
52 51  1 55 76 
52 51  1 55 56 120 
52 51  1 49 57 119 
52 51  1 49 50 58 77 
52 60 59 133 
52 60 152 
52 51  1 53 61 110 
52 51  1 53 54 62 85 
52 51  1 55 63 60 
52 51  1 55 63 64 160 
53  1 41 
53  1  2 62 
53  1  3 136 
53  1  3  4 206 
53  1  5 146 
53  1  5  6 138 
53  1  7 66 
53  1  7  8 94 
53  1  9 74 
53  1  9 10 79 
53  1  3 11 146 
53  1  3  4 12 190 
53  1  5 13 154 
53  1  5  6 14 92 
53  1  7 15 71 
53  1  7  8 16 126 
53  1 17 72 
53  1 17 18 67 
53  1 19 152 
53  1 19 20 197 
53  1 21 167 
53  1 21 22 93 
53  1 23 73 
53  1 23 24 100 
53  1 17 25 75 
53  1 17 25 26 78 
53  1 19 27 155 
53  1 19 20 28 172 
53  1 21 29 169 
53  1 21 22 30 116 
53  1 23 31 69 
53  1 23 24 32 136 
53  1 33 68 
53  1 33 34 85 
53  1 35 158 
53  1 35 36 167 
53  1 37 153 
53  1 37 38 110 
53  1 39 78 
53  1 39 40 150 
53  1 33 41 83 
53  1 33 41 42 85 
53  1 35 43 159 
53  1 35 36 44 182 
53  1 37 45 173 
53  1 37 45 46 103 
53  1 39 47 81 
53  1 39 40 48 126 
53  1 49 67 
53  1 49 50 65 
53  1 51 139 
53  1 51 52 183 
53 54 93 
53  1 55 54 
53  1 55 56 137 
53  1 49 57 110 
53  1 49 50 58 75 
53  1 51 59 108 
53  1 51 59 60 148 
53 61 106 
53 61 62 79 
53  1 55 63 78 
53  1 55 63 64 193 
54 53  1 42 
54 53  1  2 86 
54 53  1  3 149 
54 53  1  3  4 199 
54 53  1  5 157 
54 53  1  5  6 119 
54 53  1  7 60 
54 53  1  7  8 85 
54 53  1  9 73 
54 53  1  9 10 73 
54 53  1  3 11 128 
54 53  1  3  4 12 177 
54 53  1  5 13 156 
54 53  1  5  6 14 101 
54 53  1  7 15 58 
54 53  1  7 15 16 110 
54 53  1 17 58 
54 53  1 17 18 72 
54 53  1 19 137 
54 53  1 19 20 188 
54 53  1 21 148 
54 53  1 21 22 108 
54 53  1 23 56 
54 53  1 23 24 120 
54 53  1 17 25 64 
54 53  1 17 25 26 70 
54 53  1 19 27 151 
54 53  1 19 20 28 195 
54 53  1 21 29 162 
54 53  1 21 22 30 104 
54 53  1 23 31 87 
54 53  1 23 24 32 125 
54 53  1 33 57 
54 53  1 33 34 70 
54 53  1 35 138 
54 53  1 35 36 178 
54 53  1 37 154 
54 53  1 37 38 126 
54 53  1 39 62 
54 53  1 39 40 118 
54 53  1 33 41 62 
54 53  1 33 41 42 65 
54 53  1 35 43 145 
54 53  1 35 36 44 165 
54 53  1 37 45 177 
54 53  1 37 45 46 99 
54 53  1 39 47 62 
54 53  1 39 47 48 138 
54 53  1 49 71 
54 53  1 49 50 67 
54 53  1 51 152 
54 53  1 51 52 202 
54 53 156 
54 53  1 55 69 
54 53  1 55 56 130 
54 53  1 49 57 92 
54 53  1 49 50 58 90 
54 53  1 51 59 114 
54 53  1 51 59 60 143 
54 62 61 96 
54 62 55 
54 53  1 55 63 54 
54 53  1 55 63 64 203 
55  1 47 
55  1  2 74 
55  1  3 158 
55  1  3  4 205 
55  1  5 172 
55  1  5  6 117 
55  1  7 70 
55  1  7  8 120 
55  1  9 84 
55  1  9 10 77 
55  1  3 11 151 
55  1  3  4 12 195 
55  1  5 13 157 
55  1  5  6 14 96 
55  1  7 15 56 
55  1  7  8 16 116 
55  1 17 68 
55  1 17 18 59 
55  1 19 151 
55  1 19 20 186 
55  1 21 169 
55  1 21 22 118 
55  1 23 64 
55  1 23 24 115 
55  1 17 25 91 
55  1 17 25 26 67 
55  1 19 27 153 
55  1 19 20 28 196 
55  1 21 29 148 
55  1 21 22 30 102 
55  1 23 31 73 
55  1 23 31 32 137 
55  1 33 83 
55  1 33 34 88 
55  1 35 141 
55  1 35 36 217 
55  1 37 163 
55  1 37 38 130 
55  1 39 78 
55  1 39 40 119 
55  1 33 41 70 
55  1 33 41 42 89 
55  1 35 43 155 
55  1 35 36 44 194 
55  1 37 45 173 
55  1 37 45 46 119 
55  1 39 47 78 
55  1 39 40 48 138 
55  1 49 67 
55  1 49 50 64 
55  1 51 139 
55  1 51 52 174 
55  1 53 142 
55  1 53 54 108 
55 56 118 
55  1 49 57 112 
55  1 49 50 58 84 
55  1 51 59 131 
55  1 51 59 60 143 
55  1 53 61 104 
55  1 53 54 62 76 
55 63 57 
55 63 64 198 
56 55  1 42 
56 55  1  2 64 
56 55  1  3 150 
56 55  1  3  4 213 
56 55  1  5 162 
56 55  1  5  6 113 
56 55  1  7 68 
56 55  1  7  8 99 
56 55  1  9 61 
56 55  1  9 10 77 
56 55  1  3 11 150 
56 55  1  3  4 12 163 
56 55  1  5 13 174 
56 55  1  5  6 14 102 
56 55  1  7 15 66 
56 55  1  7  8 16 116 
56 55  1 17 68 
56 55  1 17 18 62 
56 55  1 19 140 
56 55  1 19 20 184 
56 55  1 21 155 
56 55  1 21 22 106 
56 55  1 23 60 
56 55  1 23 24 136 
56 55  1 17 25 78 
56 55  1 17 25 26 65 
56 55  1 19 27 151 
56 55  1 19 20 28 204 
56 55  1 21 29 160 
56 55  1 21 29 30 105 
56 55  1 23 31 77 
56 55  1 23 31 32 111 
56 55  1 33 68 
56 55  1 33 34 80 
56 55  1 35 136 
56 55  1 35 36 180 
56 55  1 37 174 
56 55  1 37 38 107 
56 55  1 39 68 
56 55  1 39 40 126 
56 55  1 33 41 71 
56 55  1 33 41 42 71 
56 55  1 35 43 149 
56 55  1 35 36 44 218 
56 55  1 37 45 148 
56 55  1 37 45 46 119 
56 55  1 39 47 58 
56 55  1 39 47 48 128 
56 55  1 49 56 
56 55  1 49 50 76 
56 55  1 51 146 
56 55  1 51 52 173 
56 55  1 53 158 
56 55  1 53 54 98 
56 55 61 
56 55  1 49 57 122 
56 55  1 49 50 58 81 
56 55  1 51 59 121 
56 55  1 51 59 60 161 
56 55  1 53 61 112 
56 55  1 53 54 62 97 
56 64 63 49 
56 64 181 
57 49  1 46 
57 49  1  2 75 
57 49  1  3 158 
57 49  1  3  4 205 
57 49  1  5 155 
57 49  1  5  6 128 
57 49  1  7 72 
57 49  1  7  8 99 
57 49  1  9 84 
57 49  1  9 10 65 
57 49  1  3 11 149 
57 49  1  3  4 12 148 
57 49  1  5 13 155 
57 49  1  5  6 14 102 
57 49  1  7 15 74 
57 49  1  7  8 16 115 
57 49  1 17 72 
57 49  1 17 18 69 
57 49  1 19 139 
57 49  1 19 20 188 
57 49  1 21 137 
57 49  1 21 22 94 
57 49  1 23 85 
57 49  1 23 24 115 
57 49  1 17 25 71 
57 49  1 17 25 26 71 
57 49  1 19 27 137 
57 49  1 19 20 28 181 
57 49  1 21 29 166 
57 49  1 21 22 30 108 
57 49  1 23 31 76 
57 49  1 23 31 32 124 
57 49  1 33 63 
57 49  1 33 34 69 
57 49  1 35 137 
57 49  1 35 36 157 
57 49  1 37 166 
57 49  1 37 38 98 
57 49  1 39 80 
57 49  1 39 40 132 
57 49  1 33 41 73 
57 49  1 33 41 42 69 
57 49  1 35 43 158 
57 49  1 35 36 44 187 
57 49  1 37 45 173 
57 49  1 37 45 46 96 
57 49  1 39 47 84 
57 49  1 39 40 48 131 
57 49 75 
57 58 50 63 
57 49  1 51 172 
57 49  1 51 52 192 
57 49  1 53 150 
57 49  1 53 54 106 
57 49  1 55 82 
57 49  1 55 56 110 
57 58 76 
57 49  1 51 59 99 
57 49  1 51 59 60 154 
57 49  1 53 61 118 
57 49  1 53 54 62 69 
57 49  1 55 63 56 
57 49  1 55 63 64 168 
58 57 49  1 42 
58 57 49  1  2 83 
58 57 49  1  3 181 
58 57 49  1  3  4 193 
58 57 49  1  5 179 
58 57 49  1  5  6 114 
58 57 49  1  7 68 
58 57 49  1  7  8 121 
58 57 49  1  9 75 
58 57 49  1  9 10 68 
58 57 49  1  3 11 131 
58 57 49  1  3  4 12 165 
58 57 49  1  5 13 174 
58 57 49  1  5 13 14 81 
58 57 49  1  7 15 68 
58 57 49  1  7  8 16 133 
58 57 49  1 17 61 
58 57 49  1 17 18 62 
58 57 49  1 19 114 
58 57 49  1 19 20 194 
58 57 49  1 21 155 
58 57 49  1 21 22 104 
58 57 49  1 23 86 
58 57 49  1 23 24 118 
58 57 49  1 17 25 82 
58 57 49  1 17 25 26 68 
58 57 49  1 19 27 144 
58 57 49  1 19 20 28 183 
58 57 49  1 21 29 150 
58 57 49  1 21 22 30 101 
58 57 49  1 23 31 62 
58 57 49  1 23 31 32 128 
58 57 49  1 33 76 
58 57 49  1 33 34 67 
58 57 49  1 35 144 
58 57 49  1 35 36 178 
58 57 49  1 37 155 
58 57 49  1 37 38 107 
58 57 49  1 39 68 
58 57 49  1 39 40 124 
58 57 49  1 33 41 79 
58 57 49  1 33 41 42 68 
58 57 49  1 35 43 132 
58 57 49  1 35 36 44 142 
58 57 49  1 37 45 159 
58 57 49  1 37 45 46 116 
58 57 49  1 39 47 63 
58 57 49  1 39 40 48 116 
58 57 49 72 
58 50 68 
58 57 49  1 51 132 
58 57 49  1 51 52 186 
58 57 49  1 53 146 
58 57 49  1 53 54 95 
58 57 49  1 55 61 
58 57 49  1 55 56 128 
58 57 117 
58 57 49  1 51 59 112 
58 57 49  1 51 59 60 155 
58 57 49  1 53 61 117 
58 57 49  1 53 54 62 88 
58 57 49  1 55 63 53 
58 57 49  1 55 63 64 184 
59 51  1 55 
59 51  1  2 57 
59 51  1  3 176 
59 51  1  3  4 161 
59 51  1  5 180 
59 51  1  5  6 118 
59 51  1  7 53 
59 51  1  7  8 101 
59 51  1  9 84 
59 51  1  9 10 72 
59 51  1  3 11 132 
59 51  1  3  4 12 173 
59 51  1  5 13 164 
59 51  1  5  6 14 97 
59 51  1  7 15 65 
59 51  1  7  8 16 124 
59 51  1 17 71 
59 51  1 17 18 59 
59 51  1 19 105 
59 51  1 19 20 153 
59 51  1 21 162 
59 51  1 21 22 110 
59 51  1 23 62 
59 51  1 23 24 102 
59 51  1 17 25 68 
59 51  1 17 25 26 69 
59 51  1 19 27 142 
59 51  1 19 20 28 193 
59 51  1 21 29 173 
59 51  1 21 22 30 123 
59 51  1 23 31 68 
59 51  1 23 31 32 118 
59 51  1 33 54 
59 51  1 33 34 86 
59 51  1 35 130 
59 51  1 35 36 175 
59 51  1 37 169 
59 51  1 37 38 104 
59 51  1 39 84 
59 51  1 39 40 135 
59 51  1 33 41 78 
59 51  1 33 41 42 67 
59 51  1 35 43 139 
59 51  1 35 36 44 178 
59 51  1 37 45 168 
59 51  1 37 45 46 99 
59 51  1 39 47 73 
59 51  1 39 40 48 125 
59 51  1 49 67 
59 51  1 49 50 61 
59 51 127 
59 60 52 199 
59 51  1 53 151 
59 51  1 53 54 106 
59 51  1 55 69 
59 51  1 55 56 111 
59 51  1 49 57 99 
59 51  1 49 50 58 65 
59 60 134 
59 51  1 53 61 142 
59 51  1 53 54 62 76 
59 51  1 55 63 55 
59 51  1 55 63 64 174 
60 59 51  1 38 
60 59 51  1  2 66 
60 59 51  1  3 154 
60 59 51  1  3  4 184 
60 59 51  1  5 193 
60 59 51  1  5  6 108 
60 59 51  1  7 71 
60 59 51  1  7  8 99 
60 59 51  1  9 69 
60 59 51  1  9 10 76 
60 59 51  1  3 11 138 
60 59 51  1  3  4 12 174 
60 59 51  1  5 13 135 
60 59 51  1  5  6 14 114 
60 59 51  1  7 15 66 
60 59 51  1  7 15 16 120 
60 59 51  1 17 69 
60 59 51  1 17 18 70 
60 59 51  1 19 137 
60 59 51  1 19 20 185 
60 59 51  1 21 148 
60 59 51  1 21 22 114 
60 59 51  1 23 70 
60 59 51  1 23 24 125 
60 59 51  1 17 25 61 
60 59 51  1 17 25 26 68 
60 59 51  1 19 27 132 
60 59 51  1 19 20 28 202 
60 59 51  1 21 29 189 
60 59 51  1 21 22 30 115 
60 59 51  1 23 31 76 
60 59 51  1 23 31 32 126 
60 59 51  1 33 65 
60 59 51  1 33 34 65 
60 59 51  1 35 136 
60 59 51  1 35 36 204 
60 59 51  1 37 158 
60 59 51  1 37 38 91 
60 59 51  1 39 68 
60 59 51  1 39 40 107 
60 59 51  1 33 41 78 
60 59 51  1 33 41 42 65 
60 59 51  1 35 43 138 
60 59 51  1 35 36 44 186 
60 59 51  1 37 45 155 
60 59 51  1 37 45 46 93 
60 59 51  1 39 47 69 
60 59 51  1 39 40 48 112 
60 59 51  1 49 82 
60 59 51  1 49 50 76 
60 59 51 164 
60 52 176 
60 59 51  1 53 158 
60 59 51  1 53 54 100 
60 59 51  1 55 83 
60 59 51  1 55 56 141 
60 59 51  1 49 57 104 
60 59 51  1 49 50 58 77 
60 59 122 
60 59 51  1 53 61 123 
60 59 51  1 53 54 62 73 
60 59 51  1 55 63 55 
60 59 51  1 55 63 64 171 
61 53  1 59 
61 53  1  2 69 
61 53  1  3 150 
61 53  1  3  4 204 
61 53  1  5 160 
61 53  1  5  6 132 
61 53  1  7 68 
61 53  1  7  8 89 
61 53  1  9 82 
61 53  1  9 10 53 
61 53  1  3 11 128 
61 53  1  3  4 12 192 
61 53  1  5 13 166 
61 53  1  5  6 14 100 
61 53  1  7 15 58 
61 53  1  7  8 16 108 
61 53  1 17 58 
61 53  1 17 18 76 
61 53  1 19 135 
61 53  1 19 20 191 
61 53  1 21 167 
61 53  1 21 22 107 
61 53  1 23 66 
61 53  1 23 24 141 
61 53  1 17 25 72 
61 53  1 17 25 26 62 
61 53  1 19 27 159 
61 53  1 19 20 28 195 
61 53  1 21 29 127 
61 53  1 21 22 30 109 
61 53  1 23 31 56 
61 53  1 23 31 32 146 
61 53  1 33 80 
61 53  1 33 34 77 
61 53  1 35 127 
61 53  1 35 36 197 
61 53  1 37 169 
61 53  1 37 38 134 
61 53  1 39 71 
61 53  1 39 40 122 
61 53  1 33 41 83 
61 53  1 33 41 42 74 
61 53  1 35 43 137 
61 53  1 35 36 44 178 
61 53  1 37 45 140 
61 53  1 37 45 46 111 
61 53  1 39 47 73 
61 53  1 39 40 48 140 
61 53  1 49 69 
61 53  1 49 50 68 
61 53  1 51 133 
61 53  1 51 52 178 
61 53 164 
61 62 54 101 
61 53  1 55 70 
61 53  1 55 56 117 
61 53  1 49 57 110 
61 53  1 49 50 58 71 
61 53  1 51 59 121 
61 53  1 51 59 60 126 
61 62 63 
61 53  1 55 63 60 
61 53  1 55 63 64 189 
62 61 53  1 52 
62 61 53  1  2 63 
62 61 53  1  3 153 
62 61 53  1  3  4 211 
62 61 53  1  5 180 
62 61 53  1  5  6 102 
62 61 53  1  7 68 
62 61 53  1  7  8 104 
62 61 53  1  9 85 
62 61 53  1  9 10 68 
62 61 53  1  3 11 126 
62 61 53  1  3  4 12 175 
62 61 53  1  5 13 187 
62 61 53  1  5  6 14 96 
62 61 53  1  7 15 64 
62 61 53  1  7 15 16 122 
62 61 53  1 17 72 
62 61 53  1 17 18 76 
62 61 53  1 19 143 
62 61 53  1 19 20 160 
62 61 53  1 21 161 
62 61 53  1 21 22 106 
62 61 53  1 23 58 
62 61 53  1 23 24 115 
62 61 53  1 17 25 56 
62 61 53  1 17 25 26 63 
62 61 53  1 19 27 136 
62 61 53  1 19 20 28 173 
62 61 53  1 21 29 161 
62 61 53  1 21 22 30 109 
62 61 53  1 23 31 73 
62 61 53  1 23 31 32 117 
62 61 53  1 33 73 
62 61 53  1 33 34 64 
62 61 53  1 35 162 
62 61 53  1 35 36 182 
62 61 53  1 37 187 
62 61 53  1 37 38 112 
62 61 53  1 39 74 
62 61 53  1 39 40 136 
62 61 53  1 33 41 63 
62 61 53  1 33 41 42 64 
62 61 53  1 35 43 139 
62 61 53  1 35 36 44 182 
62 61 53  1 37 45 161 
62 61 53  1 37 45 46 94 
62 61 53  1 39 47 74 
62 61 53  1 39 47 48 132 
62 61 53  1 49 80 
62 61 53  1 49 50 88 
62 61 53  1 51 139 
62 61 53  1 51 52 198 
62 61 53 173 
62 54 107 
62 61 53  1 55 75 
62 61 53  1 55 56 100 
62 61 53  1 49 57 102 
62 61 53  1 49 50 58 83 
62 61 53  1 51 59 108 
62 61 53  1 51 59 60 132 
62 61 114 
62 61 53  1 55 63 48 
62 61 53  1 55 63 64 173 
63 55  1 42 
63 55  1  2 81 
63 55  1  3 164 
63 55  1  3  4 226 
63 55  1  5 170 
63 55  1  5  6 117 
63 55  1  7 58 
63 55  1  7  8 86 
63 55  1  9 83 
63 55  1  9 10 63 
63 55  1  3 11 150 
63 55  1  3  4 12 188 
63 55  1  5 13 167 
63 55  1  5 13 14 92 
63 55  1  7 15 69 
63 55  1  7  8 16 121 
63 55  1 17 64 
63 55  1 17 18 49 
63 55  1 19 121 
63 55  1 19 20 214 
63 55  1 21 181 
63 55  1 21 22 97 
63 55  1 23 60 
63 55  1 23 24 132 
63 55  1 17 25 76 
63 55  1 17 25 26 73 
63 55  1 19 27 143 
63 55  1 19 20 28 178 
63 55  1 21 29 166 
63 55  1 21 22 30 96 
63 55  1 23 31 66 
63 55  1 23 31 32 148 
63 55  1 33 68 
63 55  1 33 34 77 
63 55  1 35 143 
63 55  1 35 36 194 
63 55  1 37 165 
63 55  1 37 38 124 
63 55  1 39 72 
63 55  1 39 40 123 
63 55  1 33 41 72 
63 55  1 33 41 42 68 
63 55  1 35 43 156 
63 55  1 35 36 44 211 
63 55  1 37 45 179 
63 55  1 37 45 46 110 
63 55  1 39 47 65 
63 55  1 39 40 48 119 
63 55  1 49 73 
63 55  1 49 50 73 
63 55  1 51 133 
63 55  1 51 52 179 
63 55  1 53 168 
63 55  1 53 54 105 
63 55 75 
63 64 56 128 
63 55  1 49 57 94 
63 55  1 49 50 58 78 
63 55  1 51 59 100 
63 55  1 51 59 60 140 
63 55  1 53 61 109 
63 55  1 53 54 62 68 
63 64 162 
64 63 55  1 40 
64 63 55  1  2 58 
64 63 55  1  3 161 
64 63 55  1  3  4 210 
64 63 55  1  5 180 
64 63 55  1  5  6 120 
64 63 55  1  7 61 
64 63 55  1  7  8 105 
64 63 55  1  9 64 
64 63 55  1  9 10 76 
64 63 55  1  3 11 130 
64 63 55  1  3  4 12 183 
64 63 55  1  5 13 167 
64 63 55  1  5  6 14 94 
64 63 55  1  7 15 55 
64 63 55  1  7  8 16 115 
64 63 55  1 17 66 
64 63 55  1 17 18 74 
64 63 55  1 19 131 
64 63 55  1 19 20 175 
64 63 55  1 21 162 
64 63 55  1 21 22 109 
64 63 55  1 23 72 
64 63 55  1 23 24 128 
64 63 55  1 17 25 62 
64 63 55  1 17 25 26 60 
64 63 55  1 19 27 130 
64 63 55  1 19 20 28 188 
64 63 55  1 21 29 145 
64 63 55  1 21 22 30 108 
64 63 55  1 23 31 58 
64 63 55  1 23 31 32 112 
64 63 55  1 33 69 
64 63 55  1 33 34 69 
64 63 55  1 35 140 
64 63 55  1 35 36 193 
64 63 55  1 37 167 
64 63 55  1 37 38 99 
64 63 55  1 39 76 
64 63 55  1 39 40 129 
64 63 55  1 33 41 76 
64 63 55  1 33 41 42 69 
64 63 55  1 35 43 167 
64 63 55  1 35 36 44 180 
64 63 55  1 37 45 176 
64 63 55  1 37 45 46 104 
64 63 55  1 39 47 78 
64 63 55  1 39 40 48 128 
64 63 55  1 49 68 
64 63 55  1 49 50 74 
64 63 55  1 51 148 
64 63 55  1 51 52 188 
64 63 55  1 53 156 
64 63 55  1 53 54 111 
64 63 55 68 
64 56 115 
64 63 55  1 49 57 107 
64 63 55  1 49 50 58 73 
64 63 55  1 51 59 99 
64 63 55  1 51 59 60 126 
64 63 55  1 53 61 117 
64 63 55  1 53 54 62 85 
64 63 57 
