1    6886
2    -129
3    -118
4    -116
5    -114
6    -121
7    -102
8    -115
9    -106
10    -91
11    -105
12    -123
13    -107
14    -109
15    -90
16    -111
17    -63
18    -64
19    -137
20    -132
21    -125
22    -102
23    -83
24    -112
25    -93
26    -100
27    -116
28    -130
29    -117
30    -124
31    -95
32    -126
33    -121
34    -123
35    -112
36    -121
37    -103
38    -118
39    -93
40    -102
41    -101
42    -120
43    -110
44    -116
45    -94
46    -105
47    -148
48    -133
49    -93
50    -106
51    -133
52    -119
53    -116
54    -95
55    -101
56    -118
57    -106
58    -79
59    -126
60    -111
61    -85
62    -88
63    -92
64    -122
t;SUPP2
1    -123
2    7019
3    -114
4    -116
5    -118
6    -126
7    -104
8    -132
9    -119
10    -95
11    -125
12    -112
13    -119
14    -110
15    -103
16    -126
17    -81
18    -84
19    -125
20    -125
21    -116
22    -98
23    -92
24    -136
25    -109
26    -94
27    -122
28    -122
29    -100
30    -99
31    -104
32    -116
33    -126
34    -105
35    -114
36    -121
37    -110
38    -108
39    -124
40    -118
41    -116
42    -115
43    -104
44    -136
45    -127
46    -113
47    -107
48    -122
49    -81
50    -92
51    -123
52    -127
53    -91
54    -131
55    -101
56    -124
57    -89
58    -86
59    -114
60    -119
61    -109
62    -94
63    -89
64    -118
t;SUPP3
1    -127
2    -126
3    6767
4    -120
5    -122
6    -87
7    -114
8    -98
9    -115
10    -100
11    -115
12    -112
13    -89
14    -90
15    -79
16    -105
17    -82
18    -84
19    -113
20    -107
21    -124
22    -97
23    -78
24    -115
25    -114
26    -111
27    -94
28    -117
29    -135
30    -97
31    -117
32    -119
33    -101
34    -128
35    -115
36    -124
37    -111
38    -89
39    -110
40    -116
41    -114
42    -116
43    -103
44    -121
45    -116
46    -111
47    -114
48    -127
49    -126
50    -104
51    -98
52    -117
53    -119
54    -118
55    -80
56    -103
57    -99
58    -91
59    -73
60    -115
61    -99
62    -82
63    -86
64    -138
t;SUPP4
1    -105
2    -97
3    -112
4    6908
5    -116
6    -126
7    -98
8    -100
9    -103
10    -104
11    -116
12    -113
13    -127
14    -110
15    -94
16    -124
17    -76
18    -94
19    -111
20    -114
21    -118
22    -98
23    -96
24    -116
25    -108
26    -111
27    -118
28    -119
29    -103
30    -111
31    -100
32    -114
33    -114
34    -117
35    -124
36    -133
37    -127
38    -111
39    -122
40    -101
41    -133
42    -138
43    -115
44    -99
45    -113
46    -122
47    -108
48    -125
49    -95
50    -99
51    -116
52    -145
53    -127
54    -102
55    -99
56    -107
57    -107
58    -75
59    -105
60    -111
61    -113
62    -64
63    -81
64    -108
t;SUPP5
1    -102
2    -127
3    -131
4    -99
5    6994
6    -119
7    -113
8    -114
9    -94
10    -93
11    -107
12    -121
13    -128
14    -110
15    -100
16    -144
17    -92
18    -82
19    -115
20    -128
21    -117
22    -111
23    -85
24    -110
25    -103
26    -109
27    -124
28    -108
29    -143
30    -126
31    -96
32    -127
33    -116
34    -102
35    -126
36    -134
37    -106
38    -111
39    -126
40    -108
41    -125
42    -119
43    -105
44    -108
45    -121
46    -129
47    -116
48    -104
49    -101
50    -113
51    -101
52    -118
53    -133
54    -108
55    -97
56    -99
57    -91
58    -74
59    -112
60    -110
61    -93
62    -84
63    -86
64    -140
t;SUPP6
1    -121
2    -107
3    -130
4    -130
5    -112
6    6928
7    -111
8    -112
9    -96
10    -99
11    -126
12    -117
13    -126
14    -110
15    -85
16    -123
17    -75
18    -80
19    -111
20    -119
21    -115
22    -93
23    -81
24    -125
25    -95
26    -92
27    -110
28    -106
29    -130
30    -125
31    -109
32    -128
33    -108
34    -131
35    -129
36    -119
37    -115
38    -105
39    -108
40    -130
41    -135
42    -114
43    -110
44    -140
45    -108
46    -114
47    -111
48    -97
49    -112
50    -115
51    -108
52    -107
53    -123
54    -96
55    -112
56    -126
57    -92
58    -84
59    -86
60    -113
61    -99
62    -69
63    -86
64    -127
t;SUPP7
1    -131
2    -141
3    -112
4    -110
5    -116
6    -108
7    7007
8    -122
9    -106
10    -117
11    -114
12    -99
13    -130
14    -102
15    -91
16    -128
17    -100
18    -91
19    -114
20    -113
21    -110
22    -104
23    -84
24    -119
25    -96
26    -100
27    -124
28    -121
29    -95
30    -112
31    -119
32    -122
33    -124
34    -124
35    -129
36    -104
37    -130
38    -115
39    -110
40    -109
41    -121
42    -89
43    -118
44    -121
45    -124
46    -117
47    -120
48    -117
49    -92
50    -100
51    -133
52    -116
53    -124
54    -117
55    -100
56    -116
57    -95
58    -83
59    -104
60    -95
61    -106
62    -90
63    -104
64    -109
t;SUPP8
1    -117
2    -133
3    -116
4    -114
5    -102
6    -102
7    -101
8    6885
9    -96
10    -94
11    -124
12    -129
13    -102
14    -109
15    -104
16    -115
17    -93
18    -90
19    -111
20    -105
21    -108
22    -108
23    -85
24    -107
25    -94
26    -123
27    -123
28    -131
29    -94
30    -129
31    -132
32    -101
33    -112
34    -122
35    -112
36    -113
37    -120
38    -131
39    -142
40    -124
41    -125
42    -108
43    -120
44    -116
45    -122
46    -103
47    -131
48    -100
49    -106
50    -100
51    -117
52    -105
53    -111
54    -104
55    -90
56    -126
57    -94
58    -79
59    -94
60    -93
61    -83
62    -76
63    -85
64    -129
t;SUPP9
1    -118
2    -109
3    -125
4    -117
5    -120
6    -111
7    -112
8    -105
9    7038
10    -96
11    -122
12    -109
13    -130
14    -132
15    -91
16    -116
17    -88
18    -72
19    -106
20    -114
21    -130
22    -116
23    -88
24    -129
25    -118
26    -108
27    -116
28    -119
29    -126
30    -132
31    -109
32    -114
33    -114
34    -130
35    -119
36    -158
37    -122
38    -127
39    -119
40    -113
41    -102
42    -117
43    -116
44    -120
45    -117
46    -144
47    -121
48    -116
49    -92
50    -96
51    -116
52    -103
53    -119
54    -97
55    -96
56    -109
57    -104
58    -66
59    -99
60    -106
61    -102
62    -85
63    -87
64    -108
t;SUPP10
1    -107
2    -111
3    -123
4    -105
5    -135
6    -111
7    -105
8    -130
9    -94
10    6847
11    -119
12    -115
13    -114
14    -111
15    -80
16    -124
17    -84
18    -84
19    -112
20    -126
21    -130
22    -100
23    -80
24    -101
25    -106
26    -99
27    -133
28    -113
29    -109
30    -136
31    -122
32    -105
33    -111
34    -103
35    -104
36    -106
37    -121
38    -134
39    -108
40    -125
41    -104
42    -116
43    -111
44    -115
45    -100
46    -108
47    -149
48    -122
49    -129
50    -92
51    -107
52    -113
53    -118
54    -111
55    -104
56    -122
57    -76
58    -78
59    -86
60    -104
61    -87
62    -79
63    -68
64    -112
t;SUPP11
1    -120
2    -116
3    -105
4    -123
5    -132
6    -116
7    -125
8    -129
9    -117
10    -102
11    6899
12    -88
13    -112
14    -108
15    -81
16    -122
17    -78
18    -74
19    -129
20    -100
21    -126
22    -84
23    -74
24    -137
25    -102
26    -121
27    -99
28    -116
29    -136
30    -107
31    -110
32    -116
33    -123
34    -120
35    -118
36    -124
37    -134
38    -100
39    -104
40    -102
41    -122
42    -101
43    -114
44    -137
45    -113
46    -114
47    -109
48    -118
49    -98
50    -98
51    -115
52    -119
53    -108
54    -123
55    -110
56    -95
57    -115
58    -72
59    -116
60    -111
61    -92
62    -83
63    -92
64    -94
t;SUPP12
1    -101
2    -108
3    -114
4    -102
5    -138
6    -112
7    -99
8    -117
9    -94
10    -110
11    -103
12    6823
13    -128
14    -113
15    -62
16    -128
17    -82
18    -86
19    -104
20    -126
21    -94
22    -102
23    -84
24    -99
25    -115
26    -94
27    -124
28    -116
29    -110
30    -115
31    -110
32    -113
33    -110
34    -112
35    -130
36    -111
37    -113
38    -115
39    -104
40    -115
41    -125
42    -113
43    -118
44    -109
45    -112
46    -118
47    -135
48    -132
49    -104
50    -106
51    -110
52    -136
53    -116
54    -108
55    -100
56    -107
57    -111
58    -83
59    -85
60    -108
61    -111
62    -69
63    -92
64    -102
t;SUPP13
1    -113
2    -137
3    -102
4    -126
5    -98
6    -119
7    -113
8    -120
9    -121
10    -93
11    -124
12    -136
13    6921
14    -99
15    -81
16    -126
17    -80
18    -90
19    -105
20    -133
21    -133
22    -104
23    -83
24    -123
25    -99
26    -113
27    -100
28    -105
29    -119
30    -101
31    -92
32    -111
33    -110
34    -119
35    -105
36    -117
37    -112
38    -99
39    -127
40    -99
41    -108
42    -108
43    -105
44    -111
45    -133
46    -111
47    -117
48    -106
49    -109
50    -102
51    -116
52    -115
53    -120
54    -134
55    -96
56    -117
57    -114
58    -67
59    -95
60    -135
61    -122
62    -93
63    -74
64    -126
t;SUPP14
1    -121
2    -113
3    -128
4    -92
5    -120
6    -110
7    -111
8    -154
9    -90
10    -111
11    -92
12    -117
13    -116
14    6914
15    -66
16    -101
17    -90
18    -75
19    -117
20    -109
21    -106
22    -116
23    -84
24    -122
25    -99
26    -91
27    -120
28    -128
29    -89
30    -119
31    -106
32    -111
33    -127
34    -107
35    -105
36    -140
37    -114
38    -124
39    -125
40    -102
41    -124
42    -138
43    -133
44    -115
45    -125
46    -114
47    -103
48    -107
49    -115
50    -101
51    -106
52    -109
53    -125
54    -95
55    -99
56    -118
57    -104
58    -83
59    -126
60    -101
61    -100
62    -89
63    -93
64    -123
t;SUPP15
1    -142
2    -125
3    -99
4    -139
5    -119
6    -123
7    -121
8    -123
9    -101
10    -99
11    -109
12    -136
13    -129
14    -113
15    6921
16    -103
17    -80
18    -91
19    -95
20    -127
21    -126
22    -108
23    -97
24    -127
25    -98
26    -108
27    -106
28    -113
29    -107
30    -123
31    -100
32    -113
33    -139
34    -112
35    -135
36    -102
37    -114
38    -127
39    -119
40    -105
41    -125
42    -137
43    -113
44    -136
45    -79
46    -109
47    -112
48    -99
49    -83
50    -84
51    -101
52    -107
53    -98
54    -113
55    -99
56    -114
57    -93
58    -70
59    -104
60    -112
61    -91
62    -87
63    -81
64    -121
t;SUPP16
1    -116
2    -119
3    -97
4    -119
5    -118
6    -82
7    -107
8    -119
9    -95
10    -111
11    -115
12    -119
13    -99
14    -88
15    -98
16    6914
17    -84
18    -80
19    -128
20    -134
21    -109
22    -78
23    -94
24    -118
25    -113
26    -103
27    -106
28    -123
29    -117
30    -128
31    -104
32    -137
33    -102
34    -121
35    -94
36    -130
37    -118
38    -115
39    -119
40    -131
41    -88
42    -95
43    -125
44    -102
45    -118
46    -117
47    -116
48    -119
49    -97
50    -116
51    -144
52    -130
53    -105
54    -110
55    -106
56    -116
57    -98
58    -98
59    -99
60    -126
61    -89
62    -99
63    -90
64    -123
t;SUPP17
1    -122
2    -124
3    -116
4    -121
5    -100
6    -134
7    -106
8    -115
9    -101
10    -88
11    -101
12    -116
13    -110
14    -100
15    -68
16    -127
17    6801
18    -68
19    -128
20    -93
21    -114
22    -108
23    -79
24    -139
25    -108
26    -105
27    -136
28    -121
29    -131
30    -105
31    -86
32    -129
33    -131
34    -116
35    -116
36    -103
37    -109
38    -98
39    -125
40    -104
41    -118
42    -108
43    -100
44    -113
45    -125
46    -101
47    -115
48    -87
49    -108
50    -96
51    -89
52    -99
53    -114
54    -132
55    -85
56    -109
57    -102
58    -103
59    -103
60    -112
61    -89
62    -91
63    -82
64    -119
t;SUPP18
1    -123
2    -115
3    -132
4    -104
5    -120
6    -124
7    -113
8    -88
9    -105
10    -107
11    -131
12    -121
13    -125
14    -102
15    -77
16    -125
17    -91
18    7070
19    -112
20    -121
21    -147
22    -123
23    -88
24    -100
25    -89
26    -100
27    -118
28    -113
29    -133
30    -116
31    -90
32    -126
33    -104
34    -120
35    -156
36    -123
37    -106
38    -107
39    -112
40    -108
41    -102
42    -125
43    -158
44    -126
45    -110
46    -102
47    -116
48    -117
49    -103
50    -110
51    -119
52    -110
53    -123
54    -135
55    -103
56    -123
57    -86
58    -76
59    -89
60    -115
61    -100
62    -81
63    -91
64    -135
t;SUPP19
1    -101
2    -115
3    -124
4    -119
5    -122
6    -114
7    -110
8    -116
9    -113
10    -105
11    -123
12    -123
13    -106
14    -101
15    -71
16    -130
17    -79
18    -85
19    6833
20    -130
21    -111
22    -94
23    -92
24    -116
25    -109
26    -107
27    -115
28    -114
29    -103
30    -113
31    -119
32    -134
33    -108
34    -120
35    -126
36    -110
37    -106
38    -105
39    -136
40    -112
41    -122
42    -125
43    -115
44    -115
45    -108
46    -112
47    -98
48    -134
49    -131
50    -89
51    -105
52    -101
53    -86
54    -112
55    -82
56    -117
57    -102
58    -70
59    -96
60    -124
61    -89
62    -92
63    -68
64    -103
t;SUPP20
1    -115
2    -106
3    -99
4    -116
5    -107
6    -103
7    -106
8    -128
9    -91
10    -92
11    -137
12    -109
13    -114
14    -108
15    -92
16    -119
17    -72
18    -108
19    -133
20    6855
21    -112
22    -105
23    -82
24    -120
25    -122
26    -114
27    -118
28    -107
29    -106
30    -116
31    -101
32    -102
33    -130
34    -125
35    -121
36    -118
37    -117
38    -124
39    -131
40    -108
41    -96
42    -111
43    -114
44    -110
45    -111
46    -105
47    -110
48    -122
49    -119
50    -95
51    -120
52    -122
53    -112
54    -114
55    -86
56    -122
57    -86
58    -81
59    -95
60    -115
61    -85
62    -93
63    -82
64    -115
t;SUPP21
1    -123
2    -149
3    -114
4    -103
5    -124
6    -119
7    -113
8    -100
9    -88
10    -97
11    -114
12    -125
13    -120
14    -90
15    -96
16    -125
17    -85
18    -80
19    -120
20    -119
21    6762
22    -98
23    -95
24    -119
25    -96
26    -91
27    -104
28    -107
29    -117
30    -109
31    -102
32    -120
33    -105
34    -119
35    -108
36    -92
37    -109
38    -114
39    -121
40    -125
41    -97
42    -100
43    -98
44    -112
45    -126
46    -106
47    -99
48    -117
49    -129
50    -103
51    -111
52    -104
53    -118
54    -110
55    -91
56    -101
57    -99
58    -79
59    -101
60    -98
61    -101
62    -103
63    -90
64    -114
t;SUPP22
1    -106
2    -130
3    -98
4    -97
5    -109
6    -132
7    -124
8    -134
9    -97
10    -101
11    -108
12    -111
13    -120
14    -104
15    -68
16    -133
17    -76
18    -90
19    -132
20    -131
21    -104
22    6879
23    -70
24    -128
25    -122
26    -93
27    -122
28    -112
29    -121
30    -116
31    -82
32    -112
33    -111
34    -131
35    -113
36    -124
37    -119
38    -109
39    -93
40    -126
41    -117
42    -107
43    -110
44    -116
45    -112
46    -134
47    -102
48    -106
49    -97
50    -109
51    -108
52    -133
53    -120
54    -108
55    -110
56    -121
57    -100
58    -93
59    -89
60    -91
61    -85
62    -83
63    -95
64    -124
t;SUPP23
1    -98
2    -107
3    -118
4    -122
5    -124
6    -116
7    -117
8    -96
9    -94
10    -97
11    -107
12    -106
13    -100
14    -101
15    -90
16    -109
17    -74
18    -95
19    -112
20    -113
21    -104
22    -113
23    6846
24    -102
25    -103
26    -124
27    -116
28    -116
29    -102
30    -111
31    -119
32    -115
33    -101
34    -103
35    -92
36    -143
37    -125
38    -106
39    -108
40    -136
41    -119
42    -125
43    -120
44    -118
45    -112
46    -119
47    -106
48    -122
49    -110
50    -133
51    -116
52    -125
53    -95
54    -93
55    -83
56    -123
57    -93
58    -82
59    -104
60    -117
61    -90
62    -91
63    -80
64    -135
t;SUPP24
1    -123
2    -122
3    -125
4    -117
5    -108
6    -126
7    -129
8    -123
9    -112
10    -90
11    -99
12    -127
13    -97
14    -118
15    -88
16    -101
17    -93
18    -89
19    -107
20    -124
21    -108
22    -82
23    -90
24    6872
25    -93
26    -100
27    -136
28    -112
29    -91
30    -105
31    -132
32    -118
33    -133
34    -112
35    -125
36    -116
37    -111
38    -104
39    -118
40    -108
41    -112
42    -135
43    -95
44    -126
45    -129
46    -122
47    -107
48    -112
49    -95
50    -96
51    -116
52    -98
53    -131
54    -102
55    -116
56    -134
57    -92
58    -69
59    -96
60    -124
61    -100
62    -85
63    -79
64    -89
t;SUPP25
1    -116
2    -119
3    -118
4    -126
5    -106
6    -111
7    -105
8    -117
9    -91
10    -104
11    -124
12    -134
13    -102
14    -92
15    -95
16    -113
17    -91
18    -78
19    -115
20    -122
21    -101
22    -110
23    -73
24    -104
25    6782
26    -103
27    -113
28    -111
29    -132
30    -106
31    -115
32    -132
33    -110
34    -108
35    -122
36    -99
37    -103
38    -113
39    -103
40    -114
41    -131
42    -108
43    -105
44    -113
45    -104
46    -101
47    -135
48    -114
49    -115
50    -98
51    -109
52    -116
53    -120
54    -114
55    -86
56    -109
57    -117
58    -84
59    -81
60    -124
61    -79
62    -80
63    -83
64    -105
t;SUPP26
1    -91
2    -99
3    -119
4    -112
5    -115
6    -125
7    -101
8    -106
9    -131
10    -107
11    -120
12    -123
13    -125
14    -107
15    -106
16    -107
17    -76
18    -86
19    -129
20    -121
21    -128
22    -92
23    -63
24    -117
25    -84
26    6853
27    -116
28    -125
29    -123
30    -115
31    -95
32    -95
33    -123
34    -145
35    -105
36    -102
37    -99
38    -112
39    -106
40    -116
41    -122
42    -118
43    -109
44    -121
45    -120
46    -111
47    -148
48    -126
49    -104
50    -104
51    -95
52    -119
53    -123
54    -86
55    -91
56    -119
57    -106
58    -73
59    -90
60    -132
61    -92
62    -98
63    -62
64    -117
t;SUPP27
1    -122
2    -123
3    -108
4    -101
5    -108
6    -110
7    -126
8    -140
9    -84
10    -102
11    -119
12    -107
13    -109
14    -90
15    -90
16    -132
17    -76
18    -81
19    -103
20    -118
21    -105
22    -97
23    -94
24    -122
25    -107
26    -100
27    6950
28    -123
29    -116
30    -125
31    -99
32    -117
33    -131
34    -103
35    -112
36    -151
37    -113
38    -105
39    -109
40    -101
41    -116
42    -116
43    -130
44    -102
45    -116
46    -122
47    -146
48    -106
49    -92
50    -108
51    -116
52    -110
53    -126
54    -108
55    -109
56    -122
57    -117
58    -78
59    -136
60    -116
61    -98
62    -96
63    -75
64    -110
t;SUPP28
1    -154
2    -121
3    -128
4    -100
5    -130
6    -116
7    -105
8    -105
9    -116
10    -115
11    -116
12    -120
13    -104
14    -124
15    -84
16    -105
17    -103
18    -73
19    -118
20    -119
21    -116
22    -104
23    -88
24    -127
25    -101
26    -88
27    -137
28    6942
29    -116
30    -110
31    -104
32    -122
33    -109
34    -126
35    -132
36    -136
37    -116
38    -117
39    -137
40    -124
41    -104
42    -107
43    -138
44    -104
45    -102
46    -143
47    -108
48    -115
49    -98
50    -102
51    -112
52    -119
53    -105
54    -99
55    -94
56    -110
57    -110
58    -72
59    -95
60    -116
61    -71
62    -61
63    -78
64    -113
t;SUPP29
1    -102
2    -118
3    -116
4    -105
5    -106
6    -113
7    -118
8    -87
9    -104
10    -82
11    -128
12    -116
13    -103
14    -103
15    -87
16    -118
17    -79
18    -76
19    -134
20    -118
21    -143
22    -81
23    -93
24    -124
25    -95
26    -76
27    -127
28    -127
29    6822
30    -109
31    -118
32    -136
33    -117
34    -128
35    -105
36    -118
37    -106
38    -113
39    -107
40    -143
41    -133
42    -92
43    -128
44    -116
45    -91
46    -131
47    -117
48    -106
49    -108
50    -100
51    -95
52    -107
53    -125
54    -92
55    -77
56    -115
57    -100
58    -85
59    -92
60    -104
61    -100
62    -118
63    -106
64    -105
t;SUPP30
1    -104
2    -109
3    -121
4    -140
5    -102
6    -124
7    -105
8    -99
9    -96
10    -94
11    -106
12    -125
13    -128
14    -90
15    -81
16    -114
17    -74
18    -88
19    -100
20    -117
21    -124
22    -125
23    -76
24    -103
25    -115
26    -86
27    -107
28    -121
29    -100
30    6799
31    -85
32    -117
33    -115
34    -92
35    -128
36    -127
37    -128
38    -105
39    -122
40    -116
41    -101
42    -104
43    -125
44    -91
45    -127
46    -125
47    -101
48    -136
49    -106
50    -117
51    -122
52    -135
53    -120
54    -92
55    -102
56    -108
57    -89
58    -90
59    -111
60    -123
61    -91
62    -65
63    -83
64    -126
t;SUPP31
1    -100
2    -104
3    -138
4    -120
5    -107
6    -112
7    -112
8    -121
9    -95
10    -76
11    -107
12    -90
13    -114
14    -112
15    -88
16    -92
17    -80
18    -79
19    -134
20    -113
21    -125
22    -86
23    -75
24    -103
25    -113
26    -95
27    -122
28    -129
29    -115
30    -115
31    6785
32    -133
33    -114
34    -122
35    -87
36    -117
37    -117
38    -116
39    -118
40    -131
41    -112
42    -108
43    -109
44    -116
45    -104
46    -118
47    -95
48    -119
49    -115
50    -96
51    -119
52    -137
53    -108
54    -110
55    -108
56    -102
57    -99
58    -67
59    -122
60    -110
61    -119
62    -84
63    -72
64    -109
t;SUPP32
1    -108
2    -99
3    -120
4    -114
5    -127
6    -127
7    -115
8    -105
9    -115
10    -95
11    -120
12    -106
13    -131
14    -116
15    -89
16    -118
17    -103
18    -84
19    -128
20    -111
21    -116
22    -104
23    -97
24    -123
25    -122
26    -83
27    -125
28    -121
29    -121
30    -107
31    -99
32    7015
33    -122
34    -129
35    -137
36    -114
37    -127
38    -119
39    -120
40    -115
41    -102
42    -92
43    -124
44    -108
45    -115
46    -108
47    -130
48    -138
49    -112
50    -97
51    -118
52    -105
53    -119
54    -132
55    -75
56    -143
57    -98
58    -75
59    -98
60    -113
61    -106
62    -72
63    -89
64    -114
t;SUPP33
1    -105
2    -110
3    -113
4    -122
5    -97
6    -112
7    -114
8    -133
9    -106
10    -110
11    -119
12    -120
13    -132
14    -108
15    -80
16    -118
17    -88
18    -82
19    -124
20    -121
21    -117
22    -125
23    -75
24    -106
25    -101
26    -93
27    -128
28    -115
29    -113
30    -115
31    -102
32    -114
33    6901
34    -113
35    -117
36    -120
37    -97
38    -130
39    -115
40    -123
41    -91
42    -92
43    -123
44    -117
45    -124
46    -129
47    -129
48    -124
49    -86
50    -103
51    -116
52    -120
53    -106
54    -104
55    -92
56    -141
57    -91
58    -84
59    -111
60    -108
61    -87
62    -102
63    -83
64    -105
t;SUPP34
1    -99
2    -118
3    -104
4    -100
5    -122
6    -111
7    -91
8    -115
9    -99
10    -91
11    -123
12    -105
13    -111
14    -125
15    -88
16    -128
17    -89
18    -64
19    -111
20    -120
21    -118
22    -106
23    -75
24    -135
25    -100
26    -84
27    -125
28    -117
29    -106
30    -142
31    -97
32    -141
33    -109
34    6950
35    -113
36    -120
37    -121
38    -109
39    -109
40    -138
41    -96
42    -127
43    -117
44    -128
45    -108
46    -98
47    -111
48    -117
49    -111
50    -123
51    -126
52    -126
53    -137
54    -116
55    -90
56    -121
57    -107
58    -90
59    -126
60    -130
61    -80
62    -77
63    -93
64    -116
t;SUPP35
1    -114
2    -126
3    -126
4    -138
5    -120
6    -101
7    -96
8    -115
9    -98
10    -110
11    -122
12    -132
13    -116
14    -89
15    -71
16    -107
17    -74
18    -68
19    -115
20    -90
21    -107
22    -113
23    -91
24    -126
25    -130
26    -106
27    -117
28    -113
29    -108
30    -110
31    -103
32    -112
33    -111
34    -106
35    6942
36    -147
37    -119
38    -119
39    -123
40    -128
41    -104
42    -117
43    -129
44    -127
45    -123
46    -124
47    -124
48    -147
49    -100
50    -101
51    -119
52    -109
53    -115
54    -112
55    -100
56    -132
57    -91
58    -77
59    -93
60    -100
61    -80
62    -95
63    -91
64    -115
t;SUPP36
1    -126
2    -108
3    -100
4    -123
5    -92
6    -119
7    -102
8    -116
9    -75
10    -117
11    -112
12    -119
13    -132
14    -113
15    -86
16    -125
17    -91
18    -80
19    -110
20    -126
21    -132
22    -112
23    -88
24    -99
25    -94
26    -100
27    -121
28    -114
29    -115
30    -113
31    -99
32    -113
33    -114
34    -123
35    -105
36    6805
37    -132
38    -122
39    -106
40    -87
41    -124
42    -115
43    -100
44    -129
45    -104
46    -136
47    -135
48    -100
49    -93
50    -95
51    -115
52    -117
53    -100
54    -113
55    -99
56    -112
57    -86
58    -81
59    -106
60    -130
61    -94
62    -75
63    -87
64    -98
t;SUPP37
1    -126
2    -114
3    -115
4    -105
5    -101
6    -137
7    -101
8    -118
9    -86
10    -84
11    -98
12    -121
13    -114
14    -102
15    -90
16    -119
17    -78
18    -83
19    -106
20    -95
21    -120
22    -112
23    -87
24    -105
25    -94
26    -92
27    -110
28    -128
29    -88
30    -120
31    -99
32    -119
33    -117
34    -111
35    -107
36    -111
37    6790
38    -106
39    -118
40    -138
41    -120
42    -108
43    -123
44    -110
45    -98
46    -144
47    -124
48    -120
49    -110
50    -106
51    -131
52    -122
53    -124
54    -120
55    -98
56    -122
57    -95
58    -85
59    -95
60    -119
61    -89
62    -80
63    -75
64    -97
t;SUPP38
1    -107
2    -103
3    -124
4    -130
5    -110
6    -117
7    -132
8    -124
9    -99
10    -94
11    -103
12    -100
13    -122
14    -116
15    -89
16    -92
17    -91
18    -83
19    -129
20    -97
21    -127
22    -109
23    -79
24    -116
25    -102
26    -108
27    -122
28    -114
29    -109
30    -123
31    -90
32    -106
33    -116
34    -118
35    -107
36    -118
37    -112
38    6819
39    -112
40    -131
41    -116
42    -102
43    -108
44    -94
45    -120
46    -133
47    -107
48    -113
49    -111
50    -108
51    -98
52    -122
53    -112
54    -122
55    -92
56    -121
57    -94
58    -65
59    -90
60    -108
61    -98
62    -98
63    -87
64    -119
t;SUPP39
1    -156
2    -98
3    -130
4    -111
5    -110
6    -124
7    -103
8    -93
9    -105
10    -105
11    -118
12    -113
13    -117
14    -101
15    -100
16    -115
17    -90
18    -66
19    -106
20    -132
21    -112
22    -72
23    -95
24    -143
25    -93
26    -102
27    -113
28    -131
29    -111
30    -123
31    -104
32    -117
33    -122
34    -101
35    -101
36    -115
37    -123
38    -140
39    6894
40    -124
41    -106
42    -107
43    -128
44    -118
45    -107
46    -130
47    -125
48    -91
49    -87
50    -113
51    -108
52    -103
53    -128
54    -115
55    -94
56    -108
57    -83
58    -91
59    -109
60    -117
61    -108
62    -80
63    -73
64    -130
t;SUPP40
1    -131
2    -128
3    -112
4    -131
5    -125
6    -110
7    -127
8    -98
9    -98
10    -86
11    -119
12    -109
13    -109
14    -126
15    -92
16    -131
17    -77
18    -83
19    -110
20    -134
21    -119
22    -100
23    -89
24    -97
25    -100
26    -90
27    -101
28    -95
29    -106
30    -111
31    -100
32    -116
33    -123
34    -121
35    -116
36    -148
37    -109
38    -116
39    -123
40    6885
41    -136
42    -103
43    -120
44    -128
45    -110
46    -107
47    -112
48    -115
49    -115
50    -108
51    -109
52    -106
53    -103
54    -124
55    -109
56    -118
57    -99
58    -72
59    -106
60    -111
61    -81
62    -90
63    -85
64    -102
t;SUPP41
1    -129
2    -97
3    -115
4    -103
5    -132
6    -111
7    -114
8    -121
9    -93
10    -93
11    -136
12    -101
13    -136
14    -95
15    -73
16    -131
17    -86
18    -96
19    -121
20    -120
21    -138
22    -113
23    -92
24    -122
25    -125
26    -127
27    -118
28    -112
29    -143
30    -123
31    -98
32    -116
33    -109
34    -106
35    -117
36    -128
37    -106
38    -106
39    -117
40    -132
41    7071
42    -114
43    -109
44    -119
45    -111
46    -113
47    -124
48    -134
49    -103
50    -108
51    -111
52    -116
53    -131
54    -125
55    -97
56    -132
57    -98
58    -71
59    -101
60    -132
61    -85
62    -70
63    -92
64    -124
t;SUPP42
1    -108
2    -127
3    -107
4    -137
5    -131
6    -120
7    -104
8    -121
9    -100
10    -104
11    -115
12    -114
13    -94
14    -98
15    -82
16    -121
17    -83
18    -73
19    -120
20    -103
21    -111
22    -110
23    -84
24    -132
25    -104
26    -108
27    -106
28    -121
29    -106
30    -116
31    -100
32    -105
33    -105
34    -117
35    -110
36    -111
37    -118
38    -106
39    -110
40    -119
41    -83
42    6880
43    -127
44    -112
45    -102
46    -122
47    -109
48    -117
49    -115
50    -97
51    -131
52    -115
53    -131
54    -120
55    -113
56    -135
57    -85
58    -80
59    -110
60    -128
61    -101
62    -97
63    -85
64    -104
t;SUPP43
1    -105
2    -109
3    -108
4    -117
5    -127
6    -108
7    -110
8    -106
9    -99
10    -97
11    -127
12    -141
13    -113
14    -112
15    -89
16    -127
17    -81
18    -77
19    -94
20    -102
21    -112
22    -115
23    -83
24    -125
25    -105
26    -99
27    -127
28    -139
29    -105
30    -105
31    -117
32    -131
33    -105
34    -110
35    -109
36    -94
37    -95
38    -129
39    -105
40    -130
41    -138
42    -120
43    6889
44    -130
45    -91
46    -100
47    -122
48    -114
49    -105
50    -108
51    -114
52    -117
53    -103
54    -103
55    -103
56    -132
57    -110
58    -90
59    -108
60    -93
61    -105
62    -85
63    -80
64    -129
t;SUPP44
1    -128
2    -123
3    -106
4    -122
5    -119
6    -139
7    -118
8    -104
9    -95
10    -96
11    -131
12    -137
13    -126
14    -105
15    -99
16    -146
17    -81
18    -74
19    -109
20    -136
21    -111
22    -109
23    -80
24    -109
25    -94
26    -112
27    -130
28    -122
29    -124
30    -106
31    -127
32    -135
33    -103
34    -130
35    -103
36    -126
37    -100
38    -130
39    -116
40    -123
41    -112
42    -119
43    -108
44    6997
45    -103
46    -94
47    -115
48    -107
49    -102
50    -98
51    -109
52    -113
53    -143
54    -111
55    -89
56    -125
57    -96
58    -63
59    -109
60    -98
61    -100
62    -94
63    -74
64    -131
t;SUPP45
1    -116
2    -90
3    -120
4    -128
5    -107
6    -105
7    -100
8    -121
9    -116
10    -95
11    -124
12    -115
13    -92
14    -132
15    -78
16    -120
17    -92
18    -84
19    -107
20    -129
21    -105
22    -95
23    -85
24    -128
25    -90
26    -114
27    -125
28    -115
29    -136
30    -127
31    -106
32    -118
33    -135
34    -116
35    -97
36    -122
37    -115
38    -105
39    -112
40    -126
41    -115
42    -102
43    -97
44    -126
45    6927
46    -124
47    -123
48    -121
49    -88
50    -117
51    -109
52    -120
53    -98
54    -120
55    -97
56    -121
57    -106
58    -72
59    -107
60    -108
61    -112
62    -88
63    -86
64    -127
t;SUPP46
1    -109
2    -126
3    -111
4    -121
5    -128
6    -108
7    -135
8    -123
9    -73
10    -93
11    -122
12    -124
13    -104
14    -109
15    -82
16    -100
17    -89
18    -80
19    -111
20    -113
21    -112
22    -99
23    -81
24    -118
25    -92
26    -111
27    -106
28    -108
29    -126
30    -107
31    -135
32    -110
33    -122
34    -128
35    -107
36    -121
37    -102
38    -100
39    -149
40    -118
41    -123
42    -108
43    -119
44    -109
45    -140
46    6782
47    -134
48    -106
49    -73
50    -87
51    -82
52    -110
53    -100
54    -109
55    -91
56    -114
57    -90
58    -70
59    -100
60    -129
61    -80
62    -83
63    -102
64    -110
t;SUPP47
1    -106
2    -92
3    -110
4    -98
5    -98
6    -123
7    -107
8    -112
9    -125
10    -121
11    -130
12    -124
13    -124
14    -120
15    -94
16    -123
17    -87
18    -78
19    -130
20    -136
21    -112
22    -87
23    -92
24    -112
25    -105
26    -110
27    -108
28    -121
29    -111
30    -122
31    -103
32    -115
33    -114
34    -120
35    -114
36    -94
37    -90
38    -108
39    -128
40    -126
41    -98
42    -131
43    -108
44    -117
45    -114
46    -126
47    6853
48    -114
49    -112
50    -72
51    -133
52    -100
53    -102
54    -116
55    -90
56    -107
57    -98
58    -83
59    -109
60    -106
61    -105
62    -62
63    -92
64    -128
t;SUPP48
1    -102
2    -120
3    -110
4    -90
5    -112
6    -107
7    -100
8    -139
9    -104
10    -97
11    -133
12    -108
13    -97
14    -97
15    -71
16    -120
17    -67
18    -84
19    -124
20    -116
21    -106
22    -115
23    -74
24    -107
25    -98
26    -99
27    -118
28    -121
29    -115
30    -126
31    -127
32    -83
33    -131
34    -102
35    -100
36    -131
37    -112
38    -112
39    -132
40    -138
41    -88
42    -130
43    -123
44    -107
45    -117
46    -114
47    -114
48    6799
49    -100
50    -114
51    -119
52    -133
53    -133
54    -102
55    -83
56    -127
57    -113
58    -78
59    -116
60    -108
61    -86
62    -68
63    -82
64    -99
t;SUPP49
1    -116
2    -113
3    -123
4    -109
5    -111
6    -116
7    -126
8    -116
9    -110
10    -116
11    -113
12    -113
13    -115
14    -96
15    -79
16    -133
17    -67
18    -78
19    -98
20    -104
21    -118
22    -106
23    -79
24    -121
25    -110
26    -146
27    -106
28    -148
29    -131
30    -122
31    -104
32    -107
33    -124
34    -116
35    -106
36    -110
37    -130
38    -115
39    -114
40    -110
41    -135
42    -129
43    -118
44    -111
45    -117
46    -126
47    -125
48    -109
49    7025
50    -96
51    -116
52    -104
53    -124
54    -125
55    -110
56    -116
57    -111
58    -61
59    -101
60    -108
61    -92
62    -94
63    -101
64    -121
t;SUPP50
1    -104
2    -122
3    -123
4    -113
5    -134
6    -111
7    -118
8    -120
9    -95
10    -92
11    -150
12    -108
13    -106
14    -109
15    -76
16    -145
17    -105
18    -84
19    -128
20    -132
21    -130
22    -114
23    -85
24    -112
25    -93
26    -91
27    -100
28    -116
29    -115
30    -101
31    -111
32    -114
33    -127
34    -139
35    -131
36    -107
37    -119
38    -113
39    -123
40    -121
41    -126
42    -102
43    -130
44    -122
45    -111
46    -140
47    -104
48    -109
49    -93
50    7052
51    -111
52    -108
53    -123
54    -136
55    -94
56    -122
57    -107
58    -89
59    -96
60    -108
61    -91
62    -83
63    -102
64    -108
t;SUPP51
1    -95
2    -135
3    -116
4    -94
5    -121
6    -108
7    -105
8    -104
9    -95
10    -108
11    -96
12    -134
13    -116
14    -103
15    -96
16    -107
17    -76
18    -77
19    -123
20    -118
21    -137
22    -103
23    -75
24    -104
25    -91
26    -110
27    -124
28    -121
29    -108
30    -99
31    -97
32    -120
33    -132
34    -115
35    -118
36    -128
37    -117
38    -120
39    -112
40    -107
41    -99
42    -142
43    -124
44    -124
45    -103
46    -114
47    -100
48    -120
49    -107
50    -97
51    6844
52    -105
53    -114
54    -87
55    -97
56    -108
57    -98
58    -84
59    -112
60    -122
61    -97
62    -95
63    -94
64    -136
t;SUPP52
1    -107
2    -97
3    -105
4    -120
5    -147
6    -142
7    -119
8    -105
9    -105
10    -100
11    -117
12    -124
13    -132
14    -103
15    -91
16    -108
17    -84
18    -75
19    -100
20    -107
21    -129
22    -89
23    -86
24    -126
25    -118
26    -101
27    -125
28    -106
29    -126
30    -108
31    -81
32    -104
33    -126
34    -116
35    -99
36    -126
37    -121
38    -141
39    -139
40    -105
41    -92
42    -103
43    -122
44    -105
45    -113
46    -101
47    -127
48    -102
49    -109
50    -100
51    -152
52    6881
53    -101
54    -119
55    -85
56    -101
57    -107
58    -92
59    -103
60    -116
61    -81
62    -89
63    -93
64    -108
t;SUPP53
1    -141
2    -113
3    -121
4    -118
5    -134
6    -120
7    -120
8    -152
9    -84
10    -100
11    -93
12    -118
13    -130
14    -110
15    -74
16    -120
17    -92
18    -89
19    -121
20    -124
21    -103
22    -116
23    -88
24    -124
25    -88
26    -113
27    -119
28    -132
29    -137
30    -119
31    -102
32    -116
33    -142
34    -94
35    -119
36    -110
37    -107
38    -127
39    -119
40    -109
41    -115
42    -127
43    -128
44    -116
45    -106
46    -114
47    -98
48    -108
49    -109
50    -90
51    -102
52    -93
53    7002
54    -112
55    -105
56    -142
57    -106
58    -66
59    -107
60    -137
61    -89
62    -83
63    -78
64    -113
t;SUPP54
1    -104
2    -113
3    -116
4    -143
5    -131
6    -120
7    -97
8    -113
9    -109
10    -83
11    -115
12    -112
13    -108
14    -100
15    -78
16    -107
17    -73
18    -99
19    -138
20    -106
21    -120
22    -109
23    -84
24    -114
25    -89
26    -98
27    -116
28    -114
29    -116
30    -122
31    -97
32    -108
33    -122
34    -115
35    -97
36    -99
37    -115
38    -135
39    -94
40    -112
41    -108
42    -129
43    -131
44    -116
45    -144
46    -116
47    -113
48    -127
49    -122
50    -101
51    -103
52    -123
53    -114
54    6882
55    -94
56    -120
57    -95
58    -94
59    -94
60    -94
61    -105
62    -89
63    -92
64    -117
t;SUPP55
1    -122
2    -114
3    -109
4    -84
5    -118
6    -117
7    -110
8    -113
9    -93
10    -107
11    -130
12    -116
13    -136
14    -100
15    -94
16    -107
17    -87
18    -78
19    -119
20    -122
21    -130
22    -109
23    -84
24    -126
25    -113
26    -102
27    -127
28    -121
29    -114
30    -130
31    -110
32    -118
33    -110
34    -132
35    -101
36    -110
37    -123
38    -131
39    -132
40    -121
41    -112
42    -116
43    -126
44    -121
45    -125
46    -106
47    -139
48    -114
49    -100
50    -88
51    -120
52    -120
53    -115
54    -122
55    7082
56    -99
57    -100
58    -69
59    -121
60    -124
61    -110
62    -92
63    -75
64    -148
t;SUPP56
1    -121
2    -123
3    -117
4    -124
5    -117
6    -132
7    -92
8    -125
9    -99
10    -115
11    -112
12    -132
13    -120
14    -102
15    -96
16    -107
17    -88
18    -97
19    -120
20    -114
21    -112
22    -93
23    -86
24    -129
25    -116
26    -108
27    -133
28    -113
29    -135
30    -122
31    -90
32    -130
33    -99
34    -107
35    -111
36    -109
37    -110
38    -113
39    -133
40    -122
41    -92
42    -107
43    -119
44    -127
45    -135
46    -119
47    -106
48    -139
49    -99
50    -106
51    -104
52    -129
53    -129
54    -121
55    -85
56    7040
57    -102
58    -71
59    -123
60    -115
61    -100
62    -89
63    -86
64    -113
t;SUPP57
1    -113
2    -124
3    -123
4    -83
5    -107
6    -101
7    -99
8    -126
9    -100
10    -102
11    -95
12    -125
13    -117
14    -108
15    -85
16    -124
17    -113
18    -82
19    -132
20    -98
21    -130
22    -113
23    -74
24    -125
25    -104
26    -112
27    -108
28    -117
29    -120
30    -116
31    -116
32    -105
33    -119
34    -135
35    -107
36    -109
37    -86
38    -113
39    -113
40    -121
41    -114
42    -120
43    -124
44    -116
45    -123
46    -109
47    -87
48    -109
49    -89
50    -114
51    -129
52    -124
53    -101
54    -101
55    -99
56    -118
57    6837
58    -63
59    -111
60    -116
61    -96
62    -83
63    -85
64    -106
t;SUPP58
1    -138
2    -113
3    -128
4    -121
5    -107
6    -127
7    -100
8    -125
9    -102
10    -105
11    -121
12    -108
13    -106
14    -100
15    -101
16    -108
17    -80
18    -87
19    -117
20    -123
21    -140
22    -96
23    -85
24    -107
25    -106
26    -99
27    -119
28    -104
29    -130
30    -104
31    -108
32    -132
33    -105
34    -119
35    -102
36    -111
37    -109
38    -99
39    -125
40    -115
41    -101
42    -118
43    -105
44    -110
45    -115
46    -116
47    -107
48    -111
49    -105
50    -88
51    -112
52    -117
53    -137
54    -114
55    -90
56    -124
57    -73
58    6876
59    -92
60    -113
61    -100
62    -79
63    -80
64    -137
t;SUPP59
1    -117
2    -100
3    -131
4    -130
5    -126
6    -125
7    -116
8    -118
9    -94
10    -98
11    -131
12    -124
13    -131
14    -106
15    -77
16    -105
17    -108
18    -74
19    -116
20    -94
21    -119
22    -97
23    -73
24    -103
25    -116
26    -107
27    -117
28    -102
29    -124
30    -111
31    -92
32    -111
33    -139
34    -119
35    -116
36    -121
37    -91
38    -119
39    -115
40    -114
41    -117
42    -124
43    -110
44    -103
45    -137
46    -125
47    -102
48    -121
49    -88
50    -108
51    -123
52    -106
53    -115
54    -82
55    -95
56    -116
57    -109
58    -60
59    6846
60    -89
61    -96
62    -97
63    -81
64    -115
t;SUPP60
1    -137
2    -125
3    -127
4    -100
5    -123
6    -126
7    -133
8    -104
9    -107
10    -92
11    -119
12    -139
13    -119
14    -98
15    -93
16    -108
17    -88
18    -88
19    -126
20    -110
21    -115
22    -101
23    -89
24    -108
25    -111
26    -93
27    -112
28    -124
29    -100
30    -122
31    -110
32    -122
33    -112
34    -119
35    -122
36    -123
37    -132
38    -114
39    -121
40    -105
41    -92
42    -110
43    -139
44    -131
45    -122
46    -126
47    -99
48    -121
49    -123
50    -95
51    -110
52    -123
53    -86
54    -114
55    -102
56    -115
57    -98
58    -93
59    -95
60    7033
61    -117
62    -100
63    -88
64    -117
t;SUPP61
1    -96
2    -119
3    -116
4    -114
5    -119
6    -104
7    -104
8    -119
9    -114
10    -107
11    -136
12    -94
13    -131
14    -111
15    -90
16    -105
17    -107
18    -84
19    -108
20    -105
21    -118
22    -105
23    -84
24    -135
25    -105
26    -94
27    -117
28    -112
29    -125
30    -99
31    -110
32    -107
33    -106
34    -116
35    -108
36    -112
37    -114
38    -108
39    -129
40    -113
41    -104
42    -130
43    -127
44    -134
45    -106
46    -112
47    -114
48    -111
49    -88
50    -96
51    -123
52    -113
53    -123
54    -96
55    -105
56    -95
57    -116
58    -65
59    -105
60    -118
61    6862
62    -78
63    -79
64    -124
t;SUPP62
1    -125
2    -132
3    -118
4    -115
5    -122
6    -108
7    -123
8    -117
9    -94
10    -116
11    -102
12    -100
13    -134
14    -96
15    -95
16    -116
17    -85
18    -74
19    -97
20    -125
21    -120
22    -115
23    -89
24    -114
25    -92
26    -110
27    -113
28    -105
29    -117
30    -111
31    -110
32    -104
33    -110
34    -119
35    -115
36    -113
37    -129
38    -114
39    -101
40    -116
41    -108
42    -114
43    -118
44    -113
45    -100
46    -110
47    -110
48    -124
49    -84
50    -88
51    -132
52    -97
53    -117
54    -108
55    -109
56    -97
57    -100
58    -78
59    -118
60    -110
61    -89
62    6854
63    -104
64    -115
t;SUPP63
1    -112
2    -119
3    -116
4    -105
5    -124
6    -125
7    -88
8    -118
9    -110
10    -99
11    -102
12    -121
13    -120
14    -122
15    -94
16    -110
17    -92
18    -85
19    -99
20    -99
21    -130
22    -100
23    -72
24    -116
25    -97
26    -104
27    -113
28    -105
29    -131
30    -123
31    -99
32    -133
33    -113
34    -121
35    -105
36    -117
37    -108
38    -114
39    -121
40    -130
41    -113
42    -114
43    -124
44    -108
45    -122
46    -110
47    -111
48    -107
49    -107
50    -126
51    -113
52    -96
53    -111
54    -107
55    -90
56    -102
57    -85
58    -85
59    -103
60    -108
61    -80
62    -90
63    6826
64    -102
t;SUPP64
1    -114
2    -95
3    -110
4    -123
5    -108
6    -127
7    -114
8    -128
9    -104
10    -89
11    -134
12    -114
13    -122
14    -106
15    -92
16    -111
17    -82
18    -79
19    -113
20    -93
21    -120
22    -94
23    -92
24    -109
25    -94
26    -110
27    -118
28    -107
29    -124
30    -104
31    -111
32    -120
33    -98
34    -96
35    -103
36    -104
37    -96
38    -109
39    -131
40    -117
41    -101
42    -107
43    -117
44    -113
45    -121
46    -112
47    -120
48    -135
49    -97
50    -86
51    -105
52    -118
53    -132
54    -128
55    -88
56    -112
57    -99
58    -71
59    -110
60    -130
61    -100
62    -79
63    -96
64    6792
t;