1    7176
2    -83
3    -132
4    -160
5    -135
6    -127
7    -82
8    -107
9    -93
10    -91
11    -127
12    -154
13    -152
14    -116
15    -100
16    -115
17    -84
18    -85
19    -96
20    -148
21    -122
22    -105
23    -96
24    -132
25    -78
26    -87
27    -120
28    -186
29    -129
30    -97
31    -85
32    -126
33    -82
34    -77
35    -129
36    -187
37    -136
38    -105
39    -83
40    -133
41    -74
42    -90
43    -133
44    -181
45    -152
46    -113
47    -102
48    -124
49    -75
50    -80
51    -125
52    -155
53    -142
54    -100
55    -77
56    -118
57    -128
58    -76
59    -114
60    -111
61    -106
62    -96
63    -68
64    -154
t;SUPP2
1    -66
2    7299
3    -125
4    -180
5    -148
6    -128
7    -103
8    -119
9    -81
10    -89
11    -123
12    -162
13    -171
14    -103
15    -80
16    -119
17    -71
18    -87
19    -128
20    -159
21    -140
22    -111
23    -85
24    -117
25    -97
26    -81
27    -135
28    -182
29    -144
30    -126
31    -78
32    -125
33    -84
34    -80
35    -133
36    -206
37    -143
38    -96
39    -80
40    -131
41    -87
42    -114
43    -142
44    -146
45    -138
46    -92
47    -86
48    -144
49    -76
50    -90
51    -114
52    -164
53    -130
54    -111
55    -74
56    -132
57    -98
58    -84
59    -105
60    -123
61    -117
62    -97
63    -82
64    -137
t;SUPP3
1    -68
2    -93
3    7251
4    -179
5    -163
6    -119
7    -72
8    -126
9    -88
10    -74
11    -125
12    -162
13    -126
14    -103
15    -101
16    -130
17    -79
18    -99
19    -102
20    -138
21    -121
22    -92
23    -96
24    -98
25    -82
26    -78
27    -134
28    -171
29    -134
30    -96
31    -82
32    -117
33    -102
34    -76
35    -122
36    -174
37    -150
38    -117
39    -100
40    -129
41    -91
42    -90
43    -137
44    -171
45    -124
46    -118
47    -116
48    -148
49    -98
50    -77
51    -117
52    -168
53    -148
54    -109
55    -104
56    -130
57    -109
58    -107
59    -94
60    -125
61    -122
62    -101
63    -97
64    -132
t;SUPP4
1    -75
2    -107
3    -142
4    7166
5    -151
6    -124
7    -80
8    -131
9    -88
10    -110
11    -140
12    -161
13    -144
14    -112
15    -88
16    -131
17    -83
18    -74
19    -126
20    -167
21    -134
22    -105
23    -97
24    -136
25    -81
26    -78
27    -127
28    -131
29    -156
30    -91
31    -74
32    -131
33    -87
34    -94
35    -124
36    -169
37    -130
38    -114
39    -94
40    -120
41    -86
42    -73
43    -110
44    -175
45    -169
46    -107
47    -91
48    -126
49    -85
50    -93
51    -135
52    -151
53    -116
54    -99
55    -72
56    -119
57    -112
58    -78
59    -100
60    -127
61    -103
62    -96
63    -91
64    -145
t;SUPP5
1    -72
2    -83
3    -144
4    -174
5    7161
6    -107
7    -85
8    -115
9    -90
10    -95
11    -136
12    -181
13    -140
14    -100
15    -79
16    -113
17    -88
18    -75
19    -124
20    -136
21    -120
22    -110
23    -105
24    -117
25    -72
26    -80
27    -103
28    -163
29    -145
30    -104
31    -91
32    -137
33    -89
34    -73
35    -137
36    -148
37    -130
38    -120
39    -76
40    -134
41    -90
42    -108
43    -114
44    -155
45    -157
46    -105
47    -95
48    -119
49    -107
50    -99
51    -124
52    -196
53    -162
54    -115
55    -83
56    -111
57    -96
58    -86
59    -96
60    -116
61    -132
62    -105
63    -83
64    -116
t;SUPP6
1    -76
2    -78
3    -142
4    -156
5    -152
6    7269
7    -88
8    -112
9    -83
10    -102
11    -120
12    -170
13    -136
14    -79
15    -92
16    -147
17    -73
18    -73
19    -102
20    -156
21    -138
22    -103
23    -76
24    -120
25    -98
26    -84
27    -139
28    -178
29    -131
30    -106
31    -89
32    -148
33    -94
34    -90
35    -131
36    -161
37    -149
38    -119
39    -86
40    -123
41    -74
42    -81
43    -128
44    -177
45    -169
46    -99
47    -93
48    -133
49    -73
50    -91
51    -122
52    -174
53    -164
54    -100
55    -92
56    -134
57    -106
58    -86
59    -130
60    -132
61    -119
62    -100
63    -68
64    -124
t;SUPP7
1    -78
2    -86
3    -134
4    -201
5    -150
6    -111
7    7299
8    -123
9    -77
10    -75
11    -138
12    -161
13    -135
14    -111
15    -87
16    -114
17    -90
18    -92
19    -125
20    -161
21    -135
22    -89
23    -92
24    -110
25    -81
26    -104
27    -129
28    -148
29    -140
30    -100
31    -92
32    -106
33    -86
34    -90
35    -139
36    -170
37    -169
38    -119
39    -77
40    -150
41    -92
42    -81
43    -116
44    -160
45    -158
46    -122
47    -93
48    -125
49    -90
50    -88
51    -129
52    -156
53    -128
54    -121
55    -79
56    -121
57    -118
58    -95
59    -105
60    -120
61    -102
62    -92
63    -85
64    -148
t;SUPP8
1    -75
2    -88
3    -139
4    -181
5    -162
6    -126
7    -87
8    7148
9    -79
10    -94
11    -135
12    -148
13    -118
14    -102
15    -86
16    -134
17    -82
18    -89
19    -105
20    -170
21    -129
22    -92
23    -94
24    -121
25    -78
26    -79
27    -137
28    -174
29    -125
30    -105
31    -91
32    -103
33    -79
34    -85
35    -135
36    -161
37    -145
38    -116
39    -87
40    -110
41    -87
42    -101
43    -142
44    -182
45    -121
46    -107
47    -91
48    -119
49    -91
50    -85
51    -130
52    -147
53    -144
54    -111
55    -113
56    -117
57    -113
58    -89
59    -93
60    -115
61    -110
62    -80
63    -77
64    -137
t;SUPP9
1    -68
2    -86
3    -140
4    -180
5    -155
6    -139
7    -95
8    -100
9    7309
10    -92
11    -119
12    -168
13    -139
14    -119
15    -87
16    -117
17    -78
18    -73
19    -106
20    -148
21    -138
22    -123
23    -93
24    -131
25    -100
26    -94
27    -136
28    -121
29    -142
30    -102
31    -93
32    -142
33    -105
34    -84
35    -133
36    -163
37    -143
38    -120
39    -84
40    -135
41    -90
42    -113
43    -104
44    -184
45    -143
46    -112
47    -92
48    -115
49    -71
50    -102
51    -124
52    -139
53    -129
54    -94
55    -96
56    -113
57    -108
58    -86
59    -98
60    -149
61    -130
62    -100
63    -77
64    -149
t;SUPP10
1    -78
2    -90
3    -133
4    -179
5    -174
6    -109
7    -90
8    -116
9    -93
10    7180
11    -101
12    -164
13    -143
14    -90
15    -85
16    -95
17    -83
18    -78
19    -117
20    -156
21    -149
22    -97
23    -80
24    -118
25    -91
26    -82
27    -142
28    -167
29    -142
30    -102
31    -77
32    -123
33    -90
34    -79
35    -123
36    -154
37    -137
38    -101
39    -88
40    -107
41    -109
42    -88
43    -128
44    -171
45    -166
46    -113
47    -93
48    -138
49    -86
50    -102
51    -119
52    -144
53    -114
54    -109
55    -81
56    -118
57    -104
58    -98
59    -105
60    -121
61    -105
62    -100
63    -92
64    -153
t;SUPP11
1    -69
2    -78
3    -146
4    -188
5    -129
6    -117
7    -90
8    -97
9    -88
10    -70
11    7161
12    -158
13    -153
14    -101
15    -85
16    -132
17    -85
18    -79
19    -122
20    -158
21    -154
22    -93
23    -81
24    -113
25    -98
26    -73
27    -123
28    -142
29    -161
30    -118
31    -88
32    -118
33    -81
34    -81
35    -145
36    -154
37    -160
38    -106
39    -84
40    -121
41    -85
42    -99
43    -139
44    -180
45    -151
46    -110
47    -89
48    -124
49    -86
50    -82
51    -139
52    -146
53    -129
54    -111
55    -95
56    -131
57    -106
58    -82
59    -108
60    -107
61    -116
62    -94
63    -85
64    -128
t;SUPP12
1    -77
2    -86
3    -122
4    -192
5    -165
6    -99
7    -76
8    -108
9    -83
10    -88
11    -108
12    7183
13    -131
14    -84
15    -76
16    -134
17    -85
18    -89
19    -118
20    -148
21    -116
22    -96
23    -97
24    -124
25    -86
26    -89
27    -130
28    -174
29    -127
30    -121
31    -102
32    -128
33    -86
34    -82
35    -125
36    -160
37    -138
38    -109
39    -83
40    -114
41    -101
42    -78
43    -122
44    -174
45    -151
46    -108
47    -90
48    -119
49    -100
50    -92
51    -140
52    -176
53    -140
54    -108
55    -91
56    -136
57    -117
58    -85
59    -106
60    -114
61    -108
62    -122
63    -80
64    -169
t;SUPP13
1    -64
2    -86
3    -124
4    -152
5    -141
6    -98
7    -100
8    -108
9    -99
10    -77
11    -123
12    -139
13    7122
14    -111
15    -89
16    -117
17    -103
18    -88
19    -123
20    -140
21    -143
22    -89
23    -80
24    -129
25    -76
26    -88
27    -135
28    -152
29    -136
30    -118
31    -84
32    -114
33    -83
34    -117
35    -105
36    -167
37    -167
38    -117
39    -94
40    -122
41    -101
42    -82
43    -152
44    -154
45    -158
46    -102
47    -80
48    -123
49    -99
50    -83
51    -127
52    -153
53    -137
54    -109
55    -90
56    -150
57    -100
58    -88
59    -100
60    -118
61    -124
62    -91
63    -76
64    -127
t;SUPP14
1    -88
2    -89
3    -149
4    -171
5    -147
6    -111
7    -84
8    -99
9    -78
10    -76
11    -148
12    -173
13    -136
14    7232
15    -101
16    -148
17    -80
18    -77
19    -123
20    -159
21    -132
22    -106
23    -82
24    -120
25    -92
26    -93
27    -107
28    -161
29    -139
30    -100
31    -92
32    -127
33    -92
34    -77
35    -142
36    -146
37    -141
38    -99
39    -93
40    -105
41    -112
42    -94
43    -117
44    -171
45    -141
46    -101
47    -82
48    -123
49    -70
50    -89
51    -135
52    -169
53    -159
54    -112
55    -83
56    -128
57    -116
58    -85
59    -97
60    -139
61    -106
62    -98
63    -82
64    -140
t;SUPP15
1    -67
2    -83
3    -143
4    -188
5    -167
6    -112
7    -91
8    -109
9    -80
10    -76
11    -113
12    -180
13    -118
14    -111
15    7184
16    -118
17    -66
18    -82
19    -111
20    -130
21    -131
22    -104
23    -94
24    -107
25    -85
26    -67
27    -128
28    -168
29    -142
30    -104
31    -97
32    -117
33    -86
34    -97
35    -113
36    -184
37    -142
38    -116
39    -88
40    -147
41    -97
42    -91
43    -109
44    -134
45    -158
46    -109
47    -83
48    -119
49    -92
50    -95
51    -121
52    -144
53    -164
54    -117
55    -78
56    -138
57    -109
58    -91
59    -110
60    -125
61    -119
62    -91
63    -80
64    -148
t;SUPP16
1    -61
2    -85
3    -146
4    -180
5    -164
6    -125
7    -82
8    -117
9    -89
10    -83
11    -117
12    -145
13    -131
14    -109
15    -86
16    7141
17    -76
18    -96
19    -118
20    -137
21    -140
22    -113
23    -79
24    -123
25    -87
26    -96
27    -92
28    -152
29    -148
30    -95
31    -87
32    -124
33    -103
34    -86
35    -120
36    -179
37    -134
38    -123
39    -98
40    -130
41    -81
42    -96
43    -131
44    -148
45    -136
46    -102
47    -87
48    -127
49    -101
50    -100
51    -116
52    -144
53    -117
54    -121
55    -84
56    -134
57    -120
58    -82
59    -121
60    -125
61    -109
62    -87
63    -70
64    -146
t;SUPP17
1    -82
2    -90
3    -138
4    -172
5    -134
6    -127
7    -85
8    -110
9    -81
10    -100
11    -108
12    -166
13    -131
14    -107
15    -92
16    -116
17    7175
18    -97
19    -115
20    -154
21    -112
22    -96
23    -94
24    -120
25    -109
26    -77
27    -125
28    -161
29    -137
30    -105
31    -93
32    -122
33    -96
34    -77
35    -119
36    -158
37    -146
38    -108
39    -88
40    -131
41    -88
42    -99
43    -125
44    -199
45    -129
46    -113
47    -88
48    -115
49    -90
50    -78
51    -112
52    -155
53    -138
54    -114
55    -94
56    -127
57    -117
58    -84
59    -92
60    -124
61    -108
62    -89
63    -73
64    -145
t;SUPP18
1    -83
2    -79
3    -138
4    -180
5    -144
6    -112
7    -101
8    -116
9    -91
10    -86
11    -134
12    -155
13    -129
14    -110
15    -93
16    -102
17    -88
18    7256
19    -120
20    -137
21    -127
22    -115
23    -88
24    -134
25    -85
26    -86
27    -129
28    -156
29    -140
30    -114
31    -84
32    -123
33    -97
34    -87
35    -123
36    -162
37    -133
38    -102
39    -82
40    -118
41    -104
42    -86
43    -129
44    -180
45    -145
46    -114
47    -95
48    -136
49    -93
50    -86
51    -123
52    -161
53    -163
54    -115
55    -99
56    -117
57    -92
58    -88
59    -105
60    -115
61    -104
62    -86
63    -90
64    -147
t;SUPP19
1    -83
2    -93
3    -103
4    -183
5    -160
6    -110
7    -83
8    -88
9    -84
10    -90
11    -126
12    -161
13    -132
14    -109
15    -78
16    -131
17    -92
18    -80
19    7069
20    -150
21    -140
22    -100
23    -82
24    -116
25    -95
26    -94
27    -129
28    -156
29    -127
30    -99
31    -75
32    -118
33    -112
34    -76
35    -124
36    -172
37    -128
38    -96
39    -86
40    -139
41    -82
42    -85
43    -127
44    -160
45    -133
46    -110
47    -74
48    -130
49    -81
50    -91
51    -118
52    -164
53    -140
54    -111
55    -94
56    -133
57    -122
58    -88
59    -114
60    -115
61    -108
62    -100
63    -67
64    -122
t;SUPP20
1    -72
2    -100
3    -140
4    -172
5    -147
6    -136
7    -87
8    -97
9    -82
10    -85
11    -111
12    -143
13    -115
14    -90
15    -89
16    -144
17    -86
18    -91
19    -103
20    7158
21    -134
22    -108
23    -76
24    -125
25    -80
26    -86
27    -114
28    -187
29    -156
30    -114
31    -93
32    -115
33    -97
34    -92
35    -122
36    -175
37    -137
38    -122
39    -95
40    -111
41    -87
42    -93
43    -134
44    -146
45    -132
46    -113
47    -100
48    -127
49    -84
50    -89
51    -130
52    -168
53    -124
54    -115
55    -93
56    -126
57    -94
58    -86
59    -119
60    -117
61    -133
62    -98
63    -88
64    -133
t;SUPP21
1    -81
2    -80
3    -150
4    -171
5    -145
6    -137
7    -100
8    -106
9    -75
10    -78
11    -104
12    -146
13    -122
14    -97
15    -87
16    -115
17    -82
18    -88
19    -87
20    -174
21    7064
22    -105
23    -74
24    -138
25    -100
26    -70
27    -125
28    -172
29    -146
30    -89
31    -87
32    -128
33    -98
34    -83
35    -135
36    -175
37    -126
38    -111
39    -95
40    -117
41    -87
42    -91
43    -112
44    -150
45    -131
46    -98
47    -74
48    -114
49    -93
50    -102
51    -114
52    -186
53    -141
54    -128
55    -79
56    -125
57    -92
58    -94
59    -100
60    -117
61    -127
62    -88
63    -76
64    -146
t;SUPP22
1    -79
2    -76
3    -119
4    -171
5    -162
6    -115
7    -98
8    -108
9    -84
10    -93
11    -128
12    -150
13    -143
14    -109
15    -82
16    -118
17    -74
18    -89
19    -118
20    -153
21    -139
22    7151
23    -87
24    -117
25    -99
26    -84
27    -122
28    -156
29    -132
30    -110
31    -104
32    -90
33    -103
34    -96
35    -129
36    -147
37    -152
38    -114
39    -81
40    -122
41    -102
42    -93
43    -128
44    -184
45    -138
46    -98
47    -82
48    -122
49    -87
50    -73
51    -125
52    -162
53    -122
54    -108
55    -97
56    -115
57    -126
58    -84
59    -113
60    -139
61    -100
62    -87
63    -81
64    -132
t;SUPP23
1    -70
2    -90
3    -147
4    -179
5    -151
6    -131
7    -85
8    -121
9    -87
10    -92
11    -143
12    -163
13    -109
14    -124
15    -97
16    -139
17    -85
18    -77
19    -120
20    -138
21    -151
22    -103
23    7233
24    -116
25    -91
26    -93
27    -134
28    -175
29    -142
30    -104
31    -72
32    -132
33    -72
34    -96
35    -126
36    -172
37    -148
38    -118
39    -87
40    -101
41    -89
42    -85
43    -127
44    -173
45    -124
46    -114
47    -73
48    -118
49    -84
50    -79
51    -109
52    -153
53    -144
54    -116
55    -90
56    -132
57    -114
58    -91
59    -98
60    -109
61    -133
62    -89
63    -74
64    -134
t;SUPP24
1    -71
2    -84
3    -132
4    -144
5    -173
6    -116
7    -99
8    -130
9    -96
10    -77
11    -122
12    -166
13    -130
14    -117
15    -94
16    -119
17    -85
18    -80
19    -115
20    -166
21    -126
22    -100
23    -78
24    7247
25    -80
26    -81
27    -123
28    -198
29    -137
30    -115
31    -88
32    -145
33    -90
34    -78
35    -114
36    -191
37    -131
38    -113
39    -92
40    -126
41    -89
42    -89
43    -117
44    -177
45    -148
46    -103
47    -88
48    -141
49    -81
50    -98
51    -123
52    -170
53    -133
54    -109
55    -90
56    -133
57    -124
58    -89
59    -84
60    -118
61    -109
62    -90
63    -84
64    -138
t;SUPP25
1    -83
2    -75
3    -161
4    -181
5    -154
6    -101
7    -112
8    -93
9    -97
10    -88
11    -135
12    -145
13    -130
14    -100
15    -73
16    -129
17    -91
18    -82
19    -130
20    -154
21    -132
22    -103
23    -78
24    -105
25    7226
26    -80
27    -119
28    -137
29    -149
30    -93
31    -79
32    -132
33    -92
34    -87
35    -147
36    -199
37    -160
38    -116
39    -67
40    -127
41    -105
42    -102
43    -127
44    -167
45    -129
46    -113
47    -72
48    -131
49    -87
50    -101
51    -119
52    -170
53    -146
54    -103
55    -90
56    -131
57    -107
58    -80
59    -113
60    -112
61    -105
62    -88
63    -85
64    -127
t;SUPP26
1    -70
2    -79
3    -130
4    -168
5    -179
6    -120
7    -81
8    -100
9    -92
10    -90
11    -149
12    -148
13    -138
14    -111
15    -88
16    -144
17    -86
18    -88
19    -98
20    -155
21    -142
22    -89
23    -80
24    -107
25    -89
26    7118
27    -120
28    -135
29    -125
30    -96
31    -97
32    -131
33    -104
34    -98
35    -124
36    -145
37    -117
38    -130
39    -91
40    -122
41    -99
42    -100
43    -117
44    -174
45    -155
46    -102
47    -81
48    -140
49    -94
50    -94
51    -126
52    -154
53    -132
54    -99
55    -76
56    -124
57    -82
58    -79
59    -100
60    -123
61    -108
62    -95
63    -75
64    -133
t;SUPP27
1    -76
2    -81
3    -137
4    -178
5    -143
6    -118
7    -85
8    -115
9    -93
10    -102
11    -137
12    -190
13    -142
14    -99
15    -93
16    -119
17    -83
18    -87
19    -115
20    -144
21    -115
22    -95
23    -97
24    -117
25    -94
26    -98
27    7249
28    -156
29    -124
30    -123
31    -113
32    -138
33    -98
34    -88
35    -130
36    -152
37    -139
38    -110
39    -94
40    -124
41    -89
42    -105
43    -124
44    -174
45    -151
46    -106
47    -93
48    -136
49    -87
50    -92
51    -114
52    -141
53    -119
54    -103
55    -85
56    -124
57    -117
58    -73
59    -98
60    -129
61    -121
62    -93
63    -74
64    -159
t;SUPP28
1    -73
2    -93
3    -144
4    -177
5    -147
6    -121
7    -92
8    -94
9    -89
10    -99
11    -118
12    -150
13    -124
14    -125
15    -86
16    -130
17    -88
18    -87
19    -122
20    -137
21    -144
22    -118
23    -81
24    -111
25    -90
26    -87
27    -122
28    7169
29    -138
30    -107
31    -90
32    -127
33    -81
34    -80
35    -127
36    -166
37    -118
38    -121
39    -100
40    -140
41    -101
42    -76
43    -138
44    -164
45    -145
46    -102
47    -84
48    -150
49    -88
50    -83
51    -131
52    -160
53    -121
54    -122
55    -98
56    -113
57    -108
58    -80
59    -137
60    -117
61    -117
62    -89
63    -74
64    -127
t;SUPP29
1    -77
2    -73
3    -137
4    -160
5    -150
6    -124
7    -78
8    -92
9    -87
10    -93
11    -143
12    -149
13    -151
14    -90
15    -89
16    -139
17    -83
18    -70
19    -127
20    -164
21    -128
22    -103
23    -75
24    -134
25    -90
26    -79
27    -124
28    -153
29    7130
30    -116
31    -84
32    -130
33    -79
34    -101
35    -123
36    -185
37    -137
38    -86
39    -102
40    -114
41    -79
42    -90
43    -136
44    -155
45    -133
46    -100
47    -90
48    -150
49    -84
50    -88
51    -119
52    -186
53    -117
54    -85
55    -94
56    -123
57    -121
58    -89
59    -104
60    -132
61    -116
62    -96
63    -80
64    -144
t;SUPP30
1    -68
2    -96
3    -136
4    -181
5    -146
6    -107
7    -84
8    -99
9    -92
10    -87
11    -113
12    -169
13    -163
14    -119
15    -89
16    -155
17    -83
18    -83
19    -105
20    -133
21    -163
22    -90
23    -89
24    -120
25    -88
26    -71
27    -114
28    -165
29    -128
30    7185
31    -92
32    -118
33    -91
34    -90
35    -140
36    -145
37    -163
38    -96
39    -108
40    -141
41    -83
42    -94
43    -155
44    -163
45    -146
46    -92
47    -87
48    -116
49    -100
50    -88
51    -110
52    -140
53    -139
54    -106
55    -86
56    -99
57    -113
58    -89
59    -98
60    -127
61    -118
62    -99
63    -83
64    -134
t;SUPP31
1    -65
2    -87
3    -109
4    -185
5    -176
6    -120
7    -86
8    -83
9    -101
10    -69
11    -112
12    -171
13    -133
14    -122
15    -79
16    -128
17    -76
18    -90
19    -105
20    -134
21    -118
22    -107
23    -84
24    -129
25    -74
26    -91
27    -122
28    -160
29    -130
30    -113
31    7156
32    -135
33    -87
34    -85
35    -128
36    -173
37    -149
38    -111
39    -93
40    -140
41    -95
42    -92
43    -116
44    -143
45    -157
46    -116
47    -86
48    -128
49    -88
50    -94
51    -115
52    -172
53    -133
54    -112
55    -87
56    -136
57    -108
58    -88
59    -97
60    -123
61    -101
62    -89
63    -70
64    -150
t;SUPP32
1    -84
2    -94
3    -111
4    -194
5    -154
6    -124
7    -92
8    -110
9    -75
10    -80
11    -138
12    -156
13    -132
14    -121
15    -75
16    -152
17    -103
18    -85
19    -113
20    -127
21    -145
22    -96
23    -73
24    -121
25    -85
26    -93
27    -124
28    -164
29    -163
30    -114
31    -90
32    7207
33    -91
34    -79
35    -124
36    -131
37    -153
38    -110
39    -81
40    -129
41    -88
42    -89
43    -124
44    -160
45    -105
46    -107
47    -83
48    -108
49    -95
50    -97
51    -122
52    -172
53    -133
54    -127
55    -97
56    -139
57    -116
58    -80
59    -120
60    -120
61    -119
62    -92
63    -77
64    -151
t;SUPP33
1    -69
2    -84
3    -117
4    -166
5    -148
6    -100
7    -79
8    -110
9    -97
10    -85
11    -121
12    -155
13    -123
14    -103
15    -87
16    -143
17    -91
18    -91
19    -112
20    -137
21    -133
22    -103
23    -92
24    -133
25    -70
26    -94
27    -131
28    -148
29    -150
30    -101
31    -94
32    -132
33    7188
34    -103
35    -134
36    -147
37    -133
38    -98
39    -99
40    -162
41    -92
42    -79
43    -119
44    -174
45    -149
46    -112
47    -87
48    -136
49    -89
50    -106
51    -112
52    -156
53    -122
54    -106
55    -89
56    -120
57    -112
58    -103
59    -97
60    -126
61    -101
62    -86
63    -89
64    -151
t;SUPP34
1    -61
2    -75
3    -159
4    -163
5    -179
6    -121
7    -86
8    -96
9    -101
10    -79
11    -138
12    -167
13    -129
14    -115
15    -89
16    -114
17    -91
18    -77
19    -93
20    -124
21    -118
22    -91
23    -109
24    -135
25    -74
26    -92
27    -135
28    -145
29    -152
30    -128
31    -85
32    -132
33    -90
34    7298
35    -140
36    -183
37    -153
38    -116
39    -95
40    -125
41    -89
42    -88
43    -138
44    -162
45    -129
46    -97
47    -77
48    -131
49    -82
50    -101
51    -122
52    -173
53    -154
54    -121
55    -76
56    -132
57    -100
58    -84
59    -92
60    -132
61    -114
62    -105
63    -89
64    -155
t;SUPP35
1    -79
2    -81
3    -138
4    -194
5    -181
6    -126
7    -90
8    -108
9    -78
10    -86
11    -148
12    -134
13    -129
14    -93
15    -90
16    -116
17    -87
18    -80
19    -126
20    -143
21    -139
22    -123
23    -88
24    -153
25    -94
26    -84
27    -124
28    -158
29    -149
30    -113
31    -97
32    -125
33    -83
34    -94
35    7312
36    -166
37    -153
38    -124
39    -84
40    -152
41    -88
42    -70
43    -134
44    -147
45    -140
46    -114
47    -96
48    -148
49    -82
50    -88
51    -131
52    -148
53    -134
54    -112
55    -83
56    -141
57    -114
58    -88
59    -94
60    -113
61    -124
62    -91
63    -77
64    -145
t;SUPP36
1    -66
2    -84
3    -156
4    -175
5    -163
6    -113
7    -83
8    -103
9    -93
10    -89
11    -125
12    -156
13    -147
14    -116
15    -81
16    -120
17    -88
18    -83
19    -114
20    -152
21    -132
22    -96
23    -81
24    -136
25    -108
26    -75
27    -114
28    -156
29    -126
30    -103
31    -82
32    -146
33    -92
34    -108
35    -118
36    7186
37    -171
38    -113
39    -86
40    -111
41    -81
42    -97
43    -124
44    -167
45    -156
46    -99
47    -93
48    -118
49    -71
50    -105
51    -112
52    -150
53    -168
54    -134
55    -83
56    -132
57    -102
58    -83
59    -99
60    -128
61    -112
62    -96
63    -80
64    -135
t;SUPP37
1    -75
2    -84
3    -141
4    -174
5    -158
6    -120
7    -83
8    -128
9    -92
10    -76
11    -133
12    -155
13    -146
14    -109
15    -89
16    -135
17    -68
18    -93
19    -116
20    -190
21    -151
22    -114
23    -76
24    -103
25    -66
26    -83
27    -141
28    -159
29    -131
30    -102
31    -85
32    -118
33    -95
34    -87
35    -108
36    -179
37    7197
38    -101
39    -84
40    -130
41    -87
42    -98
43    -129
44    -136
45    -152
46    -116
47    -84
48    -116
49    -104
50    -82
51    -124
52    -154
53    -148
54    -120
55    -100
56    -128
57    -101
58    -97
59    -106
60    -124
61    -116
62    -87
63    -78
64    -132
t;SUPP38
1    -77
2    -86
3    -120
4    -178
5    -166
6    -104
7    -86
8    -112
9    -89
10    -82
11    -119
12    -134
13    -123
14    -105
15    -85
16    -114
17    -82
18    -68
19    -126
20    -162
21    -128
22    -117
23    -93
24    -118
25    -70
26    -100
27    -115
28    -146
29    -121
30    -107
31    -90
32    -123
33    -89
34    -85
35    -128
36    -158
37    -131
38    7107
39    -97
40    -132
41    -92
42    -83
43    -100
44    -151
45    -147
46    -105
47    -91
48    -136
49    -94
50    -95
51    -121
52    -172
53    -115
54    -122
55    -96
56    -127
57    -118
58    -84
59    -121
60    -129
61    -120
62    -89
63    -78
64    -155
t;SUPP39
1    -86
2    -99
3    -144
4    -156
5    -152
6    -128
7    -97
8    -103
9    -89
10    -94
11    -118
12    -171
13    -148
14    -92
15    -99
16    -128
17    -94
18    -90
19    -132
20    -129
21    -139
22    -113
23    -83
24    -110
25    -81
26    -93
27    -130
28    -147
29    -128
30    -89
31    -100
32    -102
33    -99
34    -107
35    -120
36    -171
37    -160
38    -115
39    7290
40    -130
41    -103
42    -84
43    -124
44    -130
45    -141
46    -100
47    -72
48    -152
49    -99
50    -88
51    -132
52    -149
53    -148
54    -112
55    -85
56    -114
57    -131
58    -104
59    -108
60    -114
61    -110
62    -90
63    -87
64    -147
t;SUPP40
1    -73
2    -75
3    -140
4    -160
5    -142
6    -108
7    -97
8    -82
9    -80
10    -95
11    -112
12    -155
13    -144
14    -117
15    -80
16    -132
17    -92
18    -92
19    -116
20    -155
21    -124
22    -110
23    -87
24    -104
25    -84
26    -84
27    -112
28    -185
29    -158
30    -104
31    -100
32    -125
33    -96
34    -103
35    -134
36    -163
37    -153
38    -123
39    -87
40    7262
41    -100
42    -95
43    -132
44    -177
45    -171
46    -94
47    -86
48    -128
49    -92
50    -77
51    -125
52    -160
53    -139
54    -115
55    -84
56    -130
57    -111
58    -101
59    -111
60    -124
61    -116
62    -89
63    -73
64    -149
t;SUPP41
1    -69
2    -92
3    -133
4    -166
5    -156
6    -114
7    -78
8    -101
9    -87
10    -85
11    -128
12    -152
13    -165
14    -116
15    -87
16    -160
17    -95
18    -83
19    -105
20    -151
21    -144
22    -103
23    -83
24    -135
25    -87
26    -103
27    -126
28    -139
29    -141
30    -101
31    -81
32    -123
33    -68
34    -91
35    -148
36    -150
37    -139
38    -118
39    -86
40    -128
41    7200
42    -101
43    -128
44    -165
45    -153
46    -92
47    -99
48    -123
49    -87
50    -69
51    -115
52    -155
53    -134
54    -106
55    -91
56    -130
57    -112
58    -90
59    -103
60    -113
61    -101
62    -96
63    -76
64    -144
t;SUPP42
1    -68
2    -91
3    -130
4    -180
5    -155
6    -108
7    -74
8    -115
9    -99
10    -97
11    -122
12    -141
13    -129
14    -104
15    -76
16    -101
17    -87
18    -97
19    -109
20    -146
21    -126
22    -91
23    -114
24    -106
25    -77
26    -76
27    -129
28    -173
29    -137
30    -106
31    -83
32    -136
33    -79
34    -87
35    -153
36    -178
37    -126
38    -123
39    -80
40    -138
41    -111
42    7268
43    -131
44    -144
45    -138
46    -128
47    -106
48    -115
49    -82
50    -91
51    -122
52    -161
53    -176
54    -106
55    -87
56    -140
57    -107
58    -97
59    -104
60    -111
61    -117
62    -95
63    -83
64    -169
t;SUPP43
1    -80
2    -86
3    -142
4    -166
5    -147
6    -124
7    -97
8    -112
9    -79
10    -90
11    -116
12    -152
13    -141
14    -95
15    -79
16    -135
17    -90
18    -80
19    -121
20    -150
21    -158
22    -120
23    -94
24    -122
25    -75
26    -109
27    -125
28    -164
29    -147
30    -140
31    -94
32    -96
33    -79
34    -98
35    -122
36    -149
37    -167
38    -107
39    -86
40    -128
41    -93
42    -96
43    7248
44    -154
45    -141
46    -116
47    -85
48    -133
49    -96
50    -87
51    -131
52    -175
53    -144
54    -100
55    -74
56    -128
57    -88
58    -99
59    -97
60    -121
61    -114
62    -92
63    -87
64    -135
t;SUPP44
1    -72
2    -103
3    -150
4    -175
5    -151
6    -140
7    -87
8    -108
9    -112
10    -94
11    -107
12    -164
13    -160
14    -105
15    -84
16    -138
17    -92
18    -86
19    -112
20    -156
21    -149
22    -97
23    -100
24    -128
25    -76
26    -88
27    -118
28    -146
29    -130
30    -107
31    -92
32    -130
33    -88
34    -97
35    -115
36    -183
37    -163
38    -95
39    -104
40    -116
41    -92
42    -79
43    -124
44    7366
45    -153
46    -102
47    -74
48    -122
49    -81
50    -99
51    -124
52    -170
53    -132
54    -115
55    -100
56    -136
57    -129
58    -94
59    -134
60    -130
61    -112
62    -110
63    -88
64    -148
t;SUPP45
1    -69
2    -80
3    -122
4    -157
5    -166
6    -118
7    -95
8    -103
9    -90
10    -95
11    -111
12    -175
13    -158
14    -122
15    -78
16    -112
17    -92
18    -91
19    -127
20    -141
21    -124
22    -104
23    -86
24    -134
25    -81
26    -63
27    -127
28    -155
29    -142
30    -99
31    -77
32    -134
33    -86
34    -84
35    -142
36    -178
37    -132
38    -118
39    -79
40    -131
41    -94
42    -90
43    -140
44    -167
45    7238
46    -116
47    -100
48    -127
49    -88
50    -82
51    -129
52    -184
53    -145
54    -97
55    -98
56    -131
57    -110
58    -92
59    -116
60    -124
61    -112
62    -100
63    -73
64    -145
t;SUPP46
1    -74
2    -90
3    -131
4    -186
5    -162
6    -108
7    -91
8    -101
9    -82
10    -73
11    -132
12    -178
13    -133
14    -114
15    -102
16    -120
17    -58
18    -90
19    -108
20    -133
21    -132
22    -111
23    -98
24    -122
25    -91
26    -81
27    -124
28    -180
29    -141
30    -107
31    -78
32    -128
33    -89
34    -84
35    -134
36    -157
37    -145
38    -116
39    -75
40    -119
41    -78
42    -75
43    -126
44    -168
45    -167
46    7237
47    -86
48    -131
49    -104
50    -85
51    -106
52    -158
53    -142
54    -97
55    -95
56    -149
57    -115
58    -73
59    -114
60    -125
61    -127
62    -99
63    -78
64    -161
t;SUPP47
1    -75
2    -90
3    -133
4    -159
5    -170
6    -104
7    -92
8    -111
9    -90
10    -82
11    -137
12    -164
13    -141
14    -87
15    -83
16    -125
17    -109
18    -81
19    -112
20    -158
21    -132
22    -99
23    -92
24    -109
25    -81
26    -99
27    -111
28    -146
29    -124
30    -109
31    -108
32    -115
33    -95
34    -100
35    -117
36    -157
37    -149
38    -93
39    -82
40    -124
41    -90
42    -93
43    -121
44    -176
45    -155
46    -137
47    7181
48    -137
49    -84
50    -77
51    -129
52    -156
53    -109
54    -94
55    -81
56    -116
57    -125
58    -96
59    -103
60    -112
61    -109
62    -103
63    -95
64    -138
t;SUPP48
1    -72
2    -95
3    -121
4    -201
5    -158
6    -117
7    -84
8    -108
9    -76
10    -83
11    -128
12    -155
13    -122
14    -129
15    -83
16    -112
17    -89
18    -94
19    -120
20    -149
21    -116
22    -99
23    -81
24    -105
25    -83
26    -95
27    -114
28    -177
29    -136
30    -103
31    -85
32    -116
33    -87
34    -91
35    -139
36    -163
37    -152
38    -110
39    -110
40    -142
41    -97
42    -91
43    -135
44    -171
45    -132
46    -98
47    -78
48    7227
49    -76
50    -93
51    -131
52    -168
53    -147
54    -111
55    -91
56    -125
57    -120
58    -76
59    -113
60    -121
61    -130
62    -103
63    -69
64    -151
t;SUPP49
1    -79
2    -86
3    -127
4    -159
5    -161
6    -96
7    -90
8    -99
9    -81
10    -79
11    -121
12    -162
13    -139
14    -107
15    -83
16    -120
17    -92
18    -87
19    -127
20    -156
21    -125
22    -87
23    -91
24    -122
25    -74
26    -84
27    -113
28    -180
29    -127
30    -116
31    -104
32    -117
33    -90
34    -95
35    -115
36    -154
37    -125
38    -131
39    -102
40    -121
41    -87
42    -91
43    -126
44    -202
45    -160
46    -102
47    -92
48    -138
49    7232
50    -88
51    -123
52    -158
53    -135
54    -129
55    -79
56    -132
57    -126
58    -75
59    -111
60    -147
61    -88
62    -105
63    -74
64    -140
t;SUPP50
1    -70
2    -82
3    -141
4    -181
5    -141
6    -110
7    -90
8    -123
9    -86
10    -87
11    -133
12    -155
13    -138
14    -119
15    -78
16    -111
17    -78
18    -105
19    -117
20    -148
21    -131
22    -109
23    -87
24    -129
25    -77
26    -105
27    -123
28    -138
29    -155
30    -112
31    -93
32    -121
33    -82
34    -77
35    -158
36    -201
37    -145
38    -108
39    -76
40    -138
41    -92
42    -96
43    -120
44    -148
45    -160
46    -118
47    -81
48    -142
49    -90
50    7360
51    -136
52    -174
53    -132
54    -126
55    -98
56    -129
57    -108
58    -85
59    -97
60    -136
61    -125
62    -91
63    -82
64    -136
t;SUPP51
1    -73
2    -88
3    -134
4    -171
5    -166
6    -122
7    -85
8    -100
9    -94
10    -84
11    -95
12    -187
13    -128
14    -98
15    -72
16    -126
17    -75
18    -89
19    -104
20    -147
21    -126
22    -96
23    -87
24    -132
25    -75
26    -76
27    -111
28    -178
29    -148
30    -109
31    -80
32    -120
33    -87
34    -102
35    -132
36    -161
37    -143
38    -101
39    -93
40    -132
41    -86
42    -91
43    -126
44    -171
45    -132
46    -114
47    -79
48    -134
49    -96
50    -99
51    7093
52    -146
53    -120
54    -118
55    -92
56    -126
57    -104
58    -84
59    -111
60    -118
61    -106
62    -102
63    -74
64    -137
t;SUPP52
1    -75
2    -86
3    -143
4    -146
5    -137
6    -116
7    -97
8    -99
9    -94
10    -112
11    -102
12    -157
13    -131
14    -108
15    -79
16    -126
17    -84
18    -89
19    -146
20    -155
21    -143
22    -103
23    -80
24    -118
25    -79
26    -85
27    -101
28    -160
29    -143
30    -96
31    -82
32    -139
33    -88
34    -75
35    -108
36    -164
37    -130
38    -124
39    -92
40    -120
41    -99
42    -79
43    -116
44    -136
45    -120
46    -120
47    -89
48    -125
49    -76
50    -80
51    -119
52    7009
53    -142
54    -89
55    -86
56    -113
57    -113
58    -93
59    -128
60    -132
61    -120
62    -82
63    -94
64    -146
t;SUPP53
1    -77
2    -61
3    -133
4    -159
5    -154
6    -99
7    -86
8    -115
9    -103
10    -100
11    -128
12    -149
13    -154
14    -106
15    -77
16    -115
17    -102
18    -87
19    -102
20    -148
21    -136
22    -122
23    -79
24    -126
25    -96
26    -107
27    -117
28    -150
29    -156
30    -109
31    -93
32    -130
33    -74
34    -90
35    -140
36    -171
37    -135
38    -107
39    -90
40    -139
41    -86
42    -92
43    -131
44    -175
45    -149
46    -110
47    -85
48    -124
49    -93
50    -89
51    -132
52    -193
53    7326
54    -111
55    -86
56    -129
57    -133
58    -88
59    -122
60    -91
61    -117
62    -103
63    -83
64    -182
t;SUPP54
1    -73
2    -84
3    -132
4    -171
5    -172
6    -108
7    -92
8    -87
9    -84
10    -94
11    -116
12    -149
13    -153
14    -84
15    -89
16    -111
17    -90
18    -85
19    -103
20    -147
21    -142
22    -89
23    -101
24    -116
25    -80
26    -86
27    -131
28    -180
29    -124
30    -95
31    -89
32    -105
33    -77
34    -84
35    -127
36    -167
37    -144
38    -120
39    -102
40    -118
41    -93
42    -90
43    -139
44    -186
45    -140
46    -118
47    -96
48    -142
49    -83
50    -74
51    -130
52    -161
53    -144
54    7133
55    -95
56    -123
57    -119
58    -74
59    -85
60    -115
61    -113
62    -92
63    -87
64    -133
t;SUPP55
1    -80
2    -91
3    -129
4    -185
5    -152
6    -101
7    -94
8    -113
9    -86
10    -110
11    -127
12    -164
13    -142
14    -103
15    -93
16    -122
17    -82
18    -84
19    -117
20    -171
21    -161
22    -104
23    -92
24    -125
25    -83
26    -84
27    -130
28    -183
29    -129
30    -117
31    -95
32    -122
33    -79
34    -99
35    -109
36    -159
37    -137
38    -122
39    -100
40    -131
41    -87
42    -98
43    -118
44    -202
45    -155
46    -105
47    -102
48    -144
49    -76
50    -133
51    -109
52    -166
53    -125
54    -122
55    7464
56    -133
57    -107
58    -85
59    -118
60    -137
61    -116
62    -99
63    -81
64    -139
t;SUPP56
1    -71
2    -93
3    -124
4    -200
5    -159
6    -114
7    -91
8    -112
9    -104
10    -84
11    -129
12    -164
13    -129
14    -104
15    -80
16    -136
17    -82
18    -86
19    -111
20    -161
21    -146
22    -99
23    -102
24    -122
25    -97
26    -95
27    -136
28    -148
29    -126
30    -122
31    -85
32    -124
33    -96
34    -83
35    -123
36    -175
37    -146
38    -103
39    -87
40    -126
41    -94
42    -81
43    -124
44    -184
45    -145
46    -110
47    -97
48    -140
49    -88
50    -87
51    -125
52    -170
53    -140
54    -96
55    -98
56    7311
57    -94
58    -95
59    -117
60    -122
61    -125
62    -88
63    -81
64    -135
t;SUPP57
1    -67
2    -92
3    -121
4    -164
5    -157
6    -97
7    -100
8    -92
9    -98
10    -80
11    -148
12    -140
13    -146
14    -89
15    -95
16    -129
17    -97
18    -86
19    -110
20    -162
21    -127
22    -117
23    -84
24    -112
25    -78
26    -81
27    -107
28    -135
29    -114
30    -120
31    -80
32    -138
33    -98
34    -90
35    -126
36    -162
37    -144
38    -110
39    -76
40    -128
41    -99
42    -89
43    -120
44    -156
45    -165
46    -123
47    -73
48    -106
49    -94
50    -98
51    -109
52    -154
53    -152
54    -111
55    -76
56    -140
57    7116
58    -82
59    -116
60    -165
61    -99
62    -74
63    -89
64    -129
t;SUPP58
1    -57
2    -93
3    -161
4    -185
5    -143
6    -114
7    -84
8    -110
9    -97
10    -94
11    -118
12    -148
13    -127
14    -84
15    -80
16    -124
17    -88
18    -92
19    -127
20    -164
21    -148
22    -104
23    -79
24    -121
25    -81
26    -79
27    -121
28    -155
29    -115
30    -98
31    -84
32    -115
33    -90
34    -84
35    -114
36    -169
37    -159
38    -101
39    -86
40    -124
41    -92
42    -101
43    -119
44    -157
45    -146
46    -97
47    -84
48    -121
49    -94
50    -106
51    -151
52    -154
53    -156
54    -111
55    -81
56    -115
57    -115
58    7158
59    -111
60    -120
61    -116
62    -76
63    -81
64    -137
t;SUPP59
1    -67
2    -77
3    -142
4    -164
5    -156
6    -98
7    -82
8    -110
9    -76
10    -98
11    -140
12    -148
13    -115
14    -113
15    -85
16    -113
17    -81
18    -92
19    -115
20    -168
21    -113
22    -103
23    -98
24    -127
25    -92
26    -93
27    -118
28    -148
29    -132
30    -122
31    -90
32    -126
33    -100
34    -93
35    -152
36    -173
37    -136
38    -113
39    -107
40    -130
41    -95
42    -94
43    -123
44    -215
45    -126
46    -121
47    -65
48    -128
49    -102
50    -78
51    -112
52    -155
53    -132
54    -116
55    -92
56    -131
57    -103
58    -92
59    7242
60    -122
61    -137
62    -99
63    -77
64    -121
t;SUPP60
1    -79
2    -90
3    -153
4    -174
5    -147
6    -104
7    -99
8    -121
9    -87
10    -101
11    -130
12    -161
13    -148
14    -106
15    -91
16    -121
17    -86
18    -92
19    -107
20    -144
21    -144
22    -107
23    -97
24    -119
25    -105
26    -102
27    -108
28    -140
29    -128
30    -108
31    -93
32    -127
33    -114
34    -81
35    -119
36    -173
37    -144
38    -104
39    -95
40    -142
41    -74
42    -92
43    -117
44    -174
45    -132
46    -109
47    -79
48    -109
49    -106
50    -93
51    -128
52    -142
53    -148
54    -140
55    -95
56    -135
57    -117
58    -82
59    -100
60    7295
61    -107
62    -84
63    -92
64    -149
t;SUPP61
1    -76
2    -84
3    -136
4    -187
5    -178
6    -114
7    -74
8    -105
9    -104
10    -92
11    -125
12    -153
13    -131
14    -114
15    -87
16    -120
17    -103
18    -75
19    -104
20    -153
21    -137
22    -110
23    -77
24    -132
25    -93
26    -74
27    -129
28    -155
29    -148
30    -104
31    -79
32    -122
33    -87
34    -80
35    -147
36    -170
37    -140
38    -99
39    -77
40    -134
41    -88
42    -86
43    -118
44    -171
45    -150
46    -98
47    -75
48    -132
49    -92
50    -84
51    -122
52    -122
53    -143
54    -115
55    -81
56    -140
57    -107
58    -83
59    -111
60    -136
61    7182
62    -91
63    -76
64    -152
t;SUPP62
1    -66
2    -95
3    -135
4    -173
5    -161
6    -124
7    -92
8    -92
9    -92
10    -83
11    -112
12    -174
13    -135
14    -110
15    -93
16    -124
17    -86
18    -76
19    -115
20    -139
21    -137
22    -99
23    -90
24    -108
25    -88
26    -84
27    -128
28    -157
29    -128
30    -96
31    -94
32    -127
33    -93
34    -88
35    -121
36    -156
37    -149
38    -118
39    -87
40    -143
41    -79
42    -94
43    -133
44    -170
45    -160
46    -104
47    -92
48    -111
49    -82
50    -82
51    -116
52    -135
53    -118
54    -109
55    -103
56    -152
57    -107
58    -100
59    -109
60    -124
61    -123
62    7212
63    -92
64    -149
t;SUPP63
1    -72
2    -75
3    -125
4    -172
5    -141
6    -132
7    -82
8    -111
9    -94
10    -75
11    -118
12    -174
13    -145
14    -119
15    -93
16    -112
17    -80
18    -91
19    -128
20    -164
21    -143
22    -79
23    -98
24    -123
25    -83
26    -76
27    -115
28    -157
29    -143
30    -103
31    -102
32    -108
33    -90
34    -90
35    -124
36    -173
37    -143
38    -115
39    -82
40    -129
41    -95
42    -103
43    -111
44    -167
45    -122
46    -120
47    -83
48    -124
49    -86
50    -74
51    -123
52    -146
53    -148
54    -100
55    -97
56    -131
57    -109
58    -84
59    -100
60    -129
61    -110
62    -97
63    7176
64    -138
t;SUPP64
1    -92
2    -80
3    -129
4    -183
5    -159
6    -99
7    -94
8    -119
9    -86
10    -91
11    -135
12    -148
13    -129
14    -98
15    -86
16    -134
17    -82
18    -86
19    -125
20    -153
21    -106
22    -116
23    -85
24    -111
25    -84
26    -98
27    -118
28    -135
29    -143
30    -99
31    -100
32    -124
33    -97
34    -64
35    -149
36    -171
37    -163
38    -108
39    -82
40    -132
41    -82
42    -90
43    -142
44    -145
45    -145
46    -90
47    -90
48    -112
49    -80
50    -92
51    -135
52    -168
53    -131
54    -128
55    -73
56    -125
57    -115
58    -81
59    -100
60    -127
61    -115
62    -86
63    -85
64    7130
t;
